"","date","total_cases_scc","new_cases_scc","new_cases_smc","total_cases_smc","new_cases","total_cases","new_cases_mov7"
"1",2020-01-27,1,1,0,0,1,1,1
"2",2020-01-28,2,1,0,0,1,2,1
"3",2020-01-29,3,1,0,0,1,3,1
"4",2020-01-30,4,1,0,0,1,4,1
"5",2020-01-31,6,2,0,0,2,6,1.2
"6",2020-02-01,6,0,0,0,0,6,1
"7",2020-02-02,6,0,0,0,0,6,0.857142857142857
"8",2020-02-03,6,0,0,0,0,6,0.714285714285714
"9",2020-02-04,6,0,0,0,0,6,0.571428571428571
"10",2020-02-05,6,0,0,0,0,6,0.428571428571429
"11",2020-02-06,6,0,0,0,0,6,0.285714285714286
"12",2020-02-07,6,0,0,0,0,6,0
"13",2020-02-08,6,0,0,0,0,6,0
"14",2020-02-09,6,0,0,0,0,6,0
"15",2020-02-10,6,0,0,0,0,6,0
"16",2020-02-11,6,0,0,0,0,6,0
"17",2020-02-12,6,0,0,0,0,6,0
"18",2020-02-13,6,0,0,0,0,6,0
"19",2020-02-14,6,0,0,0,0,6,0
"20",2020-02-15,6,0,0,0,0,6,0
"21",2020-02-16,6,0,0,0,0,6,0
"22",2020-02-17,7,1,0,0,1,7,0.142857142857143
"23",2020-02-18,7,0,0,0,0,7,0.142857142857143
"24",2020-02-19,7,0,0,0,0,7,0.142857142857143
"25",2020-02-20,8,1,22,22,23,30,3.42857142857143
"26",2020-02-21,8,0,2,24,2,32,3.71428571428571
"27",2020-02-22,8,0,0,24,0,32,3.71428571428571
"28",2020-02-23,8,0,2,26,2,34,4
"29",2020-02-24,8,0,3,29,3,37,4.28571428571429
"30",2020-02-25,8,0,4,33,4,41,4.85714285714286
"31",2020-02-26,10,2,1,34,3,44,5.28571428571429
"32",2020-02-27,10,0,2,36,2,46,2.28571428571429
"33",2020-02-28,12,2,4,40,6,52,2.85714285714286
"34",2020-02-29,16,4,5,45,9,61,4.14285714285714
"35",2020-03-01,16,0,8,53,8,69,5
"36",2020-03-02,21,5,8,61,13,82,6.42857142857143
"37",2020-03-03,23,2,9,70,11,93,7.42857142857143
"38",2020-03-04,28,5,7,77,12,105,8.71428571428571
"39",2020-03-05,35,7,4,81,11,116,10
"40",2020-03-06,45,10,14,95,24,140,12.5714285714286
"41",2020-03-07,53,8,8,103,16,156,13.5714285714286
"42",2020-03-08,57,4,10,113,14,170,14.4285714285714
"43",2020-03-09,74,17,14,127,31,201,17
"44",2020-03-10,89,15,13,140,28,229,19.4285714285714
"45",2020-03-11,115,26,14,154,40,269,23.4285714285714
"46",2020-03-12,138,23,16,170,39,308,27.4285714285714
"47",2020-03-13,186,48,33,203,81,389,35.5714285714286
"48",2020-03-14,229,43,19,222,62,451,42.1428571428571
"49",2020-03-15,261,32,25,247,57,508,48.2857142857143
"50",2020-03-16,298,37,33,280,70,578,53.8571428571429
"51",2020-03-17,349,51,36,316,87,665,62.2857142857143
"52",2020-03-18,391,42,26,342,68,733,66.2857142857143
"53",2020-03-19,434,43,21,363,64,797,69.8571428571429
"54",2020-03-20,497,63,33,396,96,893,72
"55",2020-03-21,533,36,30,426,66,959,72.5714285714286
"56",2020-03-22,575,42,37,463,79,1038,75.7142857142857
"57",2020-03-23,653,78,29,492,107,1145,81
"58",2020-03-24,723,70,38,530,108,1253,84
"59",2020-03-25,802,79,38,568,117,1370,91
"60",2020-03-26,875,73,37,605,110,1480,97.5714285714286
"61",2020-03-27,941,66,34,639,100,1580,98.1428571428571
"62",2020-03-28,981,40,27,666,67,1647,98.2857142857143
"63",2020-03-29,1006,25,19,685,44,1691,93.2857142857143
"64",2020-03-30,1080,74,25,710,99,1790,92.1428571428571
"65",2020-03-31,1132,52,24,734,76,1866,87.5714285714286
"66",2020-04-01,1182,50,18,752,68,1934,80.5714285714286
"67",2020-04-02,1234,52,18,770,70,2004,74.8571428571429
"68",2020-04-03,1277,43,20,790,63,2067,69.5714285714286
"69",2020-04-04,1309,32,16,806,48,2115,66.8571428571429
"70",2020-04-05,1351,42,12,818,54,2169,68.2857142857143
"71",2020-04-06,1404,53,21,839,74,2243,64.7142857142857
"72",2020-04-07,1445,41,20,859,61,2304,62.5714285714286
"73",2020-04-08,1515,70,19,878,89,2393,65.5714285714286
"74",2020-04-09,1583,68,13,891,81,2474,67.1428571428571
"75",2020-04-10,1664,81,16,907,97,2571,72
"76",2020-04-11,1705,41,15,922,56,2627,73.1428571428571
"77",2020-04-12,1729,24,11,933,35,2662,70.4285714285714
"78",2020-04-13,1769,40,26,959,66,2728,69.2857142857143
"79",2020-04-14,1813,44,40,999,84,2812,72.5714285714286
"80",2020-04-15,1844,31,36,1035,67,2879,69.4285714285714
"81",2020-04-16,1870,26,48,1083,74,2953,68.4285714285714
"82",2020-04-17,1910,40,28,1111,68,3021,64.2857142857143
"83",2020-04-18,1925,15,16,1127,31,3052,60.7142857142857
"84",2020-04-19,1939,14,21,1148,35,3087,60.7142857142857
"85",2020-04-20,1964,25,38,1186,63,3150,60.2857142857143
"86",2020-04-21,1990,26,23,1209,49,3199,55.2857142857143
"87",2020-04-22,2039,49,43,1252,92,3291,58.8571428571429
"88",2020-04-23,2059,20,22,1274,42,3333,54.2857142857143
"89",2020-04-24,2088,29,38,1312,67,3400,54.1428571428571
"90",2020-04-25,2102,14,20,1332,34,3434,54.5714285714286
"91",2020-04-26,2113,11,18,1350,29,3463,53.7142857142857
"92",2020-04-27,2137,24,26,1376,50,3513,51.8571428571429
"93",2020-04-28,2158,21,21,1397,42,3555,50.8571428571429
"94",2020-04-29,2186,28,13,1410,41,3596,43.5714285714286
"95",2020-04-30,2197,11,27,1437,38,3634,43
"96",2020-05-01,2219,22,30,1467,52,3686,40.8571428571429
"97",2020-05-02,2231,12,17,1484,29,3715,40.1428571428571
"98",2020-05-03,2239,8,16,1500,24,3739,39.4285714285714
"99",2020-05-04,2258,19,28,1528,47,3786,39
"100",2020-05-05,2271,13,22,1550,35,3821,38
"101",2020-05-06,2298,27,29,1579,56,3877,40.1428571428571
"102",2020-05-07,2311,13,26,1605,39,3916,40.2857142857143
"103",2020-05-08,2335,24,23,1628,47,3963,39.5714285714286
"104",2020-05-09,2346,11,16,1644,27,3990,39.2857142857143
"105",2020-05-10,2349,3,19,1663,22,4012,39
"106",2020-05-11,2369,20,23,1686,43,4055,38.4285714285714
"107",2020-05-12,2384,15,29,1715,44,4099,39.7142857142857
"108",2020-05-13,2404,20,28,1743,48,4147,38.5714285714286
"109",2020-05-14,2428,24,34,1777,58,4205,41.2857142857143
"110",2020-05-15,2443,15,55,1832,70,4275,44.5714285714286
"111",2020-05-16,2458,15,23,1855,38,4313,46.1428571428571
"112",2020-05-17,2465,7,17,1872,24,4337,46.4285714285714
"113",2020-05-18,2504,39,41,1913,80,4417,51.7142857142857
"114",2020-05-19,2548,44,39,1952,83,4500,57.2857142857143
"115",2020-05-20,2584,36,42,1994,78,4578,61.5714285714286
"116",2020-05-21,2605,21,70,2064,91,4669,66.2857142857143
"117",2020-05-22,2631,26,35,2099,61,4730,65
"118",2020-05-23,2648,17,19,2118,36,4766,64.7142857142857
"119",2020-05-24,2650,2,29,2147,31,4797,65.7142857142857
"120",2020-05-25,2657,7,34,2181,41,4838,60.1428571428571
"121",2020-05-26,2687,30,39,2220,69,4907,58.1428571428571
"122",2020-05-27,2726,39,38,2258,77,4984,58
"123",2020-05-28,2749,23,41,2299,64,5048,54.1428571428571
"124",2020-05-29,2793,44,31,2330,75,5123,56.1428571428571
"125",2020-05-30,2809,16,20,2350,36,5159,56.1428571428571
"126",2020-05-31,2819,10,25,2375,35,5194,56.7142857142857
"127",2020-06-01,2853,34,52,2427,86,5280,63.1428571428571
"128",2020-06-02,2878,25,46,2473,71,5351,63.4285714285714
"129",2020-06-03,2919,41,36,2509,77,5428,63.4285714285714
"130",2020-06-04,2955,36,27,2536,63,5491,63.2857142857143
"131",2020-06-05,2992,37,25,2561,62,5553,61.4285714285714
"132",2020-06-06,3005,13,25,2586,38,5591,61.7142857142857
"133",2020-06-07,3023,18,13,2599,31,5622,61.1428571428571
"134",2020-06-08,3062,39,31,2630,70,5692,58.8571428571429
"135",2020-06-09,3108,46,32,2662,78,5770,59.8571428571429
"136",2020-06-10,3171,63,31,2693,94,5864,62.2857142857143
"137",2020-06-11,3221,50,40,2733,90,5954,66.1428571428571
"138",2020-06-12,3279,58,37,2770,95,6049,70.8571428571429
"139",2020-06-13,3300,21,37,2807,58,6107,73.7142857142857
"140",2020-06-14,3313,13,21,2828,34,6141,74.1428571428571
"141",2020-06-15,3375,62,59,2887,121,6262,81.4285714285714
"142",2020-06-16,3469,94,43,2930,137,6399,89.8571428571429
"143",2020-06-17,3560,91,53,2983,144,6543,97
"144",2020-06-18,3662,102,46,3029,148,6691,105.285714285714
"145",2020-06-19,3773,111,40,3069,151,6842,113.285714285714
"146",2020-06-20,3823,50,39,3108,89,6931,117.714285714286
"147",2020-06-21,3860,37,49,3157,86,7017,125.142857142857
"148",2020-06-22,3964,104,62,3219,166,7183,131.571428571429
"149",2020-06-23,4153,189,77,3296,266,7449,150
"150",2020-06-24,4299,146,68,3364,214,7663,160
"151",2020-06-25,4432,133,56,3420,189,7852,165.857142857143
"152",2020-06-26,4569,137,70,3490,207,8059,173.857142857143
"153",2020-06-27,4680,111,50,3540,161,8220,184.142857142857
"154",2020-06-28,4740,60,56,3596,116,8336,188.428571428571
"155",2020-06-29,4884,144,76,3672,220,8556,196.142857142857
"156",2020-06-30,5073,189,59,3731,248,8804,193.571428571429
"157",2020-07-01,5258,185,80,3811,265,9069,200.857142857143
"158",2020-07-02,5442,184,66,3877,250,9319,209.571428571429
"159",2020-07-03,5520,78,79,3956,157,9476,202.428571428571
"160",2020-07-04,5564,44,58,4014,102,9578,194
"161",2020-07-05,5659,95,63,4077,158,9736,200
"162",2020-07-06,5912,253,109,4186,362,10098,220.285714285714
"163",2020-07-07,6202,290,92,4278,382,10480,239.428571428571
"164",2020-07-08,6485,283,117,4395,400,10880,258.714285714286
"165",2020-07-09,6767,282,120,4515,402,11282,280.428571428571
"166",2020-07-10,7015,248,125,4640,373,11655,311.285714285714
"167",2020-07-11,7196,181,65,4705,246,11901,331.857142857143
"168",2020-07-12,7315,119,70,4775,189,12090,336.285714285714
"169",2020-07-13,7521,206,120,4895,326,12416,331.142857142857
"170",2020-07-14,7872,351,132,5027,483,12899,345.571428571429
"171",2020-07-15,8253,381,95,5122,476,13375,356.428571428571
"172",2020-07-16,8592,339,114,5236,453,13828,363.714285714286
"173",2020-07-17,8887,295,109,5345,404,14232,368.142857142857
"174",2020-07-18,9059,172,95,5440,267,14499,371.142857142857
"175",2020-07-19,9147,88,58,5498,146,14645,365
"176",2020-07-20,9364,217,101,5599,318,14963,363.857142857143
"177",2020-07-21,9672,308,103,5702,411,15374,353.571428571429
"178",2020-07-22,9971,299,85,5787,384,15758,340.428571428571
"179",2020-07-23,10252,281,81,5868,362,16120,327.428571428571
"180",2020-07-24,10498,246,102,5970,348,16468,319.428571428571
"181",2020-07-25,10624,126,61,6031,187,16655,308
"182",2020-07-26,10710,86,63,6094,149,16804,308.428571428571
"183",2020-07-27,10886,176,102,6196,278,17082,302.714285714286
"184",2020-07-28,11184,298,100,6296,398,17480,300.857142857143
"185",2020-07-29,11455,271,69,6365,340,17820,294.571428571429
"186",2020-07-30,11695,240,91,6456,331,18151,290.142857142857
"187",2020-07-31,11954,259,97,6553,356,18507,291.285714285714
"188",2020-08-01,12127,173,73,6626,246,18753,299.714285714286
"189",2020-08-02,12211,84,54,6680,138,18891,298.142857142857
"190",2020-08-03,12381,170,113,6793,283,19174,298.857142857143
"191",2020-08-04,12683,302,82,6875,384,19558,296.857142857143
"192",2020-08-05,13016,333,114,6989,447,20005,312.142857142857
"193",2020-08-06,13262,246,97,7086,343,20348,313.857142857143
"194",2020-08-07,13520,258,98,7184,356,20704,313.857142857143
"195",2020-08-08,13726,206,63,7247,269,20973,317.142857142857
"196",2020-08-09,13834,108,55,7302,163,21136,320.714285714286
"197",2020-08-10,14055,221,98,7400,319,21455,325.857142857143
"198",2020-08-11,14384,329,81,7481,410,21865,329.571428571429
"199",2020-08-12,14668,284,78,7559,362,22227,317.428571428571
"200",2020-08-13,14910,242,78,7637,320,22547,314.142857142857
"201",2020-08-14,15163,253,57,7694,310,22857,307.571428571429
"202",2020-08-15,15319,156,58,7752,214,23071,299.714285714286
"203",2020-08-16,15390,71,38,7790,109,23180,292
"204",2020-08-17,15575,185,77,7867,262,23442,283.857142857143
"205",2020-08-18,15843,268,55,7922,323,23765,271.428571428571
"206",2020-08-19,16015,172,60,7982,232,23997,252.857142857143
"207",2020-08-20,16177,162,69,8051,231,24228,240.142857142857
"208",2020-08-21,16343,166,62,8113,228,24456,228.428571428571
"209",2020-08-22,16480,137,60,8173,197,24653,226
"210",2020-08-23,16540,60,47,8220,107,24760,225.714285714286
"211",2020-08-24,16694,154,96,8316,250,25010,224
"212",2020-08-25,16981,287,67,8383,354,25364,228.428571428571
"213",2020-08-26,17209,228,59,8442,287,25651,236.285714285714
"214",2020-08-27,17407,198,67,8509,265,25916,241.142857142857
"215",2020-08-28,17597,190,106,8615,296,26212,250.857142857143
"216",2020-08-29,17738,141,47,8662,188,26400,249.571428571429
"217",2020-08-30,17794,56,41,8703,97,26497,248.142857142857
"218",2020-08-31,17942,148,80,8783,228,26725,245
"219",2020-09-01,18176,234,68,8851,302,27027,237.571428571429
"220",2020-09-02,18407,231,81,8932,312,27339,241.142857142857
"221",2020-09-03,18575,168,63,8995,231,27570,236.285714285714
"222",2020-09-04,18752,177,78,9073,255,27825,230.428571428571
"223",2020-09-05,18842,90,48,9121,138,27963,223.285714285714
"224",2020-09-06,18887,45,46,9167,91,28054,222.428571428571
"225",2020-09-07,18928,41,55,9222,96,28150,203.571428571429
"226",2020-09-08,19120,192,76,9298,268,28418,198.714285714286
"227",2020-09-09,19327,207,76,9374,283,28701,194.571428571429
"228",2020-09-10,19471,144,61,9435,205,28906,190.857142857143
"229",2020-09-11,19603,132,46,9481,178,29084,179.857142857143
"230",2020-09-12,19686,83,42,9523,125,29209,178
"231",2020-09-13,19719,33,41,9564,74,29283,175.571428571429
"232",2020-09-14,19844,125,61,9625,186,29469,188.428571428571
"233",2020-09-15,20070,226,64,9689,290,29759,191.571428571429
"234",2020-09-16,20220,150,68,9757,218,29977,182.285714285714
"235",2020-09-17,20396,176,64,9821,240,30217,187.285714285714
"236",2020-09-18,20528,132,45,9866,177,30394,187.142857142857
"237",2020-09-19,20599,71,39,9905,110,30504,185
"238",2020-09-20,20641,42,30,9935,72,30576,184.714285714286
"239",2020-09-21,20763,122,68,10003,190,30766,185.285714285714
"240",2020-09-22,20908,145,53,10056,198,30964,172.142857142857
"241",2020-09-23,21046,138,40,10096,178,31142,166.428571428571
"242",2020-09-24,21164,118,38,10134,156,31298,154.428571428571
"243",2020-09-25,21267,103,49,10183,152,31450,150.857142857143
"244",2020-09-26,21320,53,39,10222,92,31542,148.285714285714
"245",2020-09-27,21360,40,33,10255,73,31615,148.428571428571
"246",2020-09-28,21457,97,71,10326,168,31783,145.285714285714
"247",2020-09-29,21603,146,46,10372,192,31975,144.428571428571
"248",2020-09-30,21721,118,48,10420,166,32141,142.714285714286
"249",2020-10-01,21841,120,42,10462,162,32303,143.571428571429
"250",2020-10-02,21962,121,47,10509,168,32471,145.857142857143
"251",2020-10-03,22028,66,41,10550,107,32578,148
"252",2020-10-04,22071,43,26,10576,69,32647,147.428571428571
"253",2020-10-05,22156,85,60,10636,145,32792,144.142857142857
"254",2020-10-06,22305,149,27,10663,176,32968,141.857142857143
"255",2020-10-07,22435,130,31,10694,161,33129,141.142857142857
"256",2020-10-08,22562,127,43,10737,170,33299,142.285714285714
"257",2020-10-09,22674,112,33,10770,145,33444,139
"258",2020-10-10,22761,87,29,10799,116,33560,140.285714285714
"259",2020-10-11,22805,44,36,10835,80,33640,141.857142857143
"260",2020-10-12,22939,134,32,10867,166,33806,144.857142857143
"261",2020-10-13,23089,150,49,10916,199,34005,148.142857142857
"262",2020-10-14,23232,143,43,10959,186,34191,151.714285714286
"263",2020-10-15,23392,160,51,11010,211,34402,157.571428571429
"264",2020-10-16,23503,111,40,11050,151,34553,158.428571428571
"265",2020-10-17,23569,66,26,11076,92,34645,155
"266",2020-10-18,23609,40,29,11105,69,34714,153.428571428571
"267",2020-10-19,23749,140,61,11166,201,34915,158.428571428571
"268",2020-10-20,23946,197,48,11214,245,35160,165
"269",2020-10-21,24094,148,45,11259,193,35353,166
"270",2020-10-22,24226,132,47,11306,179,35532,161.428571428571
"271",2020-10-23,24371,145,56,11362,201,35733,168.571428571429
"272",2020-10-24,24440,69,49,11411,118,35851,172.285714285714
"273",2020-10-25,24496,56,39,11450,95,35946,176
"274",2020-10-26,24654,158,51,11501,209,36155,177.142857142857
"275",2020-10-27,24856,202,43,11544,245,36400,177.142857142857
"276",2020-10-28,25025,169,47,11591,216,36616,180.428571428571
"277",2020-10-29,25168,143,68,11659,211,36827,185
"278",2020-10-30,25316,148,47,11706,195,37022,184.142857142857
"279",2020-10-31,25414,98,60,11766,158,37180,189.857142857143
"280",2020-11-01,25470,56,53,11819,109,37289,191.857142857143
"281",2020-11-02,25690,220,82,11901,302,37591,205.142857142857
"282",2020-11-03,25971,281,112,12013,393,37984,226.285714285714
"283",2020-11-04,26270,299,97,12110,396,38380,252
"284",2020-11-05,26536,266,99,12209,365,38745,274
"285",2020-11-06,26794,258,99,12308,357,39102,297.142857142857
"286",2020-11-07,27005,211,76,12384,287,39389,315.571428571429
"287",2020-11-08,27091,86,60,12444,146,39535,320.857142857143
"288",2020-11-09,27388,297,128,12572,425,39960,338.428571428571
"289",2020-11-10,27815,427,109,12681,536,40496,358.857142857143
"290",2020-11-11,28160,345,103,12784,448,40944,366.285714285714
"291",2020-11-12,28605,445,116,12900,561,41505,394.285714285714
"292",2020-11-13,28986,381,120,13020,501,42006,414.857142857143
"293",2020-11-14,29253,267,90,13110,357,42363,424.857142857143
"294",2020-11-15,29370,117,102,13212,219,42582,435.285714285714
"295",2020-11-16,29687,317,181,13393,498,43080,445.714285714286
"296",2020-11-17,30252,565,165,13558,730,43810,473.428571428571
"297",2020-11-18,30827,575,161,13719,736,44546,514.571428571429
"298",2020-11-19,31340,513,153,13872,666,45212,529.571428571429
"299",2020-11-20,31892,552,133,14005,685,45897,555.857142857143
"300",2020-11-21,32233,341,132,14137,473,46370,572.428571428571
"301",2020-11-22,32507,274,102,14239,376,46746,594.857142857143
"302",2020-11-23,33138,631,199,14438,830,47576,642.285714285714
"303",2020-11-24,33827,689,196,14634,885,48461,664.428571428571
"304",2020-11-25,34669,842,195,14829,1037,49498,707.428571428571
"305",2020-11-26,34821,152,120,14949,272,49770,651.142857142857
"306",2020-11-27,35350,529,185,15134,714,50484,655.285714285714
"307",2020-11-28,35910,560,196,15330,756,51240,695.714285714286
"308",2020-11-29,36422,512,186,15516,698,51938,741.714285714286
"309",2020-11-30,37365,943,335,15851,1278,53216,805.714285714286
"310",2020-12-01,38663,1298,354,16205,1652,54868,915.285714285714
"311",2020-12-02,40014,1351,324,16529,1675,56543,1006.42857142857
"312",2020-12-03,41242,1228,352,16881,1580,58123,1193.28571428571
"313",2020-12-04,42467,1225,348,17229,1573,59696,1316
"314",2020-12-05,43283,816,290,17519,1106,60802,1366
"315",2020-12-06,43776,493,246,17765,739,61541,1371.85714285714
"316",2020-12-07,45058,1282,507,18272,1789,63330,1444.85714285714
"317",2020-12-08,46610,1552,434,18706,1986,65316,1492.57142857143
"318",2020-12-09,48149,1539,391,19097,1930,67246,1529
"319",2020-12-10,49481,1332,440,19537,1772,69018,1556.42857142857
"320",2020-12-11,50595,1114,440,19977,1554,70572,1553.71428571429
"321",2020-12-12,51415,820,272,20249,1092,71664,1551.71428571429
"322",2020-12-13,52181,766,214,20463,980,72644,1586.14285714286
"323",2020-12-14,53428,1247,489,20952,1736,74380,1578.57142857143
"324",2020-12-15,55263,1835,494,21446,2329,76709,1627.57142857143
"325",2020-12-16,56903,1640,399,21845,2039,78748,1643.14285714286
"326",2020-12-17,58399,1496,324,22169,1820,80568,1650
"327",2020-12-18,59585,1186,367,22536,1553,82121,1649.85714285714
"328",2020-12-19,60333,748,306,22842,1054,83175,1644.42857142857
"329",2020-12-20,60934,601,213,23055,814,83989,1620.71428571429
"330",2020-12-21,62462,1528,430,23485,1958,85947,1652.42857142857
"331",2020-12-22,63900,1438,399,23884,1837,87784,1582.14285714286
"332",2020-12-23,65333,1433,322,24206,1755,89539,1541.57142857143
"333",2020-12-24,66075,742,300,24506,1042,90581,1430.42857142857
"334",2020-12-25,66284,209,197,24703,406,90987,1266.57142857143
"335",2020-12-26,67274,990,317,25020,1307,92294,1302.71428571429
"336",2020-12-27,68079,805,332,25352,1137,93431,1348.85714285714
"337",2020-12-28,69901,1822,541,25893,2363,95794,1406.71428571429
"338",2020-12-29,71715,1814,442,26335,2256,98050,1466.57142857143
"339",2020-12-30,73626,1911,441,26776,2352,100402,1551.85714285714
"340",2020-12-31,74801,1175,373,27149,1548,101950,1624.14285714286
"341",2021-01-01,75076,275,306,27455,581,102531,1649.14285714286
"342",2021-01-02,76065,989,452,27907,1441,103972,1668.28571428571
"343",2021-01-03,76993,928,346,28253,1274,105246,1687.85714285714
"344",2021-01-04,78598,1605,608,28861,2213,107459,1666.42857142857
"345",2021-01-05,80851,2253,566,29427,2819,110278,1746.85714285714
"346",2021-01-06,82660,1809,498,29925,2307,112585,1740.42857142857
"347",2021-01-07,84285,1625,430,30355,2055,114640,1812.85714285714
"348",2021-01-08,85427,1142,529,30884,1671,116311,1968.57142857143
"349",2021-01-09,86297,870,352,31236,1222,117533,1937.28571428571
"350",2021-01-10,86992,695,307,31543,1002,118535,1898.42857142857
"351",2021-01-11,88274,1282,494,32037,1776,120311,1836
"352",2021-01-12,89759,1485,453,32490,1938,122249,1710.14285714286
"353",2021-01-13,91072,1313,397,32887,1710,123959,1624.85714285714
"354",2021-01-14,92236,1164,349,33236,1513,125472,1547.42857142857
"355",2021-01-15,93290,1054,369,33605,1423,126895,1512
"356",2021-01-16,93910,620,243,33848,863,127758,1460.71428571429
"357",2021-01-17,94380,470,172,34020,642,128400,1409.28571428571
"358",2021-01-18,95118,738,253,34273,991,129391,1297.14285714286
"359",2021-01-19,96138,1020,316,34589,1336,130727,1211.14285714286
"360",2021-01-20,97021,883,297,34886,1180,131907,1135.42857142857
"361",2021-01-21,97799,778,231,35117,1009,132916,1063.42857142857
"362",2021-01-22,98418,619,247,35364,866,133782,983.857142857143
"363",2021-01-23,98840,422,226,35590,648,134430,953.142857142857
"364",2021-01-24,99185,345,177,35767,522,134952,936
"365",2021-01-25,99810,625,248,36015,873,135825,919.142857142857
"366",2021-01-26,100351,541,241,36256,782,136607,840
"367",2021-01-27,100881,530,202,36458,732,137339,776
"368",2021-01-28,101297,416,156,36614,572,137911,713.571428571429
"369",2021-01-29,101805,508,168,36782,676,138587,686.428571428571
"370",2021-01-30,102187,382,129,36911,511,139098,666.857142857143
"371",2021-01-31,102462,275,143,37054,418,139516,652
"372",2021-02-01,103009,547,193,37247,740,140256,633
"373",2021-02-02,103462,453,153,37400,606,140862,607.857142857143
"374",2021-02-03,103954,492,169,37569,661,141523,597.714285714286
"375",2021-02-04,104350,396,140,37709,536,142059,592.571428571429
"376",2021-02-05,104743,393,121,37830,514,142573,569.428571428571
"377",2021-02-06,104986,243,84,37914,327,142900,543.142857142857
"378",2021-02-07,105167,181,72,37986,253,143153,519.571428571429
"379",2021-02-08,105516,349,138,38124,487,143640,483.428571428571
"380",2021-02-09,105926,410,114,38238,524,144164,471.714285714286
"381",2021-02-10,106301,375,129,38367,504,144668,449.285714285714
"382",2021-02-11,106604,303,90,38457,393,145061,428.857142857143
"383",2021-02-12,106867,263,97,38554,360,145421,406.857142857143
"384",2021-02-13,107019,152,74,38628,226,145647,392.428571428571
"385",2021-02-14,107204,185,53,38681,238,145885,390.285714285714
"386",2021-02-15,107391,187,83,38764,270,146155,359.285714285714
"387",2021-02-16,107633,242,81,38845,323,146478,330.571428571429
"388",2021-02-17,107896,263,60,38905,323,146801,304.714285714286
"389",2021-02-18,108166,270,67,38972,337,147138,296.714285714286
"390",2021-02-19,108399,233,63,39035,296,147434,287.571428571429
"391",2021-02-20,108574,175,60,39095,235,147669,288.857142857143
"392",2021-02-21,108739,165,43,39138,208,147877,284.571428571429
"393",2021-02-22,109000,261,65,39203,326,148203,292.571428571429
"394",2021-02-23,109217,217,55,39258,272,148475,285.285714285714
"395",2021-02-24,109475,258,60,39318,318,148793,284.571428571429
"396",2021-02-25,109640,165,39,39357,204,148997,265.571428571429
"397",2021-02-26,109796,156,46,39403,202,149199,252.142857142857
"398",2021-02-27,109933,137,43,39446,180,149379,244.285714285714
"399",2021-02-28,110056,123,42,39488,165,149544,238.142857142857
"400",2021-03-01,110261,205,55,39543,260,149804,228.714285714286
"401",2021-03-02,110444,183,50,39593,233,150037,223.142857142857
"402",2021-03-03,110637,193,53,39646,246,150283,212.857142857143
"403",2021-03-04,110801,164,51,39697,215,150498,214.428571428571
"404",2021-03-05,110953,152,43,39740,195,150693,213.428571428571
"405",2021-03-06,111037,84,33,39773,117,150810,204.428571428571
"406",2021-03-07,111114,77,23,39796,100,150910,195.142857142857
"407",2021-03-08,111277,163,40,39836,203,151113,187
"408",2021-03-09,111428,151,48,39884,199,151312,182.142857142857
"409",2021-03-10,111563,135,47,39931,182,151494,173
"410",2021-03-11,111686,123,26,39957,149,151643,163.571428571429
"411",2021-03-12,111798,112,38,39995,150,151793,157.142857142857
"412",2021-03-13,111894,96,36,40031,132,151925,159.285714285714
"413",2021-03-14,111960,66,27,40058,93,152018,158.285714285714
"414",2021-03-15,112097,137,39,40097,176,152194,154.428571428571
"415",2021-03-16,112213,116,53,40150,169,152363,150.142857142857
"416",2021-03-17,112366,153,34,40184,187,152550,150.857142857143
"417",2021-03-18,112473,107,31,40215,138,152688,149.285714285714
"418",2021-03-19,112587,114,40,40255,154,152842,149.857142857143
"419",2021-03-20,112654,67,25,40280,92,152934,144.142857142857
"420",2021-03-21,112730,76,34,40314,110,153044,146.571428571429
"421",2021-03-22,112843,113,44,40358,157,153201,143.857142857143
"422",2021-03-23,112963,120,50,40408,170,153371,144
"423",2021-03-24,113088,125,59,40467,184,153555,143.571428571429
"424",2021-03-25,113222,134,49,40516,183,153738,150
"425",2021-03-26,113349,127,41,40557,168,153906,152
"426",2021-03-27,113416,67,34,40591,101,154007,153.285714285714
"427",2021-03-28,113482,66,25,40616,91,154098,150.571428571429
"428",2021-03-29,113596,114,45,40661,159,154257,150.857142857143
"429",2021-03-30,113687,91,42,40703,133,154390,145.571428571429
"430",2021-03-31,113829,142,46,40749,188,154578,146.142857142857
"431",2021-04-01,113953,124,31,40780,155,154733,142.142857142857
"432",2021-04-02,114057,104,41,40821,145,154878,138.857142857143
"433",2021-04-03,114128,71,42,40863,113,154991,140.571428571429
"434",2021-04-04,114187,59,25,40888,84,155075,139.571428571429
"435",2021-04-05,114381,194,42,40930,236,155311,150.571428571429
"436",2021-04-06,114548,167,42,40972,209,155520,161.428571428571
"437",2021-04-07,114716,168,49,41021,217,155737,165.571428571429
"438",2021-04-08,114875,159,45,41066,204,155941,172.571428571429
"439",2021-04-09,115005,130,39,41105,169,156110,176
"440",2021-04-10,115105,100,38,41143,138,156248,179.571428571429
"441",2021-04-11,115172,67,30,41173,97,156345,181.428571428571
"442",2021-04-12,115316,144,54,41227,198,156543,176
"443",2021-04-13,115435,119,43,41270,162,156705,169.285714285714
"444",2021-04-14,115583,148,45,41315,193,156898,165.857142857143
"445",2021-04-15,115722,139,38,41353,177,157075,162
"446",2021-04-16,115837,115,38,41391,153,157228,159.714285714286
"447",2021-04-17,115931,94,30,41421,124,157352,157.714285714286
"448",2021-04-18,116011,80,23,41444,103,157455,158.571428571429
"449",2021-04-19,116145,134,30,41474,164,157619,153.714285714286
"450",2021-04-20,116269,124,33,41507,157,157776,153
"451",2021-04-21,116389,120,32,41539,152,157928,147.142857142857
"452",2021-04-22,116467,78,30,41569,108,158036,137.285714285714
"453",2021-04-23,116561,94,26,41595,120,158156,132.571428571429
"454",2021-04-24,116623,62,25,41620,87,158243,127.285714285714
"455",2021-04-25,116674,51,13,41633,64,158307,121.714285714286
"456",2021-04-26,116750,76,36,41669,112,158419,114.285714285714
"457",2021-04-27,116856,106,30,41699,136,158555,111.285714285714
"458",2021-04-28,116919,63,35,41734,98,158653,103.571428571429
"459",2021-04-29,117002,83,27,41761,110,158763,103.857142857143
"460",2021-04-30,117066,64,28,41789,92,158855,99.8571428571429
"461",2021-05-01,117113,47,14,41803,61,158916,96.1428571428571
"462",2021-05-02,117161,48,29,41832,77,158993,98
"463",2021-05-03,117233,72,16,41848,88,159081,94.5714285714286
"464",2021-05-04,117318,85,24,41872,109,159190,90.7142857142857
"465",2021-05-05,117389,71,25,41897,96,159286,90.4285714285714
"466",2021-05-06,117435,46,28,41925,74,159360,85.2857142857143
"467",2021-05-07,117487,52,18,41943,70,159430,82.1428571428571
"468",2021-05-08,117513,26,14,41957,40,159470,79.1428571428571
"469",2021-05-09,117539,26,11,41968,37,159507,73.4285714285714
"470",2021-05-10,117581,42,29,41997,71,159578,71
"471",2021-05-11,117651,70,19,42016,89,159667,68.1428571428571
"472",2021-05-12,117701,50,18,42034,68,159735,64.1428571428571
"473",2021-05-13,117762,61,9,42043,70,159805,63.5714285714286
"474",2021-05-14,117804,42,18,42061,60,159865,62.1428571428571
"475",2021-05-15,117827,23,10,42071,33,159898,61.1428571428571
"476",2021-05-16,117855,28,16,42087,44,159942,62.1428571428571
"477",2021-05-17,117883,28,11,42098,39,159981,57.5714285714286
"478",2021-05-18,117922,39,26,42124,65,160046,54.1428571428571
"479",2021-05-19,117949,27,12,42136,39,160085,50
"480",2021-05-20,117994,45,7,42143,52,160137,47.4285714285714
"481",2021-05-21,118013,19,14,42157,33,160170,43.5714285714286
"482",2021-05-22,118041,28,13,42170,41,160211,44.7142857142857
"483",2021-05-23,118059,18,10,42180,28,160239,42.4285714285714
"484",2021-05-24,118083,24,17,42197,41,160280,42.7142857142857
"485",2021-05-25,118114,31,10,42207,41,160321,39.2857142857143
"486",2021-05-26,118137,23,10,42217,33,160354,38.4285714285714
"487",2021-05-27,118167,30,8,42225,38,160392,36.4285714285714
"488",2021-05-28,118189,22,9,42234,31,160423,36.1428571428571
"489",2021-05-29,118205,16,6,42240,22,160445,33.4285714285714
"490",2021-05-30,118229,24,8,42248,32,160477,34
"491",2021-05-31,118236,7,8,42256,15,160492,30.2857142857143
"492",2021-06-01,118278,42,16,42272,58,160550,32.7142857142857
"493",2021-06-02,118316,38,16,42288,54,160604,35.7142857142857
"494",2021-06-03,118350,34,10,42298,44,160648,36.5714285714286
"495",2021-06-04,118389,39,12,42310,51,160699,39.4285714285714
"496",2021-06-05,118410,21,11,42321,32,160731,40.8571428571429
"497",2021-06-06,118429,19,10,42331,29,160760,40.4285714285714
"498",2021-06-07,118456,27,17,42348,44,160804,44.5714285714286
"499",2021-06-08,118479,23,16,42364,39,160843,41.8571428571429
"500",2021-06-09,118505,26,12,42376,38,160881,39.5714285714286
"501",2021-06-10,118543,38,16,42392,54,160935,41
"502",2021-06-11,118576,33,7,42399,40,160975,39.4285714285714
"503",2021-06-12,118597,21,14,42413,35,161010,39.8571428571429
"504",2021-06-13,118618,21,6,42419,27,161037,39.5714285714286
"505",2021-06-14,118636,18,14,42433,32,161069,37.8571428571429
"506",2021-06-15,118670,34,14,42447,48,161117,39.1428571428571
"507",2021-06-16,118699,29,13,42460,42,161159,39.7142857142857
"508",2021-06-17,118742,43,17,42477,60,161219,40.5714285714286
"509",2021-06-18,118768,26,6,42483,32,161251,39.4285714285714
"510",2021-06-19,118784,16,12,42495,28,161279,38.4285714285714
"511",2021-06-20,118800,16,16,42511,32,161311,39.1428571428571
"512",2021-06-21,118842,42,27,42538,69,161380,44.4285714285714
"513",2021-06-22,118880,38,16,42554,54,161434,45.2857142857143
"514",2021-06-23,118910,30,13,42567,43,161477,45.4285714285714
"515",2021-06-24,118944,34,16,42583,50,161527,44
"516",2021-06-25,118971,27,26,42609,53,161580,47
"517",2021-06-26,118989,18,18,42627,36,161616,48.1428571428571
"518",2021-06-27,119011,22,20,42647,42,161658,49.5714285714286
"519",2021-06-28,119059,48,28,42675,76,161734,50.5714285714286
"520",2021-06-29,119103,44,35,42710,79,161813,54.1428571428571
"521",2021-06-30,119149,46,32,42742,78,161891,59.1428571428571
"522",2021-07-01,119201,52,37,42779,89,161980,64.7142857142857
"523",2021-07-02,119244,43,26,42805,69,162049,67
"524",2021-07-03,119310,66,35,42840,101,162150,76.2857142857143
"525",2021-07-04,119330,20,25,42865,45,162195,76.7142857142857
"526",2021-07-05,119386,56,34,42899,90,162285,78.7142857142857
"527",2021-07-06,119493,107,51,42950,158,162443,90
"528",2021-07-07,119581,88,75,43025,163,162606,102.142857142857
"529",2021-07-08,119672,91,54,43079,145,162751,110.142857142857
"530",2021-07-09,119770,98,49,43128,147,162898,121.285714285714
"531",2021-07-10,119875,105,43,43171,148,163046,128
"532",2021-07-11,119943,68,51,43222,119,163165,138.571428571429
"533",2021-07-12,120071,128,81,43303,209,163374,155.571428571429
"534",2021-07-13,120218,147,94,43397,241,163615,167.428571428571
"535",2021-07-14,120378,160,71,43468,231,163846,177.142857142857
"536",2021-07-15,120544,166,99,43567,265,164111,194.285714285714
"537",2021-07-16,120683,139,104,43671,243,164354,208
"538",2021-07-17,120831,148,53,43724,201,164555,215.571428571429
"539",2021-07-18,120946,115,71,43795,186,164741,225.142857142857
"540",2021-07-19,121145,199,113,43908,312,165053,239.857142857143
"541",2021-07-20,121373,228,142,44050,370,165423,258.285714285714
"542",2021-07-21,121628,255,118,44168,373,165796,278.571428571429
"543",2021-07-22,121846,218,91,44259,309,166105,284.857142857143
"544",2021-07-23,122081,235,112,44371,347,166452,299.714285714286
"545",2021-07-24,122259,178,104,44475,282,166734,311.285714285714
"546",2021-07-25,122418,159,115,44590,274,167008,323.857142857143
"547",2021-07-26,122724,306,164,44754,470,167478,346.428571428571
"548",2021-07-27,123060,336,150,44904,486,167964,363
"549",2021-07-28,123406,346,151,45055,497,168461,380.714285714286
"550",2021-07-29,123729,323,149,45204,472,168933,404
"551",2021-07-30,124002,273,128,45332,401,169334,411.714285714286
"552",2021-07-31,124229,227,127,45459,354,169688,422
"553",2021-08-01,124451,222,157,45616,379,170067,437
"554",2021-08-02,124790,339,183,45799,522,170589,444.428571428571
"555",2021-08-03,125240,450,178,45977,628,171217,464.714285714286
"556",2021-08-04,125666,426,193,46170,619,171836,482.142857142857
"557",2021-08-05,126109,443,177,46347,620,172456,503.285714285714
"558",2021-08-06,126465,356,175,46522,531,172987,521.857142857143
"559",2021-08-07,126730,265,153,46675,418,173405,531
"560",2021-08-08,126966,236,128,46803,364,173769,528.857142857143
"561",2021-08-09,127401,435,193,46996,628,174397,544
"562",2021-08-10,127892,491,177,47173,668,175065,549.714285714286
"563",2021-08-11,128339,447,178,47351,625,175690,550.571428571429
"564",2021-08-12,128803,464,170,47521,634,176324,552.571428571429
"565",2021-08-13,129290,487,149,47670,636,176960,567.571428571429
"566",2021-08-14,129601,311,117,47787,428,177388,569
"567",2021-08-15,129839,238,119,47906,357,177745,568
"568",2021-08-16,130258,419,189,48095,608,178353,565.142857142857
"569",2021-08-17,130782,524,183,48278,707,179060,570.714285714286
"570",2021-08-18,131250,468,157,48435,625,179685,570.714285714286
"571",2021-08-19,131632,382,164,48599,546,180231,558.142857142857
"572",2021-08-20,132035,403,134,48733,537,180768,544
"573",2021-08-21,132282,247,113,48846,360,181128,534.285714285714
"574",2021-08-22,132496,214,95,48941,309,181437,527.428571428571
"575",2021-08-23,132911,415,175,49116,590,182027,524.857142857143
"576",2021-08-24,133326,415,140,49256,555,182582,503.142857142857
"577",2021-08-25,133780,454,150,49406,604,183186,500.142857142857
"578",2021-08-26,134178,398,123,49529,521,183707,496.571428571429
"579",2021-08-27,134550,372,130,49659,502,184209,491.571428571429
"580",2021-08-28,134762,212,77,49736,289,184498,481.428571428571
"581",2021-08-29,134952,190,74,49810,264,184762,475
"582",2021-08-30,135329,377,114,49924,491,185253,460.857142857143
"583",2021-08-31,135682,353,129,50053,482,185735,450.428571428571
"584",2021-09-01,136022,340,112,50165,452,186187,428.714285714286
"585",2021-09-02,136358,336,120,50285,456,186643,419.428571428571
"586",2021-09-03,136691,333,100,50385,433,187076,409.571428571429
"587",2021-09-04,136864,173,96,50481,269,187345,406.714285714286
"588",2021-09-05,137024,160,50,50531,210,187555,399
"589",2021-09-06,137192,168,70,50601,238,187793,362.857142857143
"590",2021-09-07,137521,329,132,50733,461,188254,359.857142857143
"591",2021-09-08,137819,298,98,50831,396,188650,351.857142857143
"592",2021-09-09,138099,280,106,50937,386,189036,341.857142857143
"593",2021-09-10,138344,245,121,51058,366,189402,332.285714285714
"594",2021-09-11,138536,192,70,51128,262,189664,331.285714285714
"595",2021-09-12,138632,96,73,51201,169,189833,325.428571428571
"596",2021-09-13,138911,279,110,51311,389,190222,347
"597",2021-09-14,139165,254,91,51402,345,190567,330.428571428571
"598",2021-09-15,139409,244,101,51503,345,190912,323.142857142857
"599",2021-09-16,139629,220,83,51586,303,191215,311.285714285714
"600",2021-09-17,139820,191,79,51665,270,191485,297.571428571429
"601",2021-09-18,139957,137,55,51720,192,191677,287.571428571429
"602",2021-09-19,140055,98,52,51772,150,191827,284.857142857143
"603",2021-09-20,140267,212,98,51870,310,192137,273.571428571429
"604",2021-09-21,140461,194,86,51956,280,192417,264.285714285714
"605",2021-09-22,140692,231,69,52025,300,192717,257.857142857143
"606",2021-09-23,140866,174,71,52096,245,192962,249.571428571429
"607",2021-09-24,141039,173,75,52171,248,193210,246.428571428571
"608",2021-09-25,141162,123,60,52231,183,193393,245.142857142857
"609",2021-09-26,141241,79,64,52295,143,193536,244.142857142857
"610",2021-09-27,141444,203,69,52364,272,193808,238.714285714286
"611",2021-09-28,141629,185,76,52440,261,194069,236
"612",2021-09-29,141804,175,45,52485,220,194289,224.571428571429
"613",2021-09-30,141952,148,61,52546,209,194498,219.428571428571
"614",2021-10-01,142088,136,49,52595,185,194683,210.428571428571
"615",2021-10-02,142198,110,40,52635,150,194833,205.714285714286
"616",2021-10-03,142311,113,41,52676,154,194987,207.285714285714
"617",2021-10-04,142474,163,68,52744,231,195218,201.428571428571
"618",2021-10-05,142617,143,60,52804,203,195421,193.142857142857
"619",2021-10-06,142777,160,47,52851,207,195628,191.285714285714
"620",2021-10-07,142928,151,49,52900,200,195828,190
"621",2021-10-08,143082,154,40,52940,194,196022,191.285714285714
"622",2021-10-09,143174,92,29,52969,121,196143,187.142857142857
"623",2021-10-10,143265,91,32,53001,123,196266,182.714285714286
"624",2021-10-11,143428,163,42,53043,205,196471,179
"625",2021-10-12,143624,196,47,53090,243,196714,184.714285714286
"626",2021-10-13,143794,170,52,53142,222,196936,186.857142857143
"627",2021-10-14,143924,130,51,53193,181,197117,184.142857142857
"628",2021-10-15,144060,136,49,53242,185,197302,182.857142857143
"629",2021-10-16,144165,105,43,53285,148,197450,186.714285714286
"630",2021-10-17,144256,91,52,53337,143,197593,189.571428571429
"631",2021-10-18,144429,173,49,53386,222,197815,192
"632",2021-10-19,144601,172,66,53452,238,198053,191.285714285714
"633",2021-10-20,144773,172,61,53513,233,198286,192.857142857143
"634",2021-10-21,144931,158,70,53583,228,198514,199.571428571429
"635",2021-10-22,145105,174,47,53630,221,198735,204.714285714286
"636",2021-10-23,145247,142,51,53681,193,198928,211.142857142857
"637",2021-10-24,145334,87,39,53720,126,199054,208.714285714286
"638",2021-10-25,145525,191,74,53794,265,199319,214.857142857143
"639",2021-10-26,145705,180,60,53854,240,199559,215.142857142857
"640",2021-10-27,145896,191,72,53926,263,199822,219.428571428571
"641",2021-10-28,146103,207,56,53982,263,200085,224.428571428571
"642",2021-10-29,146262,159,45,54027,204,200289,222
"643",2021-10-30,146396,134,44,54071,178,200467,219.857142857143
"644",2021-10-31,146484,88,39,54110,127,200594,220
"645",2021-11-01,146688,204,58,54168,262,200856,219.571428571429
"646",2021-11-02,146890,202,65,54233,267,201123,223.428571428571
"647",2021-11-03,147092,202,72,54305,274,201397,225
"648",2021-11-04,147280,188,65,54370,253,201650,223.571428571429
"649",2021-11-05,147464,184,56,54426,240,201890,228.714285714286
"650",2021-11-06,147588,124,44,54470,168,202058,227.285714285714
"651",2021-11-07,147695,107,37,54507,144,202202,229.714285714286
"652",2021-11-08,147923,228,60,54567,288,202490,233.428571428571
"653",2021-11-09,148166,243,76,54643,319,202809,240.857142857143
"654",2021-11-10,148344,178,47,54690,225,203034,233.857142857143
"655",2021-11-11,148488,144,54,54744,198,203232,226
"656",2021-11-12,148708,220,47,54791,267,203499,229.857142857143
"657",2021-11-13,148824,116,49,54840,165,203664,229.428571428571
"658",2021-11-14,148940,116,38,54878,154,203818,230.857142857143
"659",2021-11-15,149152,212,54,54932,266,204084,227.714285714286
"660",2021-11-16,149370,218,52,54984,270,204354,220.714285714286
"661",2021-11-17,149556,186,63,55047,249,204603,224.142857142857
"662",2021-11-18,149705,149,69,55116,218,204821,227
"663",2021-11-19,149936,231,60,55176,291,205112,230.428571428571
"664",2021-11-20,150056,120,47,55223,167,205279,230.714285714286
"665",2021-11-21,150149,93,35,55258,128,205407,227
"666",2021-11-22,150363,214,54,55312,268,205675,227.285714285714
"667",2021-11-23,150531,168,57,55369,225,205900,220.857142857143
"668",2021-11-24,150713,182,52,55421,234,206134,218.714285714286
"669",2021-11-25,150738,25,31,55452,56,206190,195.571428571429
"670",2021-11-26,150898,160,49,55501,209,206399,183.857142857143
"671",2021-11-27,151039,141,63,55564,204,206603,189.142857142857
"672",2021-11-28,151197,158,58,55622,216,206819,201.714285714286
"673",2021-11-29,151515,318,94,55716,412,207231,222.285714285714
"674",2021-11-30,151819,304,100,55816,404,207635,247.857142857143
"675",2021-12-01,152091,272,105,55921,377,208012,268.285714285714
"676",2021-12-02,152344,253,80,56001,333,208345,307.857142857143
"677",2021-12-03,152603,259,83,56084,342,208687,326.857142857143
"678",2021-12-04,152767,164,62,56146,226,208913,330
"679",2021-12-05,152916,149,53,56199,202,209115,328
"680",2021-12-06,153214,298,94,56293,392,209507,325.142857142857
"681",2021-12-07,153442,228,75,56368,303,209810,310.714285714286
"682",2021-12-08,153638,196,91,56459,287,210097,297.857142857143
"683",2021-12-09,153820,182,71,56530,253,210350,286.428571428571
"684",2021-12-10,154016,196,88,56618,284,210634,278.142857142857
"685",2021-12-11,154178,162,57,56675,219,210853,277.142857142857
"686",2021-12-12,154306,128,78,56753,206,211059,277.714285714286
"687",2021-12-13,154522,216,116,56869,332,211391,269.142857142857
"688",2021-12-14,154753,231,160,57029,391,211782,281.714285714286
"689",2021-12-15,155031,278,165,57194,443,212225,304
"690",2021-12-16,155332,301,143,57337,444,212669,331.285714285714
"691",2021-12-17,155643,311,199,57536,510,213179,363.571428571429
"692",2021-12-18,155928,285,186,57722,471,213650,399.571428571429
"693",2021-12-19,156190,262,241,57963,503,214153,442
"694",2021-12-20,156845,655,469,58432,1124,215277,555.142857142857
"695",2021-12-21,157581,736,554,58986,1290,216567,683.571428571429
"696",2021-12-22,158601,1020,625,59611,1645,218212,855.285714285714
"697",2021-12-23,159732,1131,692,60303,1823,220035,1052.28571428571
"698",2021-12-24,160334,602,574,60877,1176,221211,1147.42857142857
"699",2021-12-25,160527,193,438,61315,631,221842,1170.28571428571
"700",2021-12-26,161501,974,1049,62364,2023,223865,1387.42857142857
"701",2021-12-27,164133,2632,1437,63801,4069,227934,1808.14285714286
"702",2021-12-28,167337,3204,1559,65360,4763,232697,2304.28571428571
"703",2021-12-29,170785,3448,1533,66893,4981,237678,2780.85714285714
"704",2021-12-30,174045,3260,1656,68549,4916,242594,3222.71428571429
"705",2021-12-31,176214,2169,1041,69590,3210,245804,3513.28571428571
"706",2022-01-01,177119,905,902,70492,1807,247611,3681.28571428571
"707",2022-01-02,179613,2494,1483,71975,3977,251588,3960.42857142857
"708",2022-01-03,185602,5989,2619,74594,8608,260196,4608.85714285714
"709",2022-01-04,192039,6437,2756,77350,9193,269389,5241.71428571429
"710",2022-01-05,198852,6813,2367,79717,9180,278569,5841.57142857143
"711",2022-01-06,205215,6363,2249,81966,8612,287181,6369.57142857143
"712",2022-01-07,210521,5306,2516,84482,7822,295003,7028.42857142857
"713",2022-01-08,213839,3318,1521,86003,4839,299842,7461.57142857143
"714",2022-01-09,216921,3082,1425,87428,4507,304349,7537.28571428571
"715",2022-01-10,223140,6219,2622,90050,8841,313190,7570.57142857143
"716",2022-01-11,229219,6079,2728,92778,8807,321997,7515.42857142857
"717",2022-01-12,235065,5846,2349,95127,8195,330192,7374.71428571429
"718",2022-01-13,240192,5127,2080,97207,7207,337399,7174
"719",2022-01-14,244851,4659,1807,99014,6466,343865,6980.28571428571
"720",2022-01-15,247328,2477,1259,100273,3736,347601,6822.71428571429
"721",2022-01-16,249393,2065,983,101256,3048,350649,6614.28571428571
"722",2022-01-17,253264,3871,1552,102808,5423,356072,6126
"723",2022-01-18,258036,4772,1984,104792,6756,362828,5833
"724",2022-01-19,262369,4333,1545,106337,5878,368706,5502
"725",2022-01-20,266483,4114,1434,107771,5548,374254,5265
"726",2022-01-21,269937,3454,1228,108999,4682,378936,5010.14285714286
"727",2022-01-22,271667,1730,678,109677,2408,381344,4820.42857142857
"728",2022-01-23,273278,1611,599,110276,2210,383554,4700.71428571429
"729",2022-01-24,276918,3640,1138,111414,4778,388332,4608.57142857143
"730",2022-01-25,279973,3055,1018,112432,4073,392405,4225.28571428571
"731",2022-01-26,282787,2814,858,113290,3672,396077,3910.14285714286
"732",2022-01-27,285210,2423,690,113980,3113,399190,3562.28571428571
"733",2022-01-28,287494,2284,604,114584,2888,402078,3306
"734",2022-01-29,288764,1270,362,114946,1632,403710,3195.14285714286
"735",2022-01-30,289729,965,342,115288,1307,405017,3066.14285714286
"736",2022-01-31,291925,2196,581,115869,2777,407794,2780.28571428571
"737",2022-02-01,293605,1680,518,116387,2198,409992,2512.42857142857
"738",2022-02-02,295251,1646,475,116862,2121,412113,2290.85714285714
"739",2022-02-03,296537,1286,377,117239,1663,413776,2083.71428571429
"740",2022-02-04,297766,1229,355,117594,1584,415360,1897.42857142857
"741",2022-02-05,298383,617,235,117829,852,416212,1786
"742",2022-02-06,298987,604,191,118020,795,417007,1712.85714285714
"743",2022-02-07,300182,1195,350,118370,1545,418552,1536.85714285714
"744",2022-02-08,301154,972,295,118665,1267,419819,1403.85714285714
"745",2022-02-09,302137,983,217,118882,1200,421019,1272.28571428571
"746",2022-02-10,302916,779,193,119075,972,421991,1173.57142857143
"747",2022-02-11,303626,710,185,119260,895,422886,1075.14285714286
"748",2022-02-12,304089,463,121,119381,584,423470,1036.85714285714
"749",2022-02-13,304432,343,92,119473,435,423905,985.428571428571
"750",2022-02-14,305094,662,229,119702,891,424796,892
"751",2022-02-15,305651,557,169,119871,726,425522,814.714285714286
"752",2022-02-16,306198,547,144,120015,691,426213,742
"753",2022-02-17,306588,390,122,120137,512,426725,676.285714285714
"754",2022-02-18,306967,379,93,120230,472,427197,615.857142857143
"755",2022-02-19,307206,239,65,120295,304,427501,575.857142857143
"756",2022-02-20,307394,188,41,120336,229,427730,546.428571428571
"757",2022-02-21,307674,280,75,120411,355,428085,469.857142857143
"758",2022-02-22,308066,392,94,120505,486,428571,435.571428571429
"759",2022-02-23,308338,272,97,120602,369,428940,389.571428571429
"760",2022-02-24,308612,274,94,120696,368,429308,369
"761",2022-02-25,308884,272,92,120788,364,429672,353.571428571429
"762",2022-02-26,309058,174,63,120851,237,429909,344
"763",2022-02-27,309191,133,55,120906,188,430097,338.142857142857
"764",2022-02-28,309501,310,110,121016,420,430517,347.428571428571
"765",2022-03-01,309779,278,101,121117,379,430896,332.142857142857
"766",2022-03-02,310021,242,72,121189,314,431210,324.285714285714
"767",2022-03-03,310273,252,88,121277,340,431550,320.285714285714
"768",2022-03-04,310461,188,75,121352,263,431813,305.857142857143
"769",2022-03-05,310591,130,58,121410,188,432001,298.857142857143
"770",2022-03-06,310695,104,54,121464,158,432159,294.571428571429
"771",2022-03-07,310948,253,86,121550,339,432498,283
"772",2022-03-08,311164,216,77,121627,293,432791,270.714285714286
"773",2022-03-09,311404,240,81,121708,321,433112,271.714285714286
"774",2022-03-10,311564,160,59,121767,219,433331,254.428571428571
"775",2022-03-11,311750,186,60,121827,246,433577,252
"776",2022-03-12,311885,135,50,121877,185,433762,251.571428571429
"777",2022-03-13,311961,76,35,121912,111,433873,244.857142857143
"778",2022-03-14,312153,192,81,121993,273,434146,235.428571428571
"779",2022-03-15,312332,179,73,122066,252,434398,229.571428571429
"780",2022-03-16,312515,183,52,122118,235,434633,217.285714285714
"781",2022-03-17,312692,177,63,122181,240,434873,220.285714285714
"782",2022-03-18,312838,146,50,122231,196,435069,213.142857142857
"783",2022-03-19,312933,95,35,122266,130,435199,205.285714285714
"784",2022-03-20,313029,96,37,122303,133,435332,208.428571428571
"785",2022-03-21,313209,180,61,122364,241,435573,203.857142857143
"786",2022-03-22,313448,239,159,122523,398,435971,224.714285714286
"787",2022-03-23,313619,171,79,122602,250,436221,226.857142857143
"788",2022-03-24,313807,188,82,122684,270,436491,231.142857142857
"789",2022-03-25,313956,149,52,122736,201,436692,231.857142857143
"790",2022-03-26,314096,140,56,122792,196,436888,241.285714285714
"791",2022-03-27,314237,141,60,122852,201,437089,251
"792",2022-03-28,314444,207,110,122962,317,437406,261.857142857143
"793",2022-03-29,314689,245,115,123077,360,437766,256.428571428571
"794",2022-03-30,314948,259,96,123173,355,438121,271.428571428571
"795",2022-03-31,315148,200,104,123277,304,438425,276.285714285714
"796",2022-04-01,315349,201,114,123391,315,438740,292.571428571429
"797",2022-04-02,315476,127,63,123454,190,438930,291.714285714286
"798",2022-04-03,315619,143,96,123550,239,439169,297.142857142857
"799",2022-04-04,315916,297,146,123696,443,439612,315.142857142857
"800",2022-04-05,316177,261,142,123838,403,440015,321.285714285714
"801",2022-04-06,316456,279,122,123960,401,440416,327.857142857143
"802",2022-04-07,316677,221,108,124068,329,440745,331.428571428571
"803",2022-04-08,316899,222,122,124190,344,441089,335.571428571429
"804",2022-04-09,317050,151,107,124297,258,441347,345.285714285714
"805",2022-04-10,317214,164,93,124390,257,441604,347.857142857143
"806",2022-04-11,317494,280,170,124560,450,442054,348.857142857143
"807",2022-04-12,317844,350,189,124749,539,442593,368.285714285714
"808",2022-04-13,318136,292,157,124906,449,443042,375.142857142857
"809",2022-04-14,318406,270,153,125059,423,443465,388.571428571429
"810",2022-04-15,318711,305,166,125225,471,443936,406.714285714286
"811",2022-04-16,318973,262,137,125362,399,444335,426.857142857143
"812",2022-04-17,319171,198,96,125458,294,444629,432.142857142857
"813",2022-04-18,319620,449,244,125702,693,445322,466.857142857143
"814",2022-04-19,320065,445,236,125938,681,446003,487.142857142857
"815",2022-04-20,320488,423,236,126174,659,446662,517.142857142857
"816",2022-04-21,320903,415,219,126393,634,447296,547.285714285714
"817",2022-04-22,321366,463,202,126595,665,447961,575
"818",2022-04-23,321670,304,166,126761,470,448431,585.142857142857
"819",2022-04-24,322006,336,161,126922,497,448928,614.142857142857
"820",2022-04-25,322694,688,311,127233,999,449927,657.857142857143
"821",2022-04-26,323331,637,269,127502,906,450833,690
"822",2022-04-27,323911,580,273,127775,853,451686,717.714285714286
"823",2022-04-28,324452,541,237,128012,778,452464,738.285714285714
"824",2022-04-29,325011,559,245,128257,804,453268,758.142857142857
"825",2022-04-30,325456,445,201,128458,646,453914,783.285714285714
"826",2022-05-01,325846,390,221,128679,611,454525,799.571428571429
"827",2022-05-02,326736,890,373,129052,1263,455788,837.285714285714
"828",2022-05-03,327668,932,324,129376,1256,457044,887.285714285714
"829",2022-05-04,328521,853,347,129723,1200,458244,936.857142857143
"830",2022-05-05,329335,814,325,130048,1139,459383,988.428571428571
"831",2022-05-06,330115,780,345,130393,1125,460508,1034.28571428571
"832",2022-05-07,330672,557,233,130626,790,461298,1054.85714285714
"833",2022-05-08,331143,471,286,130912,757,462055,1075.71428571429
"834",2022-05-09,332175,1032,469,131381,1501,463556,1109.71428571429
"835",2022-05-10,333379,1204,434,131815,1638,465194,1164.28571428571
"836",2022-05-11,334440,1061,385,132200,1446,466640,1199.42857142857
"837",2022-05-12,335480,1040,401,132601,1441,468081,1242.57142857143
"838",2022-05-13,336432,952,407,133008,1359,469440,1276
"839",2022-05-14,337141,709,290,133298,999,470439,1305.85714285714
"840",2022-05-15,337878,737,323,133621,1060,471499,1349.14285714286
"841",2022-05-16,339265,1387,537,134158,1924,473423,1409.57142857143
"842",2022-05-17,340606,1341,550,134708,1891,475314,1445.71428571429
"843",2022-05-18,341861,1255,499,135207,1754,477068,1489.71428571429
"844",2022-05-19,343129,1268,429,135636,1697,478765,1526.28571428571
"845",2022-05-20,344231,1102,477,136113,1579,480344,1557.71428571429
"846",2022-05-21,344963,732,319,136432,1051,481395,1565.14285714286
"847",2022-05-22,345709,746,316,136748,1062,482457,1565.42857142857
"848",2022-05-23,347126,1417,583,137331,2000,484457,1576.28571428571
"849",2022-05-24,348547,1421,583,137914,2004,486461,1592.42857142857
"850",2022-05-25,349926,1379,537,138451,1916,488377,1615.57142857143
"851",2022-05-26,351085,1159,472,138923,1631,490008,1606.14285714286
"852",2022-05-27,352125,1040,390,139313,1430,491438,1584.85714285714
"853",2022-05-28,352847,722,257,139570,979,492417,1574.57142857143
"854",2022-05-29,353557,710,272,139842,982,493399,1563.14285714286
"855",2022-05-30,354264,707,255,140097,962,494361,1414.85714285714
"856",2022-05-31,355912,1648,697,140794,2345,496706,1463.57142857143
"857",2022-06-01,357350,1438,558,141352,1996,498702,1475
"858",2022-06-02,358559,1209,488,141840,1697,500399,1484.42857142857
"859",2022-06-03,359698,1139,384,142224,1523,501922,1497.71428571429
"860",2022-06-04,360563,865,285,142509,1150,503072,1522.14285714286
"861",2022-06-05,361337,774,318,142827,1092,504164,1537.85714285714
"862",2022-06-06,362772,1435,524,143351,1959,506123,1680.28571428571
"863",2022-06-07,364039,1267,487,143838,1754,507877,1595.85714285714
"864",2022-06-08,365252,1213,424,144262,1637,509514,1544.57142857143
"865",2022-06-09,366328,1076,398,144660,1474,510988,1512.71428571429
"866",2022-06-10,367390,1062,392,145052,1454,512442,1502.85714285714
"867",2022-06-11,368094,704,259,145311,963,513405,1476.14285714286
"868",2022-06-12,368745,651,226,145537,877,514282,1445.42857142857
"869",2022-06-13,369851,1106,476,146013,1582,515864,1391.57142857143
"870",2022-06-14,370973,1122,440,146453,1562,517426,1364.14285714286
"871",2022-06-15,372096,1123,387,146840,1510,518936,1346
"872",2022-06-16,373078,982,404,147244,1386,520322,1333.42857142857
"873",2022-06-17,374048,970,368,147612,1338,521660,1316.85714285714
"874",2022-06-18,374811,763,306,147918,1069,522729,1332
"875",2022-06-19,375473,662,269,148187,931,523660,1339.71428571429
"876",2022-06-20,376620,1147,463,148650,1610,525270,1343.71428571429
"877",2022-06-21,377891,1271,513,149163,1784,527054,1375.42857142857
"878",2022-06-22,379081,1190,494,149657,1684,528738,1400.28571428571
"879",2022-06-23,380208,1127,413,150070,1540,530278,1422.28571428571
"880",2022-06-24,381248,1040,354,150424,1394,531672,1430.28571428571
"881",2022-06-25,382043,795,337,150761,1132,532804,1439.28571428571
"882",2022-06-26,382773,730,278,151039,1008,533812,1450.28571428571
"883",2022-06-27,384101,1328,514,151553,1842,535654,1483.42857142857
"884",2022-06-28,385625,1524,477,152030,2001,537655,1514.42857142857
"885",2022-06-29,386873,1248,462,152492,1710,539365,1518.14285714286
"886",2022-06-30,387950,1077,385,152877,1462,540827,1507
"887",2022-07-01,389002,1052,418,153295,1470,542297,1517.85714285714
"888",2022-07-02,389672,670,276,153571,946,543243,1491.28571428571
"889",2022-07-03,390313,641,264,153835,905,544148,1476.57142857143
"890",2022-07-04,390834,521,308,154143,829,544977,1331.85714285714
"891",2022-07-05,392400,1566,528,154671,2094,547071,1345.14285714286
"892",2022-07-06,393615,1215,490,155161,1705,548776,1344.42857142857
"893",2022-07-07,394803,1188,411,155572,1599,550375,1364
"894",2022-07-08,395836,1033,348,155920,1381,551756,1351.28571428571
"895",2022-07-09,396614,778,294,156214,1072,552828,1369.28571428571
"896",2022-07-10,397274,660,246,156460,906,553734,1369.42857142857
"897",2022-07-11,398419,1145,485,156945,1630,555364,1483.85714285714
"898",2022-07-12,399530,1111,404,157349,1515,556879,1401.14285714286
"899",2022-07-13,400548,1018,403,157752,1421,558300,1360.57142857143
"900",2022-07-14,401479,931,345,158097,1276,559576,1314.42857142857
"901",2022-07-15,402403,924,306,158403,1230,560806,1292.85714285714
"902",2022-07-16,403057,654,235,158638,889,561695,1266.71428571429
"903",2022-07-17,403677,620,244,158882,864,562559,1260.71428571429
"904",2022-07-18,404799,1122,374,159256,1496,564055,1241.57142857143
"905",2022-07-19,405808,1009,376,159632,1385,565440,1223
"906",2022-07-20,406791,983,300,159932,1283,566723,1203.28571428571
"907",2022-07-21,407666,875,296,160228,1171,567894,1188.28571428571
"908",2022-07-22,408532,866,303,160531,1169,569063,1179.57142857143
"909",2022-07-23,409143,611,234,160765,845,569908,1173.28571428571
"910",2022-07-24,409656,513,183,160948,696,570604,1149.28571428571
"911",2022-07-25,410680,1024,341,161289,1365,571969,1130.57142857143
"912",2022-07-26,411606,926,371,161660,1297,573266,1118
"913",2022-07-27,412537,931,290,161950,1221,574487,1109.14285714286
"914",2022-07-28,413249,712,248,162198,960,575447,1079
"915",2022-07-29,413940,691,259,162457,950,576397,1047.71428571429
"916",2022-07-30,414414,474,177,162634,651,577048,1020
"917",2022-07-31,414873,459,179,162813,638,577686,1011.71428571429
"918",2022-08-01,415607,734,255,163068,989,578675,958
"919",2022-08-02,416441,834,291,163359,1125,579800,933.428571428571
"920",2022-08-03,417107,666,259,163618,925,580725,891.142857142857
"921",2022-08-04,417577,470,193,163811,663,581388,848.714285714286
"922",2022-08-05,418162,585,226,164037,811,582199,828.857142857143
"923",2022-08-06,418656,494,173,164210,667,582866,831.142857142857
"924",2022-08-07,419090,434,139,164349,573,583439,821.857142857143
"925",2022-08-08,419802,712,262,164611,974,584413,819.714285714286
"926",2022-08-09,420430,628,220,164831,848,585261,780.142857142857
"927",2022-08-10,421024,594,198,165029,792,586053,761.142857142857
"928",2022-08-11,421575,551,200,165229,751,586804,773.714285714286
"929",2022-08-12,422021,446,165,165394,611,587415,745.142857142857
"930",2022-08-13,422356,335,129,165523,464,587879,716.142857142857
"931",2022-08-14,422640,284,111,165634,395,588274,690.714285714286
"932",2022-08-15,423238,598,209,165843,807,589081,666.857142857143
"933",2022-08-16,423780,542,207,166050,749,589830,652.714285714286
"934",2022-08-17,424289,509,165,166215,674,590504,635.857142857143
"935",2022-08-18,424775,486,103,166318,589,591093,612.714285714286
"936",2022-08-19,425244,469,184,166502,653,591746,618.714285714286
"937",2022-08-20,425558,314,118,166620,432,592178,614.142857142857
"938",2022-08-21,425797,239,101,166721,340,592518,606.285714285714
"939",2022-08-22,426322,525,169,166890,694,593212,590.142857142857
"940",2022-08-23,426763,441,147,167037,588,593800,567.142857142857
"941",2022-08-24,427169,406,129,167166,535,594335,547.285714285714
"942",2022-08-25,427517,348,117,167283,465,594800,529.571428571429
"943",2022-08-26,427854,337,131,167414,468,595268,503.142857142857
"944",2022-08-27,428092,238,95,167509,333,595601,489
"945",2022-08-28,428297,205,97,167606,302,595903,483.571428571429
"946",2022-08-29,428681,384,155,167761,539,596442,461.428571428571
"947",2022-08-30,429098,417,109,167870,526,596968,452.571428571429
"948",2022-08-31,429462,364,107,167977,471,597439,443.428571428571
"949",2022-09-01,429756,294,109,168086,403,597842,434.571428571429
"950",2022-09-02,430081,325,99,168185,424,598266,428.285714285714
"951",2022-09-03,430275,194,82,168267,276,598542,420.142857142857
"952",2022-09-04,430460,185,68,168335,253,598795,413.142857142857
"953",2022-09-05,430630,170,64,168399,234,599029,369.571428571429
"954",2022-09-06,431003,373,122,168521,495,599524,365.142857142857
"955",2022-09-07,431312,309,109,168630,418,599942,357.571428571429
"956",2022-09-08,431598,286,110,168740,396,600338,356.571428571429
"957",2022-09-09,431861,263,87,168827,350,600688,346
"958",2022-09-10,432042,181,56,168883,237,600925,340.428571428571
"959",2022-09-11,432246,204,75,168958,279,601204,344.142857142857
"960",2022-09-12,432555,309,112,169070,421,601625,370.857142857143
"961",2022-09-13,432821,266,97,169167,363,601988,352
"962",2022-09-14,433072,251,87,169254,338,602326,340.571428571429
"963",2022-09-15,433276,204,81,169335,285,602611,324.714285714286
"964",2022-09-16,433516,240,93,169428,333,602944,322.285714285714
"965",2022-09-17,433663,147,70,169498,217,603161,319.428571428571
"966",2022-09-18,433797,134,64,169562,198,603359,307.857142857143
"967",2022-09-19,434043,246,111,169673,357,603716,298.714285714286
"968",2022-09-20,434274,231,102,169775,333,604049,294.428571428571
"969",2022-09-21,434490,216,87,169862,303,604352,289.428571428571
"970",2022-09-22,434687,197,77,169939,274,604626,287.857142857143
"971",2022-09-23,434882,195,71,170010,266,604892,278.285714285714
"972",2022-09-24,435030,148,76,170086,224,605116,279.285714285714
"973",2022-09-25,435165,135,76,170162,211,605327,281.142857142857
"974",2022-09-26,435427,262,134,170296,396,605723,286.714285714286
"975",2022-09-27,435690,263,94,170390,357,606080,290.142857142857
"976",2022-09-28,435930,240,71,170461,311,606391,291.285714285714
"977",2022-09-29,436117,187,79,170540,266,606657,290.142857142857
"978",2022-09-30,436337,220,84,170624,304,606961,295.571428571429
"979",2022-10-01,436506,169,66,170690,235,607196,297.142857142857
"980",2022-10-02,436676,170,47,170737,217,607413,298
"981",2022-10-03,436896,220,121,170858,341,607754,290.142857142857
"982",2022-10-04,437115,219,81,170939,300,608054,282
"983",2022-10-05,437312,197,91,171030,288,608342,278.714285714286
"984",2022-10-06,437501,189,79,171109,268,608610,279
"985",2022-10-07,437663,162,70,171179,232,608842,268.714285714286
"986",2022-10-08,437786,123,70,171249,193,609035,262.714285714286
"987",2022-10-09,437897,111,49,171298,160,609195,254.571428571429
"988",2022-10-10,438117,220,112,171410,332,609527,253.285714285714
"989",2022-10-11,438322,205,86,171496,291,609818,252
"990",2022-10-12,438501,179,79,171575,258,610076,247.714285714286
"991",2022-10-13,438699,198,76,171651,274,610350,248.571428571429
"992",2022-10-14,438870,171,97,171748,268,610618,253.714285714286
"993",2022-10-15,438996,126,49,171797,175,610793,251.142857142857
"994",2022-10-16,439107,111,59,171856,170,610963,252.571428571429
"995",2022-10-17,439307,200,102,171958,302,611265,248.285714285714
"996",2022-10-18,439528,221,67,172025,288,611553,247.857142857143
"997",2022-10-19,439733,205,78,172103,283,611836,251.428571428571
"998",2022-10-20,439879,146,69,172172,215,612051,243
"999",2022-10-21,440030,151,71,172243,222,612273,236.428571428571
"1000",2022-10-22,440153,123,45,172288,168,612441,235.428571428571
"1001",2022-10-23,440153,0,57,172345,57,612498,219.285714285714
"1002",2022-10-24,440153,0,91,172436,91,612589,189.142857142857
"1003",2022-10-25,440153,0,62,172498,62,612651,156.857142857143
"1004",2022-10-26,440153,0,73,172571,73,612724,126.857142857143
"1005",2022-10-27,440153,0,89,172660,89,612813,108.857142857143
"1006",2022-10-28,440153,0,86,172746,86,612899,89.4285714285714
"1007",2022-10-29,440153,0,56,172802,56,612955,73.4285714285714
"1008",2022-10-30,440153,0,56,172858,56,613011,73.2857142857143
"1009",2022-10-31,440153,0,94,172952,94,613105,73.7142857142857
"1010",2022-11-01,440153,0,103,173055,103,613208,79.5714285714286
"1011",2022-11-02,440153,0,80,173135,80,613288,80.5714285714286
"1012",2022-11-03,440153,0,65,173200,65,613353,77.1428571428571
"1013",2022-11-04,440153,0,99,173299,99,613452,79
"1014",2022-11-05,440153,0,71,173370,71,613523,81.1428571428571
"1015",2022-11-06,440153,0,59,173429,59,613582,81.5714285714286
"1016",2022-11-07,440153,0,104,173533,104,613686,83
"1017",2022-11-08,440153,0,95,173628,95,613781,81.8571428571429
"1018",2022-11-09,440153,0,95,173723,95,613876,84
"1019",2022-11-10,440153,0,107,173830,107,613983,90
"1020",2022-11-11,440153,0,92,173922,92,614075,89
"1021",2022-11-12,440153,0,70,173992,70,614145,88.8571428571429
"1022",2022-11-13,440153,0,65,174057,65,614210,89.7142857142857
"1023",2022-11-14,440153,0,132,174189,132,614342,93.7142857142857
"1024",2022-11-15,440153,0,142,174331,142,614484,100.428571428571
"1025",2022-11-16,440153,0,113,174444,113,614597,103
"1026",2022-11-17,440153,0,108,174552,108,614705,103.142857142857
"1027",2022-11-18,440153,0,97,174649,97,614802,103.857142857143
"1028",2022-11-19,440153,0,56,174705,56,614858,101.857142857143
"1029",2022-11-20,440153,0,82,174787,82,614940,104.285714285714
"1030",2022-11-21,440153,0,149,174936,149,615089,106.714285714286
"1031",2022-11-22,440153,0,123,175059,123,615212,104
"1032",2022-11-23,440153,0,134,175193,134,615346,107
"1033",2022-11-24,440153,0,57,175250,57,615403,99.7142857142857
"1034",2022-11-25,440153,0,136,175386,136,615539,105.285714285714
"1035",2022-11-26,440153,0,177,175563,177,615716,122.571428571429
"1036",2022-11-27,440153,0,152,175715,152,615868,132.571428571429
"1037",2022-11-28,440153,0,317,176032,317,616185,156.571428571429
"1038",2022-11-29,440153,0,243,176275,243,616428,173.714285714286
"1039",2022-11-30,440153,0,190,176465,190,616618,181.714285714286
"1040",2022-12-01,440153,0,191,176656,191,616809,200.857142857143
"1041",2022-12-02,440153,0,167,176823,167,616976,205.285714285714
"1042",2022-12-03,440153,0,125,176948,125,617101,197.857142857143
"1043",2022-12-04,440153,0,125,177073,125,617226,194
"1044",2022-12-05,440153,0,206,177279,206,617432,178.142857142857
"1045",2022-12-06,440153,0,218,177497,218,617650,174.571428571429
"1046",2022-12-07,440153,0,194,177691,194,617844,175.142857142857
"1047",2022-12-08,440153,0,156,177847,156,618000,170.142857142857
"1048",2022-12-09,440153,0,159,178006,159,618159,169
"1049",2022-12-10,440153,0,113,178119,113,618272,167.285714285714
"1050",2022-12-11,440153,0,114,178233,114,618386,165.714285714286
"1051",2022-12-12,440153,0,202,178435,202,618588,165.142857142857
"1052",2022-12-13,440153,0,161,178596,161,618749,157
"1053",2022-12-14,440153,0,127,178723,127,618876,147.428571428571
"1054",2022-12-15,440153,0,150,178873,150,619026,146.571428571429
"1055",2022-12-16,440153,0,133,179006,133,619159,142.857142857143
"1056",2022-12-17,440153,0,82,179088,82,619241,138.428571428571
"1057",2022-12-18,440153,0,93,179181,93,619334,135.428571428571
"1058",2022-12-19,440153,0,182,179363,182,619516,132.571428571429
"1059",2022-12-20,440153,0,180,179543,180,619696,135.285714285714
"1060",2022-12-21,440153,0,131,179674,131,619827,135.857142857143
"1061",2022-12-22,440153,0,146,179820,146,619973,135.285714285714
"1062",2022-12-23,440153,0,117,179937,117,620090,133
"1063",2022-12-24,440153,0,65,180002,65,620155,130.571428571429
"1064",2022-12-25,440153,0,66,180068,66,620221,126.714285714286
"1065",2022-12-26,440153,0,121,180189,121,620342,118
"1066",2022-12-27,440153,0,181,180370,181,620523,118.142857142857
"1067",2022-12-28,440153,0,146,180516,146,620669,120.285714285714
"1068",2022-12-29,440153,0,126,180642,126,620795,117.428571428571
"1069",2022-12-30,440153,0,91,180733,91,620886,113.714285714286
"1070",2022-12-31,440153,0,44,180777,44,620930,110.714285714286
"1071",2023-01-01,440153,0,51,180828,51,620981,108.571428571429
"1072",2023-01-02,440153,0,93,180921,93,621074,104.571428571429
"1073",2023-01-03,440153,0,153,181074,153,621227,100.571428571429
"1074",2023-01-04,440153,0,77,181151,77,621304,90.7142857142857
"1075",2023-01-05,440153,0,78,181229,78,621382,83.8571428571429
"1076",2023-01-06,440153,0,100,181329,100,621482,85.1428571428571
"1077",2023-01-07,440153,0,48,181377,48,621530,85.7142857142857
"1078",2023-01-08,440153,0,38,181415,38,621568,83.8571428571429
"1079",2023-01-09,440153,0,95,181510,95,621663,84.1428571428571
"1080",2023-01-10,440153,0,78,181588,78,621741,73.4285714285714
"1081",2023-01-11,440153,0,66,181654,66,621807,71.8571428571429
"1082",2023-01-12,440153,0,51,181705,51,621858,68
"1083",2023-01-13,440153,0,57,181762,57,621915,61.8571428571429
"1084",2023-01-14,440153,0,47,181809,47,621962,61.7142857142857
"1085",2023-01-15,440153,0,21,181830,21,621983,59.2857142857143
"1086",2023-01-16,440153,0,37,181867,37,622020,51
"1087",2023-01-17,440153,0,48,181915,48,622068,46.7142857142857
"1088",2023-01-18,440153,0,26,181941,26,622094,41
"1089",2023-01-19,440153,0,2,181943,2,622096,34
