"","date","total_cases_scc","new_cases_scc","new_cases_smc","total_cases_smc","new_cases","total_cases","new_cases_mov7"
"1",2020-01-27,1,1,0,0,1,1,1
"2",2020-01-28,2,1,0,0,1,2,1
"3",2020-01-29,3,1,0,0,1,3,1
"4",2020-01-30,4,1,0,0,1,4,1
"5",2020-01-31,6,2,0,0,2,6,1.2
"6",2020-02-01,6,0,0,0,0,6,1
"7",2020-02-02,6,0,0,0,0,6,0.857142857142857
"8",2020-02-03,6,0,0,0,0,6,0.714285714285714
"9",2020-02-04,6,0,0,0,0,6,0.571428571428571
"10",2020-02-05,6,0,0,0,0,6,0.428571428571429
"11",2020-02-06,6,0,0,0,0,6,0.285714285714286
"12",2020-02-07,6,0,0,0,0,6,0
"13",2020-02-08,6,0,0,0,0,6,0
"14",2020-02-09,6,0,0,0,0,6,0
"15",2020-02-10,6,0,0,0,0,6,0
"16",2020-02-11,6,0,0,0,0,6,0
"17",2020-02-12,6,0,0,0,0,6,0
"18",2020-02-13,6,0,0,0,0,6,0
"19",2020-02-14,6,0,0,0,0,6,0
"20",2020-02-15,6,0,0,0,0,6,0
"21",2020-02-16,6,0,0,0,0,6,0
"22",2020-02-17,7,1,0,0,1,7,0.142857142857143
"23",2020-02-18,7,0,0,0,0,7,0.142857142857143
"24",2020-02-19,7,0,0,0,0,7,0.142857142857143
"25",2020-02-20,8,1,16,16,17,24,2.57142857142857
"26",2020-02-21,8,0,2,18,2,26,2.85714285714286
"27",2020-02-22,8,0,0,18,0,26,2.85714285714286
"28",2020-02-23,8,0,2,20,2,28,3.14285714285714
"29",2020-02-24,8,0,3,23,3,31,3.42857142857143
"30",2020-02-25,8,0,4,27,4,35,4
"31",2020-02-26,10,2,1,28,3,38,4.42857142857143
"32",2020-02-27,10,0,2,30,2,40,2.28571428571429
"33",2020-02-28,12,2,4,34,6,46,2.85714285714286
"34",2020-02-29,16,4,5,39,9,55,4.14285714285714
"35",2020-03-01,16,0,8,47,8,63,5
"36",2020-03-02,21,5,8,55,13,76,6.42857142857143
"37",2020-03-03,23,2,9,64,11,87,7.42857142857143
"38",2020-03-04,28,5,7,71,12,99,8.71428571428571
"39",2020-03-05,35,7,4,75,11,110,10
"40",2020-03-06,45,10,14,89,24,134,12.5714285714286
"41",2020-03-07,53,8,8,97,16,150,13.5714285714286
"42",2020-03-08,57,4,10,107,14,164,14.4285714285714
"43",2020-03-09,74,17,14,121,31,195,17
"44",2020-03-10,89,15,13,134,28,223,19.4285714285714
"45",2020-03-11,115,26,14,148,40,263,23.4285714285714
"46",2020-03-12,138,23,16,164,39,302,27.4285714285714
"47",2020-03-13,186,48,33,197,81,383,35.5714285714286
"48",2020-03-14,229,43,19,216,62,445,42.1428571428571
"49",2020-03-15,261,32,25,241,57,502,48.2857142857143
"50",2020-03-16,298,37,33,274,70,572,53.8571428571429
"51",2020-03-17,349,51,36,310,87,659,62.2857142857143
"52",2020-03-18,391,42,26,336,68,727,66.2857142857143
"53",2020-03-19,434,43,21,357,64,791,69.8571428571429
"54",2020-03-20,497,63,33,390,96,887,72
"55",2020-03-21,533,36,30,420,66,953,72.5714285714286
"56",2020-03-22,575,42,37,457,79,1032,75.7142857142857
"57",2020-03-23,653,78,29,486,107,1139,81
"58",2020-03-24,723,70,38,524,108,1247,84
"59",2020-03-25,802,79,38,562,117,1364,91
"60",2020-03-26,875,73,37,599,110,1474,97.5714285714286
"61",2020-03-27,941,66,34,633,100,1574,98.1428571428571
"62",2020-03-28,981,40,27,660,67,1641,98.2857142857143
"63",2020-03-29,1006,25,19,679,44,1685,93.2857142857143
"64",2020-03-30,1080,74,25,704,99,1784,92.1428571428571
"65",2020-03-31,1132,52,23,727,75,1859,87.4285714285714
"66",2020-04-01,1182,50,18,745,68,1927,80.4285714285714
"67",2020-04-02,1234,52,18,763,70,1997,74.7142857142857
"68",2020-04-03,1277,43,20,783,63,2060,69.4285714285714
"69",2020-04-04,1309,32,16,799,48,2108,66.7142857142857
"70",2020-04-05,1351,42,12,811,54,2162,68.1428571428571
"71",2020-04-06,1404,53,21,832,74,2236,64.5714285714286
"72",2020-04-07,1445,41,20,852,61,2297,62.5714285714286
"73",2020-04-08,1515,70,19,871,89,2386,65.5714285714286
"74",2020-04-09,1583,68,13,884,81,2467,67.1428571428571
"75",2020-04-10,1664,81,16,900,97,2564,72
"76",2020-04-11,1705,41,15,915,56,2620,73.1428571428571
"77",2020-04-12,1729,24,11,926,35,2655,70.4285714285714
"78",2020-04-13,1769,40,26,952,66,2721,69.2857142857143
"79",2020-04-14,1813,44,40,992,84,2805,72.5714285714286
"80",2020-04-15,1844,31,36,1028,67,2872,69.4285714285714
"81",2020-04-16,1870,26,48,1076,74,2946,68.4285714285714
"82",2020-04-17,1910,40,28,1104,68,3014,64.2857142857143
"83",2020-04-18,1925,15,16,1120,31,3045,60.7142857142857
"84",2020-04-19,1939,14,21,1141,35,3080,60.7142857142857
"85",2020-04-20,1964,25,38,1179,63,3143,60.2857142857143
"86",2020-04-21,1990,26,23,1202,49,3192,55.2857142857143
"87",2020-04-22,2039,49,43,1245,92,3284,58.8571428571429
"88",2020-04-23,2059,20,22,1267,42,3326,54.2857142857143
"89",2020-04-24,2088,29,38,1305,67,3393,54.1428571428571
"90",2020-04-25,2102,14,20,1325,34,3427,54.5714285714286
"91",2020-04-26,2113,11,18,1343,29,3456,53.7142857142857
"92",2020-04-27,2137,24,26,1369,50,3506,51.8571428571429
"93",2020-04-28,2158,21,21,1390,42,3548,50.8571428571429
"94",2020-04-29,2186,28,13,1403,41,3589,43.5714285714286
"95",2020-04-30,2197,11,27,1430,38,3627,43
"96",2020-05-01,2219,22,30,1460,52,3679,40.8571428571429
"97",2020-05-02,2231,12,17,1477,29,3708,40.1428571428571
"98",2020-05-03,2239,8,16,1493,24,3732,39.4285714285714
"99",2020-05-04,2258,19,28,1521,47,3779,39
"100",2020-05-05,2271,13,22,1543,35,3814,38
"101",2020-05-06,2298,27,29,1572,56,3870,40.1428571428571
"102",2020-05-07,2311,13,26,1598,39,3909,40.2857142857143
"103",2020-05-08,2335,24,23,1621,47,3956,39.5714285714286
"104",2020-05-09,2346,11,16,1637,27,3983,39.2857142857143
"105",2020-05-10,2349,3,19,1656,22,4005,39
"106",2020-05-11,2369,20,23,1679,43,4048,38.4285714285714
"107",2020-05-12,2384,15,29,1708,44,4092,39.7142857142857
"108",2020-05-13,2404,20,28,1736,48,4140,38.5714285714286
"109",2020-05-14,2428,24,34,1770,58,4198,41.2857142857143
"110",2020-05-15,2443,15,55,1825,70,4268,44.5714285714286
"111",2020-05-16,2458,15,23,1848,38,4306,46.1428571428571
"112",2020-05-17,2465,7,17,1865,24,4330,46.4285714285714
"113",2020-05-18,2504,39,41,1906,80,4410,51.7142857142857
"114",2020-05-19,2548,44,39,1945,83,4493,57.2857142857143
"115",2020-05-20,2584,36,42,1987,78,4571,61.5714285714286
"116",2020-05-21,2605,21,70,2057,91,4662,66.2857142857143
"117",2020-05-22,2631,26,35,2092,61,4723,65
"118",2020-05-23,2648,17,19,2111,36,4759,64.7142857142857
"119",2020-05-24,2650,2,29,2140,31,4790,65.7142857142857
"120",2020-05-25,2657,7,34,2174,41,4831,60.1428571428571
"121",2020-05-26,2687,30,39,2213,69,4900,58.1428571428571
"122",2020-05-27,2726,39,38,2251,77,4977,58
"123",2020-05-28,2749,23,41,2292,64,5041,54.1428571428571
"124",2020-05-29,2793,44,31,2323,75,5116,56.1428571428571
"125",2020-05-30,2809,16,20,2343,36,5152,56.1428571428571
"126",2020-05-31,2819,10,25,2368,35,5187,56.7142857142857
"127",2020-06-01,2853,34,52,2420,86,5273,63.1428571428571
"128",2020-06-02,2878,25,46,2466,71,5344,63.4285714285714
"129",2020-06-03,2919,41,36,2502,77,5421,63.4285714285714
"130",2020-06-04,2955,36,27,2529,63,5484,63.2857142857143
"131",2020-06-05,2992,37,25,2554,62,5546,61.4285714285714
"132",2020-06-06,3005,13,25,2579,38,5584,61.7142857142857
"133",2020-06-07,3023,18,13,2592,31,5615,61.1428571428571
"134",2020-06-08,3062,39,31,2623,70,5685,58.8571428571429
"135",2020-06-09,3108,46,32,2655,78,5763,59.8571428571429
"136",2020-06-10,3171,63,31,2686,94,5857,62.2857142857143
"137",2020-06-11,3221,50,40,2726,90,5947,66.1428571428571
"138",2020-06-12,3279,58,37,2763,95,6042,70.8571428571429
"139",2020-06-13,3300,21,37,2800,58,6100,73.7142857142857
"140",2020-06-14,3313,13,21,2821,34,6134,74.1428571428571
"141",2020-06-15,3375,62,59,2880,121,6255,81.4285714285714
"142",2020-06-16,3469,94,43,2923,137,6392,89.8571428571429
"143",2020-06-17,3560,91,53,2976,144,6536,97
"144",2020-06-18,3662,102,46,3022,148,6684,105.285714285714
"145",2020-06-19,3773,111,40,3062,151,6835,113.285714285714
"146",2020-06-20,3823,50,39,3101,89,6924,117.714285714286
"147",2020-06-21,3860,37,49,3150,86,7010,125.142857142857
"148",2020-06-22,3964,104,62,3212,166,7176,131.571428571429
"149",2020-06-23,4153,189,77,3289,266,7442,150
"150",2020-06-24,4299,146,68,3357,214,7656,160
"151",2020-06-25,4432,133,56,3413,189,7845,165.857142857143
"152",2020-06-26,4569,137,70,3483,207,8052,173.857142857143
"153",2020-06-27,4680,111,50,3533,161,8213,184.142857142857
"154",2020-06-28,4740,60,56,3589,116,8329,188.428571428571
"155",2020-06-29,4884,144,76,3665,220,8549,196.142857142857
"156",2020-06-30,5073,189,59,3724,248,8797,193.571428571429
"157",2020-07-01,5258,185,80,3804,265,9062,200.857142857143
"158",2020-07-02,5442,184,66,3870,250,9312,209.571428571429
"159",2020-07-03,5520,78,79,3949,157,9469,202.428571428571
"160",2020-07-04,5564,44,58,4007,102,9571,194
"161",2020-07-05,5659,95,63,4070,158,9729,200
"162",2020-07-06,5910,251,109,4179,360,10089,220
"163",2020-07-07,6200,290,92,4271,382,10471,239.142857142857
"164",2020-07-08,6483,283,117,4388,400,10871,258.428571428571
"165",2020-07-09,6764,281,120,4508,401,11272,280
"166",2020-07-10,7008,244,125,4633,369,11641,310.285714285714
"167",2020-07-11,7189,181,65,4698,246,11887,330.857142857143
"168",2020-07-12,7308,119,70,4768,189,12076,335.285714285714
"169",2020-07-13,7513,205,120,4888,325,12401,330.285714285714
"170",2020-07-14,7864,351,132,5020,483,12884,344.714285714286
"171",2020-07-15,8245,381,95,5115,476,13360,355.571428571429
"172",2020-07-16,8584,339,114,5229,453,13813,363
"173",2020-07-17,8879,295,109,5338,404,14217,368
"174",2020-07-18,9051,172,95,5433,267,14484,371
"175",2020-07-19,9139,88,58,5491,146,14630,364.857142857143
"176",2020-07-20,9356,217,101,5592,318,14948,363.857142857143
"177",2020-07-21,9664,308,103,5695,411,15359,353.571428571429
"178",2020-07-22,9963,299,85,5780,384,15743,340.428571428571
"179",2020-07-23,10244,281,81,5861,362,16105,327.428571428571
"180",2020-07-24,10490,246,102,5963,348,16453,319.428571428571
"181",2020-07-25,10616,126,61,6024,187,16640,308
"182",2020-07-26,10702,86,63,6087,149,16789,308.428571428571
"183",2020-07-27,10878,176,102,6189,278,17067,302.714285714286
"184",2020-07-28,11176,298,100,6289,398,17465,300.857142857143
"185",2020-07-29,11447,271,69,6358,340,17805,294.571428571429
"186",2020-07-30,11687,240,91,6449,331,18136,290.142857142857
"187",2020-07-31,11946,259,97,6546,356,18492,291.285714285714
"188",2020-08-01,12119,173,73,6619,246,18738,299.714285714286
"189",2020-08-02,12203,84,54,6673,138,18876,298.142857142857
"190",2020-08-03,12373,170,113,6786,283,19159,298.857142857143
"191",2020-08-04,12675,302,82,6868,384,19543,296.857142857143
"192",2020-08-05,13008,333,114,6982,447,19990,312.142857142857
"193",2020-08-06,13254,246,97,7079,343,20333,313.857142857143
"194",2020-08-07,13512,258,98,7177,356,20689,313.857142857143
"195",2020-08-08,13718,206,63,7240,269,20958,317.142857142857
"196",2020-08-09,13826,108,55,7295,163,21121,320.714285714286
"197",2020-08-10,14047,221,98,7393,319,21440,325.857142857143
"198",2020-08-11,14376,329,81,7474,410,21850,329.571428571429
"199",2020-08-12,14660,284,78,7552,362,22212,317.428571428571
"200",2020-08-13,14902,242,78,7630,320,22532,314.142857142857
"201",2020-08-14,15155,253,57,7687,310,22842,307.571428571429
"202",2020-08-15,15311,156,58,7745,214,23056,299.714285714286
"203",2020-08-16,15382,71,38,7783,109,23165,292
"204",2020-08-17,15567,185,77,7860,262,23427,283.857142857143
"205",2020-08-18,15835,268,55,7915,323,23750,271.428571428571
"206",2020-08-19,16007,172,60,7975,232,23982,252.857142857143
"207",2020-08-20,16169,162,69,8044,231,24213,240.142857142857
"208",2020-08-21,16335,166,62,8106,228,24441,228.428571428571
"209",2020-08-22,16472,137,60,8166,197,24638,226
"210",2020-08-23,16532,60,47,8213,107,24745,225.714285714286
"211",2020-08-24,16686,154,96,8309,250,24995,224
"212",2020-08-25,16973,287,67,8376,354,25349,228.428571428571
"213",2020-08-26,17201,228,59,8435,287,25636,236.285714285714
"214",2020-08-27,17399,198,67,8502,265,25901,241.142857142857
"215",2020-08-28,17589,190,106,8608,296,26197,250.857142857143
"216",2020-08-29,17730,141,47,8655,188,26385,249.571428571429
"217",2020-08-30,17786,56,41,8696,97,26482,248.142857142857
"218",2020-08-31,17934,148,80,8776,228,26710,245
"219",2020-09-01,18168,234,68,8844,302,27012,237.571428571429
"220",2020-09-02,18399,231,81,8925,312,27324,241.142857142857
"221",2020-09-03,18567,168,63,8988,231,27555,236.285714285714
"222",2020-09-04,18744,177,78,9066,255,27810,230.428571428571
"223",2020-09-05,18834,90,48,9114,138,27948,223.285714285714
"224",2020-09-06,18879,45,46,9160,91,28039,222.428571428571
"225",2020-09-07,18920,41,55,9215,96,28135,203.571428571429
"226",2020-09-08,19112,192,76,9291,268,28403,198.714285714286
"227",2020-09-09,19319,207,76,9367,283,28686,194.571428571429
"228",2020-09-10,19463,144,61,9428,205,28891,190.857142857143
"229",2020-09-11,19595,132,46,9474,178,29069,179.857142857143
"230",2020-09-12,19678,83,42,9516,125,29194,178
"231",2020-09-13,19711,33,41,9557,74,29268,175.571428571429
"232",2020-09-14,19836,125,61,9618,186,29454,188.428571428571
"233",2020-09-15,20062,226,64,9682,290,29744,191.571428571429
"234",2020-09-16,20212,150,68,9750,218,29962,182.285714285714
"235",2020-09-17,20388,176,64,9814,240,30202,187.285714285714
"236",2020-09-18,20520,132,45,9859,177,30379,187.142857142857
"237",2020-09-19,20591,71,39,9898,110,30489,185
"238",2020-09-20,20633,42,30,9928,72,30561,184.714285714286
"239",2020-09-21,20755,122,68,9996,190,30751,185.285714285714
"240",2020-09-22,20900,145,53,10049,198,30949,172.142857142857
"241",2020-09-23,21038,138,40,10089,178,31127,166.428571428571
"242",2020-09-24,21156,118,38,10127,156,31283,154.428571428571
"243",2020-09-25,21259,103,49,10176,152,31435,150.857142857143
"244",2020-09-26,21311,52,39,10215,91,31526,148.142857142857
"245",2020-09-27,21351,40,33,10248,73,31599,148.285714285714
"246",2020-09-28,21448,97,71,10319,168,31767,145.142857142857
"247",2020-09-29,21594,146,46,10365,192,31959,144.285714285714
"248",2020-09-30,21712,118,48,10413,166,32125,142.571428571429
"249",2020-10-01,21832,120,42,10455,162,32287,143.428571428571
"250",2020-10-02,21953,121,47,10502,168,32455,145.714285714286
"251",2020-10-03,22019,66,41,10543,107,32562,148
"252",2020-10-04,22062,43,26,10569,69,32631,147.428571428571
"253",2020-10-05,22147,85,60,10629,145,32776,144.142857142857
"254",2020-10-06,22296,149,27,10656,176,32952,141.857142857143
"255",2020-10-07,22426,130,31,10687,161,33113,141.142857142857
"256",2020-10-08,22553,127,43,10730,170,33283,142.285714285714
"257",2020-10-09,22665,112,33,10763,145,33428,139
"258",2020-10-10,22752,87,29,10792,116,33544,140.285714285714
"259",2020-10-11,22796,44,36,10828,80,33624,141.857142857143
"260",2020-10-12,22930,134,32,10860,166,33790,144.857142857143
"261",2020-10-13,23080,150,49,10909,199,33989,148.142857142857
"262",2020-10-14,23223,143,43,10952,186,34175,151.714285714286
"263",2020-10-15,23383,160,51,11003,211,34386,157.571428571429
"264",2020-10-16,23494,111,40,11043,151,34537,158.428571428571
"265",2020-10-17,23560,66,26,11069,92,34629,155
"266",2020-10-18,23600,40,29,11098,69,34698,153.428571428571
"267",2020-10-19,23740,140,61,11159,201,34899,158.428571428571
"268",2020-10-20,23937,197,48,11207,245,35144,165
"269",2020-10-21,24084,147,45,11252,192,35336,165.857142857143
"270",2020-10-22,24216,132,47,11299,179,35515,161.285714285714
"271",2020-10-23,24361,145,56,11355,201,35716,168.428571428571
"272",2020-10-24,24430,69,49,11404,118,35834,172.142857142857
"273",2020-10-25,24486,56,39,11443,95,35929,175.857142857143
"274",2020-10-26,24644,158,51,11494,209,36138,177
"275",2020-10-27,24846,202,43,11537,245,36383,177
"276",2020-10-28,25015,169,47,11584,216,36599,180.428571428571
"277",2020-10-29,25158,143,68,11652,211,36810,185
"278",2020-10-30,25306,148,47,11699,195,37005,184.142857142857
"279",2020-10-31,25404,98,60,11759,158,37163,189.857142857143
"280",2020-11-01,25460,56,53,11812,109,37272,191.857142857143
"281",2020-11-02,25680,220,82,11894,302,37574,205.142857142857
"282",2020-11-03,25961,281,112,12006,393,37967,226.285714285714
"283",2020-11-04,26260,299,97,12103,396,38363,252
"284",2020-11-05,26526,266,99,12202,365,38728,274
"285",2020-11-06,26783,257,99,12301,356,39084,297
"286",2020-11-07,26994,211,76,12377,287,39371,315.428571428571
"287",2020-11-08,27080,86,60,12437,146,39517,320.714285714286
"288",2020-11-09,27377,297,128,12565,425,39942,338.285714285714
"289",2020-11-10,27805,428,109,12674,537,40479,358.857142857143
"290",2020-11-11,28149,344,103,12777,447,40926,366.142857142857
"291",2020-11-12,28594,445,116,12893,561,41487,394.142857142857
"292",2020-11-13,28975,381,120,13013,501,41988,414.857142857143
"293",2020-11-14,29242,267,90,13103,357,42345,424.857142857143
"294",2020-11-15,29359,117,102,13205,219,42564,435.285714285714
"295",2020-11-16,29676,317,181,13386,498,43062,445.714285714286
"296",2020-11-17,30241,565,165,13551,730,43792,473.285714285714
"297",2020-11-18,30816,575,161,13712,736,44528,514.571428571429
"298",2020-11-19,31329,513,153,13865,666,45194,529.571428571429
"299",2020-11-20,31881,552,133,13998,685,45879,555.857142857143
"300",2020-11-21,32222,341,132,14130,473,46352,572.428571428571
"301",2020-11-22,32496,274,102,14232,376,46728,594.857142857143
"302",2020-11-23,33127,631,199,14431,830,47558,642.285714285714
"303",2020-11-24,33817,690,196,14627,886,48444,664.571428571429
"304",2020-11-25,34659,842,195,14822,1037,49481,707.571428571429
"305",2020-11-26,34810,151,120,14942,271,49752,651.142857142857
"306",2020-11-27,35339,529,185,15127,714,50466,655.285714285714
"307",2020-11-28,35899,560,196,15323,756,51222,695.714285714286
"308",2020-11-29,36411,512,186,15509,698,51920,741.714285714286
"309",2020-11-30,37354,943,335,15844,1278,53198,805.714285714286
"310",2020-12-01,38651,1297,354,16198,1651,54849,915
"311",2020-12-02,40003,1352,324,16522,1676,56525,1006.28571428571
"312",2020-12-03,41232,1229,352,16874,1581,58106,1193.42857142857
"313",2020-12-04,42457,1225,348,17222,1573,59679,1316.14285714286
"314",2020-12-05,43271,814,290,17512,1104,60783,1365.85714285714
"315",2020-12-06,43764,493,246,17758,739,61522,1371.71428571429
"316",2020-12-07,45045,1281,507,18265,1788,63310,1444.57142857143
"317",2020-12-08,46598,1553,434,18699,1987,65297,1492.57142857143
"318",2020-12-09,48137,1539,391,19090,1930,67227,1528.85714285714
"319",2020-12-10,49468,1331,440,19530,1771,68998,1556
"320",2020-12-11,50581,1113,440,19970,1553,70551,1553.14285714286
"321",2020-12-12,51400,819,272,20242,1091,71642,1551.28571428571
"322",2020-12-13,52166,766,214,20456,980,72622,1585.71428571429
"323",2020-12-14,53414,1248,489,20945,1737,74359,1578.42857142857
"324",2020-12-15,55251,1837,494,21439,2331,76690,1627.57142857143
"325",2020-12-16,56893,1642,399,21838,2041,78731,1643.42857142857
"326",2020-12-17,58389,1496,324,22162,1820,80551,1650.42857142857
"327",2020-12-18,59575,1186,367,22529,1553,82104,1650.42857142857
"328",2020-12-19,60322,747,306,22835,1053,83157,1645
"329",2020-12-20,60924,602,213,23048,815,83972,1621.42857142857
"330",2020-12-21,62451,1527,430,23478,1957,85929,1652.85714285714
"331",2020-12-22,63888,1437,399,23877,1836,87765,1582.14285714286
"332",2020-12-23,65322,1434,322,24199,1756,89521,1541.42857142857
"333",2020-12-24,66063,741,300,24499,1041,90562,1430.14285714286
"334",2020-12-25,66273,210,197,24696,407,90969,1266.42857142857
"335",2020-12-26,67263,990,317,25013,1307,92276,1302.71428571429
"336",2020-12-27,68069,806,332,25345,1138,93414,1348.85714285714
"337",2020-12-28,69891,1822,541,25886,2363,95777,1406.85714285714
"338",2020-12-29,71707,1816,442,26328,2258,98035,1467.14285714286
"339",2020-12-30,73618,1911,441,26769,2352,100387,1552.28571428571
"340",2020-12-31,74795,1177,373,27142,1550,101937,1625
"341",2021-01-01,75070,275,306,27448,581,102518,1649.85714285714
"342",2021-01-02,76059,989,452,27900,1441,103959,1669
"343",2021-01-03,76987,928,346,28246,1274,105233,1688.42857142857
"344",2021-01-04,78596,1609,608,28854,2217,107450,1667.57142857143
"345",2021-01-05,80850,2254,566,29420,2820,110270,1747.85714285714
"346",2021-01-06,82661,1811,498,29918,2309,112579,1741.71428571429
"347",2021-01-07,84286,1625,430,30348,2055,114634,1813.85714285714
"348",2021-01-08,85428,1142,529,30877,1671,116305,1969.57142857143
"349",2021-01-09,86299,871,352,31229,1223,117528,1938.42857142857
"350",2021-01-10,86994,695,307,31536,1002,118530,1899.57142857143
"351",2021-01-11,88278,1284,494,32030,1778,120308,1836.85714285714
"352",2021-01-12,89763,1485,453,32483,1938,122246,1710.85714285714
"353",2021-01-13,91076,1313,397,32880,1710,123956,1625.28571428571
"354",2021-01-14,92240,1164,349,33229,1513,125469,1547.85714285714
"355",2021-01-15,93294,1054,369,33598,1423,126892,1512.42857142857
"356",2021-01-16,93914,620,243,33841,863,127755,1461
"357",2021-01-17,94384,470,172,34013,642,128397,1409.57142857143
"358",2021-01-18,95122,738,253,34266,991,129388,1297.14285714286
"359",2021-01-19,96142,1020,316,34582,1336,130724,1211.14285714286
"360",2021-01-20,97025,883,297,34879,1180,131904,1135.42857142857
"361",2021-01-21,97803,778,231,35110,1009,132913,1063.42857142857
"362",2021-01-22,98422,619,247,35357,866,133779,983.857142857143
"363",2021-01-23,98844,422,226,35583,648,134427,953.142857142857
"364",2021-01-24,99189,345,177,35760,522,134949,936
"365",2021-01-25,99815,626,248,36008,874,135823,919.285714285714
"366",2021-01-26,100356,541,241,36249,782,136605,840.142857142857
"367",2021-01-27,100887,531,202,36451,733,137338,776.285714285714
"368",2021-01-28,101302,415,156,36607,571,137909,713.714285714286
"369",2021-01-29,101810,508,168,36775,676,138585,686.571428571429
"370",2021-01-30,102192,382,129,36904,511,139096,667
"371",2021-01-31,102467,275,143,37047,418,139514,652.142857142857
"372",2021-02-01,103014,547,193,37240,740,140254,633
"373",2021-02-02,103467,453,153,37393,606,140860,607.857142857143
"374",2021-02-03,103958,491,169,37562,660,141520,597.428571428571
"375",2021-02-04,104354,396,140,37702,536,142056,592.428571428571
"376",2021-02-05,104747,393,121,37823,514,142570,569.285714285714
"377",2021-02-06,104990,243,84,37907,327,142897,543
"378",2021-02-07,105171,181,72,37979,253,143150,519.428571428571
"379",2021-02-08,105521,350,138,38117,488,143638,483.428571428571
"380",2021-02-09,105931,410,114,38231,524,144162,471.714285714286
"381",2021-02-10,106306,375,129,38360,504,144666,449.428571428571
"382",2021-02-11,106609,303,90,38450,393,145059,429
"383",2021-02-12,106872,263,96,38546,359,145418,406.857142857143
"384",2021-02-13,107024,152,74,38620,226,145644,392.428571428571
"385",2021-02-14,107209,185,53,38673,238,145882,390.285714285714
"386",2021-02-15,107396,187,83,38756,270,146152,359.142857142857
"387",2021-02-16,107638,242,81,38837,323,146475,330.428571428571
"388",2021-02-17,107901,263,60,38897,323,146798,304.571428571429
"389",2021-02-18,108171,270,67,38964,337,147135,296.571428571429
"390",2021-02-19,108404,233,63,39027,296,147431,287.571428571429
"391",2021-02-20,108579,175,60,39087,235,147666,288.857142857143
"392",2021-02-21,108744,165,43,39130,208,147874,284.571428571429
"393",2021-02-22,109008,264,65,39195,329,148203,293
"394",2021-02-23,109225,217,55,39250,272,148475,285.714285714286
"395",2021-02-24,109485,260,60,39310,320,148795,285.285714285714
"396",2021-02-25,109649,164,39,39349,203,148998,266.142857142857
"397",2021-02-26,109805,156,46,39395,202,149200,252.714285714286
"398",2021-02-27,109942,137,43,39438,180,149380,244.857142857143
"399",2021-02-28,110065,123,42,39480,165,149545,238.714285714286
"400",2021-03-01,110270,205,55,39535,260,149805,228.857142857143
"401",2021-03-02,110453,183,50,39585,233,150038,223.285714285714
"402",2021-03-03,110646,193,53,39638,246,150284,212.714285714286
"403",2021-03-04,110810,164,51,39689,215,150499,214.428571428571
"404",2021-03-05,110963,153,43,39732,196,150695,213.571428571429
"405",2021-03-06,111048,85,33,39765,118,150813,204.714285714286
"406",2021-03-07,111125,77,23,39788,100,150913,195.428571428571
"407",2021-03-08,111289,164,40,39828,204,151117,187.428571428571
"408",2021-03-09,111440,151,48,39876,199,151316,182.571428571429
"409",2021-03-10,111575,135,47,39923,182,151498,173.428571428571
"410",2021-03-11,111698,123,26,39949,149,151647,164
"411",2021-03-12,111810,112,38,39987,150,151797,157.428571428571
"412",2021-03-13,111906,96,36,40023,132,151929,159.428571428571
"413",2021-03-14,111972,66,27,40050,93,152022,158.428571428571
"414",2021-03-15,112109,137,39,40089,176,152198,154.428571428571
"415",2021-03-16,112225,116,53,40142,169,152367,150.142857142857
"416",2021-03-17,112378,153,34,40176,187,152554,150.857142857143
"417",2021-03-18,112485,107,31,40207,138,152692,149.285714285714
"418",2021-03-19,112599,114,40,40247,154,152846,149.857142857143
"419",2021-03-20,112666,67,25,40272,92,152938,144.142857142857
"420",2021-03-21,112742,76,34,40306,110,153048,146.571428571429
"421",2021-03-22,112856,114,44,40350,158,153206,144
"422",2021-03-23,112976,120,50,40400,170,153376,144.142857142857
"423",2021-03-24,113100,124,59,40459,183,153559,143.571428571429
"424",2021-03-25,113235,135,49,40508,184,153743,150.142857142857
"425",2021-03-26,113362,127,41,40549,168,153911,152.142857142857
"426",2021-03-27,113429,67,34,40583,101,154012,153.428571428571
"427",2021-03-28,113495,66,25,40608,91,154103,150.714285714286
"428",2021-03-29,113609,114,45,40653,159,154262,150.857142857143
"429",2021-03-30,113700,91,42,40695,133,154395,145.571428571429
"430",2021-03-31,113842,142,46,40741,188,154583,146.285714285714
"431",2021-04-01,113967,125,31,40772,156,154739,142.285714285714
"432",2021-04-02,114071,104,41,40813,145,154884,139
"433",2021-04-03,114142,71,42,40855,113,154997,140.714285714286
"434",2021-04-04,114201,59,25,40880,84,155081,139.714285714286
"435",2021-04-05,114397,196,42,40922,238,155319,151
"436",2021-04-06,114564,167,42,40964,209,155528,161.857142857143
"437",2021-04-07,114732,168,49,41013,217,155745,166
"438",2021-04-08,114891,159,45,41058,204,155949,172.857142857143
"439",2021-04-09,115021,130,39,41097,169,156118,176.285714285714
"440",2021-04-10,115121,100,38,41135,138,156256,179.857142857143
"441",2021-04-11,115188,67,30,41165,97,156353,181.714285714286
"442",2021-04-12,115332,144,54,41219,198,156551,176
"443",2021-04-13,115452,120,43,41262,163,156714,169.428571428571
"444",2021-04-14,115600,148,45,41307,193,156907,166
"445",2021-04-15,115740,140,38,41345,178,157085,162.285714285714
"446",2021-04-16,115855,115,38,41383,153,157238,160
"447",2021-04-17,115949,94,30,41413,124,157362,158
"448",2021-04-18,116029,80,23,41436,103,157465,158.857142857143
"449",2021-04-19,116163,134,30,41466,164,157629,154
"450",2021-04-20,116287,124,33,41499,157,157786,153.142857142857
"451",2021-04-21,116408,121,32,41531,153,157939,147.428571428571
"452",2021-04-22,116486,78,30,41561,108,158047,137.428571428571
"453",2021-04-23,116580,94,27,41588,121,158168,132.857142857143
"454",2021-04-24,116642,62,25,41613,87,158255,127.571428571429
"455",2021-04-25,116693,51,13,41626,64,158319,122
"456",2021-04-26,116769,76,36,41662,112,158431,114.571428571429
"457",2021-04-27,116875,106,30,41692,136,158567,111.571428571429
"458",2021-04-28,116938,63,35,41727,98,158665,103.714285714286
"459",2021-04-29,117021,83,27,41754,110,158775,104
"460",2021-04-30,117085,64,28,41782,92,158867,99.8571428571429
"461",2021-05-01,117132,47,14,41796,61,158928,96.1428571428571
"462",2021-05-02,117180,48,29,41825,77,159005,98
"463",2021-05-03,117252,72,16,41841,88,159093,94.5714285714286
"464",2021-05-04,117337,85,24,41865,109,159202,90.7142857142857
"465",2021-05-05,117408,71,25,41890,96,159298,90.4285714285714
"466",2021-05-06,117454,46,28,41918,74,159372,85.2857142857143
"467",2021-05-07,117506,52,18,41936,70,159442,82.1428571428571
"468",2021-05-08,117532,26,14,41950,40,159482,79.1428571428571
"469",2021-05-09,117558,26,11,41961,37,159519,73.4285714285714
"470",2021-05-10,117600,42,29,41990,71,159590,71
"471",2021-05-11,117670,70,19,42009,89,159679,68.1428571428571
"472",2021-05-12,117720,50,18,42027,68,159747,64.1428571428571
"473",2021-05-13,117781,61,9,42036,70,159817,63.5714285714286
"474",2021-05-14,117825,44,18,42054,62,159879,62.4285714285714
"475",2021-05-15,117848,23,10,42064,33,159912,61.4285714285714
"476",2021-05-16,117877,29,16,42080,45,159957,62.5714285714286
"477",2021-05-17,117905,28,11,42091,39,159996,58
"478",2021-05-18,117944,39,26,42117,65,160061,54.5714285714286
"479",2021-05-19,117971,27,12,42129,39,160100,50.4285714285714
"480",2021-05-20,118016,45,7,42136,52,160152,47.8571428571429
"481",2021-05-21,118035,19,14,42150,33,160185,43.7142857142857
"482",2021-05-22,118063,28,13,42163,41,160226,44.8571428571429
"483",2021-05-23,118081,18,10,42173,28,160254,42.4285714285714
"484",2021-05-24,118105,24,17,42190,41,160295,42.7142857142857
"485",2021-05-25,118136,31,10,42200,41,160336,39.2857142857143
"486",2021-05-26,118159,23,10,42210,33,160369,38.4285714285714
"487",2021-05-27,118189,30,8,42218,38,160407,36.4285714285714
"488",2021-05-28,118211,22,9,42227,31,160438,36.1428571428571
"489",2021-05-29,118227,16,6,42233,22,160460,33.4285714285714
"490",2021-05-30,118251,24,8,42241,32,160492,34
"491",2021-05-31,118258,7,8,42249,15,160507,30.2857142857143
"492",2021-06-01,118300,42,16,42265,58,160565,32.7142857142857
"493",2021-06-02,118338,38,16,42281,54,160619,35.7142857142857
"494",2021-06-03,118372,34,10,42291,44,160663,36.5714285714286
"495",2021-06-04,118412,40,12,42303,52,160715,39.5714285714286
"496",2021-06-05,118433,21,11,42314,32,160747,41
"497",2021-06-06,118452,19,10,42324,29,160776,40.5714285714286
"498",2021-06-07,118480,28,17,42341,45,160821,44.8571428571429
"499",2021-06-08,118503,23,16,42357,39,160860,42.1428571428571
"500",2021-06-09,118529,26,12,42369,38,160898,39.8571428571429
"501",2021-06-10,118567,38,16,42385,54,160952,41.2857142857143
"502",2021-06-11,118600,33,7,42392,40,160992,39.5714285714286
"503",2021-06-12,118621,21,14,42406,35,161027,40
"504",2021-06-13,118642,21,6,42412,27,161054,39.7142857142857
"505",2021-06-14,118660,18,14,42426,32,161086,37.8571428571429
"506",2021-06-15,118694,34,14,42440,48,161134,39.1428571428571
"507",2021-06-16,118723,29,13,42453,42,161176,39.7142857142857
"508",2021-06-17,118766,43,17,42470,60,161236,40.5714285714286
"509",2021-06-18,118792,26,6,42476,32,161268,39.4285714285714
"510",2021-06-19,118808,16,12,42488,28,161296,38.4285714285714
"511",2021-06-20,118824,16,16,42504,32,161328,39.1428571428571
"512",2021-06-21,118866,42,27,42531,69,161397,44.4285714285714
"513",2021-06-22,118904,38,16,42547,54,161451,45.2857142857143
"514",2021-06-23,118934,30,14,42561,44,161495,45.5714285714286
"515",2021-06-24,118968,34,16,42577,50,161545,44.1428571428571
"516",2021-06-25,118995,27,26,42603,53,161598,47.1428571428571
"517",2021-06-26,119013,18,18,42621,36,161634,48.2857142857143
"518",2021-06-27,119035,22,20,42641,42,161676,49.7142857142857
"519",2021-06-28,119083,48,28,42669,76,161752,50.7142857142857
"520",2021-06-29,119127,44,35,42704,79,161831,54.2857142857143
"521",2021-06-30,119173,46,32,42736,78,161909,59.1428571428571
"522",2021-07-01,119226,53,37,42773,90,161999,64.8571428571429
"523",2021-07-02,119269,43,26,42799,69,162068,67.1428571428571
"524",2021-07-03,119335,66,35,42834,101,162169,76.4285714285714
"525",2021-07-04,119355,20,25,42859,45,162214,76.8571428571429
"526",2021-07-05,119411,56,34,42893,90,162304,78.8571428571429
"527",2021-07-06,119518,107,51,42944,158,162462,90.1428571428571
"528",2021-07-07,119606,88,75,43019,163,162625,102.285714285714
"529",2021-07-08,119697,91,54,43073,145,162770,110.142857142857
"530",2021-07-09,119795,98,49,43122,147,162917,121.285714285714
"531",2021-07-10,119901,106,43,43165,149,163066,128.142857142857
"532",2021-07-11,119969,68,51,43216,119,163185,138.714285714286
"533",2021-07-12,120097,128,81,43297,209,163394,155.714285714286
"534",2021-07-13,120244,147,93,43390,240,163634,167.428571428571
"535",2021-07-14,120405,161,71,43461,232,163866,177.285714285714
"536",2021-07-15,120571,166,99,43560,265,164131,194.428571428571
"537",2021-07-16,120710,139,104,43664,243,164374,208.142857142857
"538",2021-07-17,120858,148,53,43717,201,164575,215.571428571429
"539",2021-07-18,120973,115,71,43788,186,164761,225.142857142857
"540",2021-07-19,121173,200,113,43901,313,165074,240
"541",2021-07-20,121402,229,142,44043,371,165445,258.714285714286
"542",2021-07-21,121657,255,118,44161,373,165818,278.857142857143
"543",2021-07-22,121876,219,91,44252,310,166128,285.285714285714
"544",2021-07-23,122111,235,112,44364,347,166475,300.142857142857
"545",2021-07-24,122290,179,104,44468,283,166758,311.857142857143
"546",2021-07-25,122449,159,115,44583,274,167032,324.428571428571
"547",2021-07-26,122755,306,164,44747,470,167502,346.857142857143
"548",2021-07-27,123092,337,150,44897,487,167989,363.428571428571
"549",2021-07-28,123438,346,151,45048,497,168486,381.142857142857
"550",2021-07-29,123760,322,148,45196,470,168956,404
"551",2021-07-30,124032,272,126,45322,398,169354,411.285714285714
"552",2021-07-31,124259,227,125,45447,352,169706,421.142857142857
"553",2021-08-01,124481,222,157,45604,379,170085,436.142857142857
"554",2021-08-02,124821,340,182,45786,522,170607,443.571428571429
"555",2021-08-03,125270,449,178,45964,627,171234,463.571428571429
"556",2021-08-04,125696,426,193,46157,619,171853,481
"557",2021-08-05,126139,443,177,46334,620,172473,502.428571428571
"558",2021-08-06,126495,356,175,46509,531,173004,521.428571428571
"559",2021-08-07,126760,265,153,46662,418,173422,530.857142857143
"560",2021-08-08,126996,236,128,46790,364,173786,528.714285714286
"561",2021-08-09,127430,434,193,46983,627,174413,543.714285714286
"562",2021-08-10,127921,491,175,47158,666,175079,549.285714285714
"563",2021-08-11,128369,448,178,47336,626,175705,550.285714285714
"564",2021-08-12,128833,464,168,47504,632,176337,552
"565",2021-08-13,129321,488,147,47651,635,176972,566.857142857143
"566",2021-08-14,129632,311,117,47768,428,177400,568.285714285714
"567",2021-08-15,129870,238,119,47887,357,177757,567.285714285714
"568",2021-08-16,130289,419,187,48074,606,178363,564.285714285714
"569",2021-08-17,130813,524,183,48257,707,179070,570.142857142857
"570",2021-08-18,131280,467,157,48414,624,179694,569.857142857143
"571",2021-08-19,131662,382,163,48577,545,180239,557.428571428571
"572",2021-08-20,132066,404,134,48711,538,180777,543.571428571429
"573",2021-08-21,132314,248,112,48823,360,181137,533.857142857143
"574",2021-08-22,132528,214,95,48918,309,181446,527
"575",2021-08-23,132944,416,174,49092,590,182036,524.714285714286
"576",2021-08-24,133360,416,140,49232,556,182592,503.142857142857
"577",2021-08-25,133815,455,150,49382,605,183197,500.428571428571
"578",2021-08-26,134213,398,127,49509,525,183722,497.571428571429
"579",2021-08-27,134587,374,128,49637,502,184224,492.428571428571
"580",2021-08-28,134799,212,77,49714,289,184513,482.285714285714
"581",2021-08-29,134991,192,74,49788,266,184779,476.142857142857
"582",2021-08-30,135368,377,113,49901,490,185269,461.857142857143
"583",2021-08-31,135720,352,129,50030,481,185750,451.142857142857
"584",2021-09-01,136059,339,112,50142,451,186201,429.142857142857
"585",2021-09-02,136395,336,120,50262,456,186657,419.285714285714
"586",2021-09-03,136728,333,98,50360,431,187088,409.142857142857
"587",2021-09-04,136901,173,96,50456,269,187357,406.285714285714
"588",2021-09-05,137061,160,50,50506,210,187567,398.285714285714
"589",2021-09-06,137229,168,70,50576,238,187805,362.285714285714
"590",2021-09-07,137559,330,131,50707,461,188266,359.428571428571
"591",2021-09-08,137857,298,96,50803,394,188660,351.285714285714
"592",2021-09-09,138137,280,105,50908,385,189045,341.142857142857
"593",2021-09-10,138382,245,121,51029,366,189411,331.857142857143
"594",2021-09-11,138574,192,70,51099,262,189673,330.857142857143
"595",2021-09-12,138670,96,73,51172,169,189842,325
"596",2021-09-13,138948,278,108,51280,386,190228,346.142857142857
"597",2021-09-14,139202,254,89,51369,343,190571,329.285714285714
"598",2021-09-15,139446,244,101,51470,345,190916,322.285714285714
"599",2021-09-16,139666,220,83,51553,303,191219,310.571428571429
"600",2021-09-17,139857,191,79,51632,270,191489,296.857142857143
"601",2021-09-18,139994,137,55,51687,192,191681,286.857142857143
"602",2021-09-19,140092,98,52,51739,150,191831,284.142857142857
"603",2021-09-20,140304,212,98,51837,310,192141,273.285714285714
"604",2021-09-21,140498,194,86,51923,280,192421,264.285714285714
"605",2021-09-22,140729,231,69,51992,300,192721,257.857142857143
"606",2021-09-23,140901,172,71,52063,243,192964,249.285714285714
"607",2021-09-24,141073,172,75,52138,247,193211,246
"608",2021-09-25,141194,121,60,52198,181,193392,244.428571428571
"609",2021-09-26,141272,78,64,52262,142,193534,243.285714285714
"610",2021-09-27,141475,203,69,52331,272,193806,237.857142857143
"611",2021-09-28,141661,186,76,52407,262,194068,235.285714285714
"612",2021-09-29,141836,175,45,52452,220,194288,223.857142857143
"613",2021-09-30,141983,147,61,52513,208,194496,218.857142857143
"614",2021-10-01,142121,138,49,52562,187,194683,210.285714285714
"615",2021-10-02,142231,110,40,52602,150,194833,205.857142857143
"616",2021-10-03,142344,113,41,52643,154,194987,207.571428571429
"617",2021-10-04,142508,164,68,52711,232,195219,201.857142857143
"618",2021-10-05,142649,141,60,52771,201,195420,193.142857142857
"619",2021-10-06,142807,158,47,52818,205,195625,191
"620",2021-10-07,142959,152,49,52867,201,195826,190
"621",2021-10-08,143112,153,40,52907,193,196019,190.857142857143
"622",2021-10-09,143203,91,29,52936,120,196139,186.571428571429
"623",2021-10-10,143294,91,32,52968,123,196262,182.142857142857
"624",2021-10-11,143457,163,42,53010,205,196467,178.285714285714
"625",2021-10-12,143652,195,47,53057,242,196709,184.142857142857
"626",2021-10-13,143822,170,51,53108,221,196930,186.428571428571
"627",2021-10-14,143950,128,50,53158,178,197108,183.142857142857
"628",2021-10-15,144086,136,49,53207,185,197293,182
"629",2021-10-16,144191,105,43,53250,148,197441,186
"630",2021-10-17,144282,91,52,53302,143,197584,188.857142857143
"631",2021-10-18,144455,173,49,53351,222,197806,191.285714285714
"632",2021-10-19,144627,172,66,53417,238,198044,190.714285714286
"633",2021-10-20,144796,169,61,53478,230,198274,192
"634",2021-10-21,144949,153,70,53548,223,198497,198.428571428571
"635",2021-10-22,145121,172,47,53595,219,198716,203.285714285714
"636",2021-10-23,145262,141,51,53646,192,198908,209.571428571429
"637",2021-10-24,145346,84,39,53685,123,199031,206.714285714286
"638",2021-10-25,145537,191,74,53759,265,199296,212.857142857143
"639",2021-10-26,145716,179,60,53819,239,199535,213
"640",2021-10-27,145904,188,72,53891,260,199795,217.285714285714
"641",2021-10-28,146108,204,56,53947,260,200055,222.571428571429
"642",2021-10-29,146265,157,45,53992,202,200257,220.142857142857
"643",2021-10-30,146399,134,44,54036,178,200435,218.142857142857
"644",2021-10-31,146487,88,39,54075,127,200562,218.714285714286
"645",2021-11-01,146690,203,58,54133,261,200823,218.142857142857
"646",2021-11-02,146891,201,65,54198,266,201089,222
"647",2021-11-03,147093,202,72,54270,274,201363,224
"648",2021-11-04,147271,178,65,54335,243,201606,221.571428571429
"649",2021-11-05,147450,179,56,54391,235,201841,226.285714285714
"650",2021-11-06,147574,124,44,54435,168,202009,224.857142857143
"651",2021-11-07,147681,107,36,54471,143,202152,227.142857142857
"652",2021-11-08,147907,226,60,54531,286,202438,230.714285714286
"653",2021-11-09,148149,242,76,54607,318,202756,238.142857142857
"654",2021-11-10,148327,178,46,54653,224,202980,231
"655",2021-11-11,148471,144,54,54707,198,203178,224.571428571429
"656",2021-11-12,148691,220,47,54754,267,203445,229.142857142857
"657",2021-11-13,148807,116,49,54803,165,203610,228.714285714286
"658",2021-11-14,148924,117,37,54840,154,203764,230.285714285714
"659",2021-11-15,149134,210,54,54894,264,204028,227.142857142857
"660",2021-11-16,149352,218,52,54946,270,204298,220.285714285714
"661",2021-11-17,149537,185,63,55009,248,204546,223.714285714286
"662",2021-11-18,149686,149,69,55078,218,204764,226.571428571429
"663",2021-11-19,149911,225,60,55138,285,205049,229.142857142857
"664",2021-11-20,150031,120,47,55185,167,205216,229.428571428571
"665",2021-11-21,150124,93,35,55220,128,205344,225.714285714286
"666",2021-11-22,150337,213,54,55274,267,205611,226.142857142857
"667",2021-11-23,150503,166,57,55331,223,205834,219.428571428571
"668",2021-11-24,150684,181,51,55382,232,206066,217.142857142857
"669",2021-11-25,150709,25,31,55413,56,206122,194
"670",2021-11-26,150867,158,49,55462,207,206329,182.857142857143
"671",2021-11-27,151010,143,63,55525,206,206535,188.428571428571
"672",2021-11-28,151168,158,58,55583,216,206751,201
"673",2021-11-29,151486,318,94,55677,412,207163,221.714285714286
"674",2021-11-30,151783,297,100,55777,397,207560,246.571428571429
"675",2021-12-01,152055,272,105,55882,377,207937,267.285714285714
"676",2021-12-02,152305,250,80,55962,330,208267,306.428571428571
"677",2021-12-03,152564,259,83,56045,342,208609,325.714285714286
"678",2021-12-04,152728,164,62,56107,226,208835,328.571428571429
"679",2021-12-05,152877,149,53,56160,202,209037,326.571428571429
"680",2021-12-06,153174,297,94,56254,391,209428,323.571428571429
"681",2021-12-07,153402,228,75,56329,303,209731,310.142857142857
"682",2021-12-08,153598,196,91,56420,287,210018,297.285714285714
"683",2021-12-09,153780,182,71,56491,253,210271,286.285714285714
"684",2021-12-10,153974,194,88,56579,282,210553,277.714285714286
"685",2021-12-11,154136,162,57,56636,219,210772,276.714285714286
"686",2021-12-12,154264,128,78,56714,206,210978,277.285714285714
"687",2021-12-13,154472,208,115,56829,323,211301,267.571428571429
"688",2021-12-14,154703,231,160,56989,391,211692,280.142857142857
"689",2021-12-15,154980,277,165,57154,442,212134,302.285714285714
"690",2021-12-16,155281,301,142,57296,443,212577,329.428571428571
"691",2021-12-17,155590,309,199,57495,508,213085,361.714285714286
"692",2021-12-18,155875,285,186,57681,471,213556,397.714285714286
"693",2021-12-19,156137,262,241,57922,503,214059,440.142857142857
"694",2021-12-20,156787,650,468,58390,1118,215177,553.714285714286
"695",2021-12-21,157520,733,554,58944,1287,216464,681.714285714286
"696",2021-12-22,158538,1018,625,59569,1643,218107,853.285714285714
"697",2021-12-23,159659,1121,692,60261,1813,219920,1049
"698",2021-12-24,160258,599,574,60835,1173,221093,1144
"699",2021-12-25,160449,191,438,61273,629,221722,1166.57142857143
"700",2021-12-26,161413,964,1049,62322,2013,223735,1382.28571428571
"701",2021-12-27,164018,2605,1433,63755,4038,227773,1799.42857142857
"702",2021-12-28,167192,3174,1559,65314,4733,232506,2291.71428571429
"703",2021-12-29,170559,3367,1531,66845,4898,237404,2756.71428571429
"704",2021-12-30,173769,3210,1641,68486,4851,242255,3190.71428571429
"705",2021-12-31,175881,2112,1040,69526,3152,245407,3473.42857142857
"706",2022-01-01,176755,874,902,70428,1776,247183,3637.28571428571
"707",2022-01-02,179219,2464,1481,71909,3945,251128,3913.28571428571
"708",2022-01-03,185151,5932,2614,74523,8546,259674,4557.28571428571
"709",2022-01-04,191439,6288,2744,77267,9032,268706,5171.42857142857
"710",2022-01-05,197976,6537,2352,79619,8889,277595,5741.57142857143
"711",2022-01-06,204112,6136,2222,81841,8358,285953,6242.57142857143
"712",2022-01-07,209231,5119,2513,84354,7632,293585,6882.57142857143
"713",2022-01-08,212310,3079,1518,85872,4597,298182,7285.57142857143
"714",2022-01-09,215169,2859,1423,87295,4282,302464,7333.71428571429
"715",2022-01-10,221034,5865,2615,89910,8480,310944,7324.28571428571
"716",2022-01-11,226861,5827,2726,92636,8553,319497,7255.85714285714
"717",2022-01-12,232496,5635,2346,94982,7981,327478,7126.14285714286
"718",2022-01-13,237391,4895,2076,97058,6971,334449,6928
"719",2022-01-14,241900,4509,1804,98862,6313,340762,6739.57142857143
"720",2022-01-15,244281,2381,1259,100121,3640,344402,6602.85714285714
"721",2022-01-16,246310,2029,980,101101,3009,347411,6421
"722",2022-01-17,250052,3742,1552,102653,5294,352705,5965.85714285714
"723",2022-01-18,254755,4703,1981,104634,6684,359389,5698.85714285714
"724",2022-01-19,259034,4279,1544,106178,5823,365212,5390.57142857143
"725",2022-01-20,263113,4079,1432,107610,5511,370723,5182
"726",2022-01-21,266546,3433,1226,108836,4659,375382,4945.71428571429
"727",2022-01-22,268281,1735,678,109514,2413,377795,4770.42857142857
"728",2022-01-23,269898,1617,597,110111,2214,380009,4656.85714285714
"729",2022-01-24,273514,3616,1135,111246,4751,384760,4579.28571428571
"730",2022-01-25,276552,3038,1016,112262,4054,388814,4203.57142857143
"731",2022-01-26,279340,2788,856,113118,3644,392458,3892.28571428571
"732",2022-01-27,281735,2395,689,113807,3084,395542,3545.57142857143
"733",2022-01-28,284011,2276,603,114410,2879,398421,3291.28571428571
"734",2022-01-29,285275,1264,362,114772,1626,400047,3178.85714285714
"735",2022-01-30,286238,963,342,115114,1305,401352,3049
"736",2022-01-31,288428,2190,581,115695,2771,404123,2766.14285714286
"737",2022-02-01,290093,1665,518,116213,2183,406306,2498.85714285714
"738",2022-02-02,291738,1645,474,116687,2119,408425,2281
"739",2022-02-03,292996,1258,373,117060,1631,410056,2073.42857142857
"740",2022-02-04,294198,1202,355,117415,1557,411613,1884.57142857143
"741",2022-02-05,294810,612,235,117650,847,412460,1773.28571428571
"742",2022-02-06,295413,603,191,117841,794,413254,1700.28571428571
"743",2022-02-07,296596,1183,350,118191,1533,414787,1523.42857142857
"744",2022-02-08,297571,975,293,118484,1268,416055,1392.71428571429
"745",2022-02-09,298554,983,217,118701,1200,417255,1261.42857142857
"746",2022-02-10,299332,778,193,118894,971,418226,1167.14285714286
"747",2022-02-11,300036,704,185,119079,889,419115,1071.71428571429
"748",2022-02-12,300499,463,121,119200,584,419699,1034.14285714286
"749",2022-02-13,300843,344,92,119292,436,420135,983
"750",2022-02-14,301502,659,229,119521,888,421023,890.857142857143
"751",2022-02-15,302057,555,169,119690,724,421747,813.142857142857
"752",2022-02-16,302600,543,144,119834,687,422434,739.857142857143
"753",2022-02-17,302989,389,122,119956,511,422945,674.142857142857
"754",2022-02-18,303364,375,93,120049,468,423413,614
"755",2022-02-19,303604,240,65,120114,305,423718,574.142857142857
"756",2022-02-20,303792,188,41,120155,229,423947,544.571428571429
"757",2022-02-21,304069,277,75,120230,352,424299,468
"758",2022-02-22,304460,391,94,120324,485,424784,433.857142857143
"759",2022-02-23,304733,273,97,120421,370,425154,388.571428571429
"760",2022-02-24,305003,270,94,120515,364,425518,367.571428571429
"761",2022-02-25,305276,273,92,120607,365,425883,352.857142857143
"762",2022-02-26,305449,173,63,120670,236,426119,343
"763",2022-02-27,305583,134,55,120725,189,426308,337.285714285714
"764",2022-02-28,305894,311,110,120835,421,426729,347.142857142857
"765",2022-03-01,306167,273,101,120936,374,427103,331.285714285714
"766",2022-03-02,306409,242,72,121008,314,427417,323.285714285714
"767",2022-03-03,306660,251,88,121096,339,427756,319.714285714286
"768",2022-03-04,306851,191,75,121171,266,428022,305.571428571429
"769",2022-03-05,306982,131,58,121229,189,428211,298.857142857143
"770",2022-03-06,307086,104,54,121283,158,428369,294.428571428571
"771",2022-03-07,307333,247,86,121369,333,428702,281.857142857143
"772",2022-03-08,307544,211,76,121445,287,428989,269.428571428571
"773",2022-03-09,307766,222,82,121527,304,429293,268
"774",2022-03-10,307908,142,59,121586,201,429494,248.285714285714
"775",2022-03-11,308049,141,60,121646,201,429695,239
"776",2022-03-12,308148,99,50,121696,149,429844,233.285714285714
"777",2022-03-13,308219,71,35,121731,106,429950,225.857142857143
"778",2022-03-14,308399,180,81,121812,261,430211,215.571428571429
"779",2022-03-15,308571,172,73,121885,245,430456,209.571428571429
"780",2022-03-16,308753,182,52,121937,234,430690,199.571428571429
"781",2022-03-17,308932,179,63,122000,242,430932,205.428571428571
"782",2022-03-18,309080,148,50,122050,198,431130,205
"783",2022-03-19,309173,93,35,122085,128,431258,202
"784",2022-03-20,309269,96,37,122122,133,431391,205.857142857143
"785",2022-03-21,309453,184,61,122183,245,431636,203.571428571429
"786",2022-03-22,309688,235,159,122342,394,432030,224.857142857143
"787",2022-03-23,309850,162,79,122421,241,432271,225.857142857143
"788",2022-03-24,310036,186,82,122503,268,432539,229.571428571429
"789",2022-03-25,310184,148,52,122555,200,432739,229.857142857143
"790",2022-03-26,310326,142,56,122611,198,432937,239.857142857143
"791",2022-03-27,310467,141,60,122671,201,433138,249.571428571429
"792",2022-03-28,310678,211,110,122781,321,433459,260.428571428571
"793",2022-03-29,310923,245,115,122896,360,433819,255.571428571429
"794",2022-03-30,311184,261,96,122992,357,434176,272.142857142857
"795",2022-03-31,311384,200,104,123096,304,434480,277.285714285714
"796",2022-04-01,311585,201,114,123210,315,434795,293.714285714286
"797",2022-04-02,311713,128,63,123273,191,434986,292.714285714286
"798",2022-04-03,311857,144,96,123369,240,435226,298.285714285714
"799",2022-04-04,312157,300,146,123515,446,435672,316.142857142857
"800",2022-04-05,312419,262,142,123657,404,436076,322.428571428571
"801",2022-04-06,312701,282,121,123778,403,436479,329
"802",2022-04-07,312924,223,108,123886,331,436810,332.857142857143
"803",2022-04-08,313150,226,122,124008,348,437158,337.571428571429
"804",2022-04-09,313302,152,106,124114,258,437416,347.142857142857
"805",2022-04-10,313468,166,93,124207,259,437675,349.857142857143
"806",2022-04-11,313747,279,170,124377,449,438124,350.285714285714
"807",2022-04-12,314099,352,189,124566,541,438665,369.857142857143
"808",2022-04-13,314389,290,156,124722,446,439111,376
"809",2022-04-14,314658,269,153,124875,422,439533,389
"810",2022-04-15,314962,304,166,125041,470,440003,406.428571428571
"811",2022-04-16,315223,261,137,125178,398,440401,426.428571428571
"812",2022-04-17,315422,199,96,125274,295,440696,431.571428571429
"813",2022-04-18,315877,455,244,125518,699,441395,467.285714285714
"814",2022-04-19,316325,448,236,125754,684,442079,487.714285714286
"815",2022-04-20,316751,426,236,125990,662,442741,518.571428571429
"816",2022-04-21,317166,415,219,126209,634,443375,548.857142857143
"817",2022-04-22,317629,463,202,126411,665,444040,576.714285714286
"818",2022-04-23,317935,306,163,126574,469,444509,586.857142857143
"819",2022-04-24,318269,334,161,126735,495,445004,615.428571428571
"820",2022-04-25,318956,687,309,127044,996,446000,657.857142857143
"821",2022-04-26,319597,641,269,127313,910,446910,690.142857142857
"822",2022-04-27,320175,578,273,127586,851,447761,717.142857142857
"823",2022-04-28,320719,544,237,127823,781,448542,738.142857142857
"824",2022-04-29,321282,563,245,128068,808,449350,758.571428571429
"825",2022-04-30,321734,452,201,128269,653,450003,784.857142857143
"826",2022-05-01,322124,390,222,128491,612,450615,801.571428571429
"827",2022-05-02,323013,889,374,128865,1263,451878,839.714285714286
"828",2022-05-03,323937,924,324,129189,1248,453126,888
"829",2022-05-04,324785,848,347,129536,1195,454321,937.142857142857
"830",2022-05-05,325598,813,325,129861,1138,455459,988.142857142857
"831",2022-05-06,326382,784,343,130204,1127,456586,1033.71428571429
"832",2022-05-07,326933,551,231,130435,782,457368,1052.14285714286
"833",2022-05-08,327402,469,286,130721,755,458123,1072.57142857143
"834",2022-05-09,328442,1040,468,131189,1508,459631,1107.57142857143
"835",2022-05-10,329647,1205,433,131622,1638,461269,1163.28571428571
"836",2022-05-11,330706,1059,383,132005,1442,462711,1198.57142857143
"837",2022-05-12,331743,1037,401,132406,1438,464149,1241.42857142857
"838",2022-05-13,332710,967,406,132812,1373,465522,1276.57142857143
"839",2022-05-14,333427,717,288,133100,1005,466527,1308.42857142857
"840",2022-05-15,334168,741,322,133422,1063,467590,1352.42857142857
"841",2022-05-16,335552,1384,536,133958,1920,469510,1411.28571428571
"842",2022-05-17,336898,1346,548,134506,1894,471404,1447.85714285714
"843",2022-05-18,338165,1267,496,135002,1763,473167,1493.71428571429
"844",2022-05-19,339431,1266,428,135430,1694,474861,1530.28571428571
"845",2022-05-20,340530,1099,474,135904,1573,476434,1558.85714285714
"846",2022-05-21,341257,727,319,136223,1046,477480,1564.71428571429
"847",2022-05-22,342005,748,315,136538,1063,478543,1564.71428571429
"848",2022-05-23,343416,1411,578,137116,1989,480532,1574.57142857143
"849",2022-05-24,344834,1418,575,137691,1993,482525,1588.71428571429
"850",2022-05-25,346208,1374,533,138224,1907,484432,1609.28571428571
"851",2022-05-26,347370,1162,471,138695,1633,486065,1600.57142857143
"852",2022-05-27,348410,1040,388,139083,1428,487493,1579.85714285714
"853",2022-05-28,349132,722,254,139337,976,488469,1569.85714285714
"854",2022-05-29,349848,716,272,139609,988,489457,1559.14285714286
"855",2022-05-30,350561,713,250,139859,963,490420,1412.57142857143
"856",2022-05-31,352210,1649,692,140551,2341,492761,1462.28571428571
"857",2022-06-01,353641,1431,556,141107,1987,494748,1473.71428571429
"858",2022-06-02,354845,1204,488,141595,1692,496440,1482.14285714286
"859",2022-06-03,355989,1144,382,141977,1526,497966,1496.14285714286
"860",2022-06-04,356848,859,285,142262,1144,499110,1520.14285714286
"861",2022-06-05,357632,784,315,142577,1099,500209,1536
"862",2022-06-06,359054,1422,519,143096,1941,502150,1675.71428571429
"863",2022-06-07,360317,1263,481,143577,1744,503894,1590.42857142857
"864",2022-06-08,361518,1201,422,143999,1623,505517,1538.42857142857
"865",2022-06-09,362591,1073,395,144394,1468,506985,1506.42857142857
"866",2022-06-10,363647,1056,388,144782,1444,508429,1494.71428571429
"867",2022-06-11,364346,699,254,145036,953,509382,1467.42857142857
"868",2022-06-12,364999,653,226,145262,879,510261,1436
"869",2022-06-13,366102,1103,471,145733,1574,511835,1383.57142857143
"870",2022-06-14,367218,1116,430,146163,1546,513381,1355.28571428571
"871",2022-06-15,368338,1120,383,146546,1503,514884,1338.14285714286
"872",2022-06-16,369307,969,403,146949,1372,516256,1324.42857142857
"873",2022-06-17,370271,964,362,147311,1326,517582,1307.57142857143
"874",2022-06-18,371028,757,301,147612,1058,518640,1322.57142857143
"875",2022-06-19,371695,667,266,147878,933,519573,1330.28571428571
"876",2022-06-20,372840,1145,456,148334,1601,521174,1334.14285714286
"877",2022-06-21,374124,1284,513,148847,1797,522971,1370
"878",2022-06-22,375307,1183,490,149337,1673,524644,1394.28571428571
"879",2022-06-23,376418,1111,405,149742,1516,526160,1414.85714285714
"880",2022-06-24,377450,1032,353,150095,1385,527545,1423.28571428571
"881",2022-06-25,378230,780,332,150427,1112,528657,1431
"882",2022-06-26,378967,737,278,150705,1015,529672,1442.71428571429
"883",2022-06-27,380299,1332,506,151211,1838,531510,1476.57142857143
"884",2022-06-28,381817,1518,468,151679,1986,533496,1503.57142857143
"885",2022-06-29,383040,1223,442,152121,1665,535161,1502.42857142857
"886",2022-06-30,384108,1068,368,152489,1436,536597,1491
"887",2022-07-01,385151,1043,380,152869,1423,538020,1496.42857142857
"888",2022-07-02,385817,666,262,153131,928,538948,1470.14285714286
"889",2022-07-03,386469,652,248,153379,900,539848,1453.71428571429
"890",2022-07-04,386996,527,285,153664,812,540660,1307.14285714286
"891",2022-07-05,388564,1568,479,154143,2047,542707,1315.85714285714
"892",2022-07-06,389767,1203,450,154593,1653,544360,1314.14285714286
"893",2022-07-07,390950,1183,354,154947,1537,545897,1328.57142857143
"894",2022-07-08,391965,1015,283,155230,1298,547195,1310.71428571429
"895",2022-07-09,392730,765,217,155447,982,548177,1318.42857142857
"896",2022-07-10,393387,657,165,155612,822,548999,1307.28571428571
"897",2022-07-11,394510,1123,78,155690,1201,550200,1362.85714285714
"898",2022-07-12,395596,1086,1,155691,1087,551287,1225.71428571429
"899",2022-07-13,396587,991,0,155691,991,552278,1131.14285714286
"900",2022-07-14,397482,895,0,155691,895,553173,1039.42857142857
"901",2022-07-15,398321,839,0,155691,839,554012,973.857142857143
"902",2022-07-16,398922,601,0,155691,601,554613,919.428571428571
"903",2022-07-17,399434,512,0,155691,512,555125,875.142857142857
"904",2022-07-18,399515,81,0,155691,81,555206,715.142857142857
