"","date","total_cases_scc","new_cases_scc","new_cases_smc","total_cases_smc","new_cases","total_cases","new_cases_mov7"
"1",2020-01-27,1,1,0,0,1,1,1
"2",2020-01-28,2,1,0,0,1,2,1
"3",2020-01-29,3,1,0,0,1,3,1
"4",2020-01-30,4,1,0,0,1,4,1
"5",2020-01-31,6,2,0,0,2,6,1.2
"6",2020-02-01,6,0,0,0,0,6,1
"7",2020-02-02,6,0,0,0,0,6,0.857142857142857
"8",2020-02-03,6,0,0,0,0,6,0.714285714285714
"9",2020-02-04,6,0,0,0,0,6,0.571428571428571
"10",2020-02-05,6,0,0,0,0,6,0.428571428571429
"11",2020-02-06,6,0,0,0,0,6,0.285714285714286
"12",2020-02-07,6,0,0,0,0,6,0
"13",2020-02-08,6,0,0,0,0,6,0
"14",2020-02-09,6,0,0,0,0,6,0
"15",2020-02-10,6,0,0,0,0,6,0
"16",2020-02-11,6,0,0,0,0,6,0
"17",2020-02-12,6,0,0,0,0,6,0
"18",2020-02-13,6,0,0,0,0,6,0
"19",2020-02-14,6,0,0,0,0,6,0
"20",2020-02-15,6,0,0,0,0,6,0
"21",2020-02-16,6,0,0,0,0,6,0
"22",2020-02-17,7,1,0,0,1,7,0.142857142857143
"23",2020-02-18,7,0,0,0,0,7,0.142857142857143
"24",2020-02-19,7,0,0,0,0,7,0.142857142857143
"25",2020-02-20,8,1,23,23,24,31,3.57142857142857
"26",2020-02-21,8,0,2,25,2,33,3.85714285714286
"27",2020-02-22,8,0,0,25,0,33,3.85714285714286
"28",2020-02-23,8,0,2,27,2,35,4.14285714285714
"29",2020-02-24,8,0,3,30,3,38,4.42857142857143
"30",2020-02-25,8,0,4,34,4,42,5
"31",2020-02-26,10,2,1,35,3,45,5.42857142857143
"32",2020-02-27,10,0,2,37,2,47,2.28571428571429
"33",2020-02-28,12,2,4,41,6,53,2.85714285714286
"34",2020-02-29,16,4,5,46,9,62,4.14285714285714
"35",2020-03-01,16,0,8,54,8,70,5
"36",2020-03-02,21,5,8,62,13,83,6.42857142857143
"37",2020-03-03,23,2,9,71,11,94,7.42857142857143
"38",2020-03-04,28,5,7,78,12,106,8.71428571428571
"39",2020-03-05,35,7,4,82,11,117,10
"40",2020-03-06,45,10,14,96,24,141,12.5714285714286
"41",2020-03-07,53,8,8,104,16,157,13.5714285714286
"42",2020-03-08,57,4,10,114,14,171,14.4285714285714
"43",2020-03-09,74,17,14,128,31,202,17
"44",2020-03-10,89,15,13,141,28,230,19.4285714285714
"45",2020-03-11,115,26,14,155,40,270,23.4285714285714
"46",2020-03-12,138,23,16,171,39,309,27.4285714285714
"47",2020-03-13,186,48,33,204,81,390,35.5714285714286
"48",2020-03-14,229,43,19,223,62,452,42.1428571428571
"49",2020-03-15,261,32,25,248,57,509,48.2857142857143
"50",2020-03-16,298,37,33,281,70,579,53.8571428571429
"51",2020-03-17,349,51,36,317,87,666,62.2857142857143
"52",2020-03-18,391,42,26,343,68,734,66.2857142857143
"53",2020-03-19,434,43,21,364,64,798,69.8571428571429
"54",2020-03-20,497,63,33,397,96,894,72
"55",2020-03-21,533,36,30,427,66,960,72.5714285714286
"56",2020-03-22,575,42,37,464,79,1039,75.7142857142857
"57",2020-03-23,653,78,29,493,107,1146,81
"58",2020-03-24,723,70,38,531,108,1254,84
"59",2020-03-25,802,79,38,569,117,1371,91
"60",2020-03-26,875,73,37,606,110,1481,97.5714285714286
"61",2020-03-27,941,66,34,640,100,1581,98.1428571428571
"62",2020-03-28,981,40,27,667,67,1648,98.2857142857143
"63",2020-03-29,1006,25,19,686,44,1692,93.2857142857143
"64",2020-03-30,1080,74,25,711,99,1791,92.1428571428571
"65",2020-03-31,1132,52,24,735,76,1867,87.5714285714286
"66",2020-04-01,1182,50,18,753,68,1935,80.5714285714286
"67",2020-04-02,1234,52,18,771,70,2005,74.8571428571429
"68",2020-04-03,1277,43,20,791,63,2068,69.5714285714286
"69",2020-04-04,1309,32,16,807,48,2116,66.8571428571429
"70",2020-04-05,1351,42,12,819,54,2170,68.2857142857143
"71",2020-04-06,1404,53,21,840,74,2244,64.7142857142857
"72",2020-04-07,1445,41,20,860,61,2305,62.5714285714286
"73",2020-04-08,1515,70,19,879,89,2394,65.5714285714286
"74",2020-04-09,1583,68,13,892,81,2475,67.1428571428571
"75",2020-04-10,1664,81,16,908,97,2572,72
"76",2020-04-11,1705,41,15,923,56,2628,73.1428571428571
"77",2020-04-12,1729,24,11,934,35,2663,70.4285714285714
"78",2020-04-13,1769,40,26,960,66,2729,69.2857142857143
"79",2020-04-14,1813,44,40,1000,84,2813,72.5714285714286
"80",2020-04-15,1844,31,36,1036,67,2880,69.4285714285714
"81",2020-04-16,1870,26,48,1084,74,2954,68.4285714285714
"82",2020-04-17,1910,40,28,1112,68,3022,64.2857142857143
"83",2020-04-18,1925,15,16,1128,31,3053,60.7142857142857
"84",2020-04-19,1939,14,21,1149,35,3088,60.7142857142857
"85",2020-04-20,1964,25,38,1187,63,3151,60.2857142857143
"86",2020-04-21,1990,26,23,1210,49,3200,55.2857142857143
"87",2020-04-22,2039,49,43,1253,92,3292,58.8571428571429
"88",2020-04-23,2059,20,22,1275,42,3334,54.2857142857143
"89",2020-04-24,2088,29,38,1313,67,3401,54.1428571428571
"90",2020-04-25,2102,14,20,1333,34,3435,54.5714285714286
"91",2020-04-26,2113,11,18,1351,29,3464,53.7142857142857
"92",2020-04-27,2137,24,26,1377,50,3514,51.8571428571429
"93",2020-04-28,2158,21,21,1398,42,3556,50.8571428571429
"94",2020-04-29,2186,28,13,1411,41,3597,43.5714285714286
"95",2020-04-30,2197,11,27,1438,38,3635,43
"96",2020-05-01,2219,22,30,1468,52,3687,40.8571428571429
"97",2020-05-02,2231,12,17,1485,29,3716,40.1428571428571
"98",2020-05-03,2239,8,16,1501,24,3740,39.4285714285714
"99",2020-05-04,2258,19,28,1529,47,3787,39
"100",2020-05-05,2271,13,22,1551,35,3822,38
"101",2020-05-06,2298,27,29,1580,56,3878,40.1428571428571
"102",2020-05-07,2311,13,26,1606,39,3917,40.2857142857143
"103",2020-05-08,2335,24,23,1629,47,3964,39.5714285714286
"104",2020-05-09,2346,11,16,1645,27,3991,39.2857142857143
"105",2020-05-10,2349,3,19,1664,22,4013,39
"106",2020-05-11,2369,20,23,1687,43,4056,38.4285714285714
"107",2020-05-12,2384,15,29,1716,44,4100,39.7142857142857
"108",2020-05-13,2404,20,28,1744,48,4148,38.5714285714286
"109",2020-05-14,2428,24,34,1778,58,4206,41.2857142857143
"110",2020-05-15,2443,15,55,1833,70,4276,44.5714285714286
"111",2020-05-16,2458,15,23,1856,38,4314,46.1428571428571
"112",2020-05-17,2465,7,17,1873,24,4338,46.4285714285714
"113",2020-05-18,2504,39,41,1914,80,4418,51.7142857142857
"114",2020-05-19,2548,44,39,1953,83,4501,57.2857142857143
"115",2020-05-20,2584,36,42,1995,78,4579,61.5714285714286
"116",2020-05-21,2605,21,70,2065,91,4670,66.2857142857143
"117",2020-05-22,2631,26,35,2100,61,4731,65
"118",2020-05-23,2648,17,19,2119,36,4767,64.7142857142857
"119",2020-05-24,2650,2,29,2148,31,4798,65.7142857142857
"120",2020-05-25,2657,7,34,2182,41,4839,60.1428571428571
"121",2020-05-26,2687,30,39,2221,69,4908,58.1428571428571
"122",2020-05-27,2726,39,38,2259,77,4985,58
"123",2020-05-28,2749,23,41,2300,64,5049,54.1428571428571
"124",2020-05-29,2793,44,31,2331,75,5124,56.1428571428571
"125",2020-05-30,2809,16,20,2351,36,5160,56.1428571428571
"126",2020-05-31,2819,10,25,2376,35,5195,56.7142857142857
"127",2020-06-01,2853,34,52,2428,86,5281,63.1428571428571
"128",2020-06-02,2878,25,46,2474,71,5352,63.4285714285714
"129",2020-06-03,2919,41,36,2510,77,5429,63.4285714285714
"130",2020-06-04,2955,36,27,2537,63,5492,63.2857142857143
"131",2020-06-05,2992,37,25,2562,62,5554,61.4285714285714
"132",2020-06-06,3005,13,25,2587,38,5592,61.7142857142857
"133",2020-06-07,3023,18,13,2600,31,5623,61.1428571428571
"134",2020-06-08,3062,39,31,2631,70,5693,58.8571428571429
"135",2020-06-09,3108,46,32,2663,78,5771,59.8571428571429
"136",2020-06-10,3171,63,31,2694,94,5865,62.2857142857143
"137",2020-06-11,3221,50,40,2734,90,5955,66.1428571428571
"138",2020-06-12,3279,58,37,2771,95,6050,70.8571428571429
"139",2020-06-13,3300,21,37,2808,58,6108,73.7142857142857
"140",2020-06-14,3313,13,21,2829,34,6142,74.1428571428571
"141",2020-06-15,3375,62,59,2888,121,6263,81.4285714285714
"142",2020-06-16,3469,94,43,2931,137,6400,89.8571428571429
"143",2020-06-17,3560,91,53,2984,144,6544,97
"144",2020-06-18,3662,102,46,3030,148,6692,105.285714285714
"145",2020-06-19,3773,111,40,3070,151,6843,113.285714285714
"146",2020-06-20,3823,50,39,3109,89,6932,117.714285714286
"147",2020-06-21,3860,37,49,3158,86,7018,125.142857142857
"148",2020-06-22,3964,104,62,3220,166,7184,131.571428571429
"149",2020-06-23,4153,189,77,3297,266,7450,150
"150",2020-06-24,4299,146,68,3365,214,7664,160
"151",2020-06-25,4432,133,56,3421,189,7853,165.857142857143
"152",2020-06-26,4569,137,70,3491,207,8060,173.857142857143
"153",2020-06-27,4680,111,50,3541,161,8221,184.142857142857
"154",2020-06-28,4740,60,56,3597,116,8337,188.428571428571
"155",2020-06-29,4884,144,76,3673,220,8557,196.142857142857
"156",2020-06-30,5073,189,59,3732,248,8805,193.571428571429
"157",2020-07-01,5258,185,80,3812,265,9070,200.857142857143
"158",2020-07-02,5442,184,66,3878,250,9320,209.571428571429
"159",2020-07-03,5520,78,79,3957,157,9477,202.428571428571
"160",2020-07-04,5564,44,58,4015,102,9579,194
"161",2020-07-05,5659,95,63,4078,158,9737,200
"162",2020-07-06,5912,253,109,4187,362,10099,220.285714285714
"163",2020-07-07,6202,290,92,4279,382,10481,239.428571428571
"164",2020-07-08,6485,283,117,4396,400,10881,258.714285714286
"165",2020-07-09,6767,282,120,4516,402,11283,280.428571428571
"166",2020-07-10,7015,248,125,4641,373,11656,311.285714285714
"167",2020-07-11,7196,181,65,4706,246,11902,331.857142857143
"168",2020-07-12,7315,119,70,4776,189,12091,336.285714285714
"169",2020-07-13,7521,206,120,4896,326,12417,331.142857142857
"170",2020-07-14,7872,351,132,5028,483,12900,345.571428571429
"171",2020-07-15,8253,381,95,5123,476,13376,356.428571428571
"172",2020-07-16,8592,339,114,5237,453,13829,363.714285714286
"173",2020-07-17,8887,295,109,5346,404,14233,368.142857142857
"174",2020-07-18,9059,172,95,5441,267,14500,371.142857142857
"175",2020-07-19,9147,88,58,5499,146,14646,365
"176",2020-07-20,9364,217,101,5600,318,14964,363.857142857143
"177",2020-07-21,9672,308,103,5703,411,15375,353.571428571429
"178",2020-07-22,9971,299,85,5788,384,15759,340.428571428571
"179",2020-07-23,10252,281,81,5869,362,16121,327.428571428571
"180",2020-07-24,10498,246,102,5971,348,16469,319.428571428571
"181",2020-07-25,10624,126,61,6032,187,16656,308
"182",2020-07-26,10710,86,63,6095,149,16805,308.428571428571
"183",2020-07-27,10886,176,102,6197,278,17083,302.714285714286
"184",2020-07-28,11184,298,100,6297,398,17481,300.857142857143
"185",2020-07-29,11455,271,69,6366,340,17821,294.571428571429
"186",2020-07-30,11695,240,91,6457,331,18152,290.142857142857
"187",2020-07-31,11954,259,97,6554,356,18508,291.285714285714
"188",2020-08-01,12127,173,73,6627,246,18754,299.714285714286
"189",2020-08-02,12211,84,54,6681,138,18892,298.142857142857
"190",2020-08-03,12381,170,113,6794,283,19175,298.857142857143
"191",2020-08-04,12683,302,82,6876,384,19559,296.857142857143
"192",2020-08-05,13016,333,114,6990,447,20006,312.142857142857
"193",2020-08-06,13262,246,97,7087,343,20349,313.857142857143
"194",2020-08-07,13520,258,98,7185,356,20705,313.857142857143
"195",2020-08-08,13726,206,63,7248,269,20974,317.142857142857
"196",2020-08-09,13834,108,55,7303,163,21137,320.714285714286
"197",2020-08-10,14055,221,98,7401,319,21456,325.857142857143
"198",2020-08-11,14384,329,81,7482,410,21866,329.571428571429
"199",2020-08-12,14668,284,78,7560,362,22228,317.428571428571
"200",2020-08-13,14910,242,78,7638,320,22548,314.142857142857
"201",2020-08-14,15163,253,57,7695,310,22858,307.571428571429
"202",2020-08-15,15319,156,58,7753,214,23072,299.714285714286
"203",2020-08-16,15390,71,38,7791,109,23181,292
"204",2020-08-17,15575,185,77,7868,262,23443,283.857142857143
"205",2020-08-18,15843,268,55,7923,323,23766,271.428571428571
"206",2020-08-19,16015,172,60,7983,232,23998,252.857142857143
"207",2020-08-20,16177,162,69,8052,231,24229,240.142857142857
"208",2020-08-21,16343,166,62,8114,228,24457,228.428571428571
"209",2020-08-22,16480,137,60,8174,197,24654,226
"210",2020-08-23,16540,60,47,8221,107,24761,225.714285714286
"211",2020-08-24,16694,154,96,8317,250,25011,224
"212",2020-08-25,16981,287,67,8384,354,25365,228.428571428571
"213",2020-08-26,17209,228,59,8443,287,25652,236.285714285714
"214",2020-08-27,17407,198,67,8510,265,25917,241.142857142857
"215",2020-08-28,17597,190,106,8616,296,26213,250.857142857143
"216",2020-08-29,17738,141,47,8663,188,26401,249.571428571429
"217",2020-08-30,17794,56,41,8704,97,26498,248.142857142857
"218",2020-08-31,17942,148,80,8784,228,26726,245
"219",2020-09-01,18176,234,68,8852,302,27028,237.571428571429
"220",2020-09-02,18407,231,81,8933,312,27340,241.142857142857
"221",2020-09-03,18575,168,63,8996,231,27571,236.285714285714
"222",2020-09-04,18752,177,78,9074,255,27826,230.428571428571
"223",2020-09-05,18842,90,48,9122,138,27964,223.285714285714
"224",2020-09-06,18887,45,46,9168,91,28055,222.428571428571
"225",2020-09-07,18928,41,55,9223,96,28151,203.571428571429
"226",2020-09-08,19120,192,76,9299,268,28419,198.714285714286
"227",2020-09-09,19327,207,76,9375,283,28702,194.571428571429
"228",2020-09-10,19471,144,61,9436,205,28907,190.857142857143
"229",2020-09-11,19603,132,46,9482,178,29085,179.857142857143
"230",2020-09-12,19686,83,42,9524,125,29210,178
"231",2020-09-13,19719,33,41,9565,74,29284,175.571428571429
"232",2020-09-14,19844,125,61,9626,186,29470,188.428571428571
"233",2020-09-15,20070,226,64,9690,290,29760,191.571428571429
"234",2020-09-16,20220,150,68,9758,218,29978,182.285714285714
"235",2020-09-17,20396,176,64,9822,240,30218,187.285714285714
"236",2020-09-18,20528,132,45,9867,177,30395,187.142857142857
"237",2020-09-19,20599,71,39,9906,110,30505,185
"238",2020-09-20,20641,42,30,9936,72,30577,184.714285714286
"239",2020-09-21,20763,122,68,10004,190,30767,185.285714285714
"240",2020-09-22,20908,145,53,10057,198,30965,172.142857142857
"241",2020-09-23,21046,138,40,10097,178,31143,166.428571428571
"242",2020-09-24,21164,118,38,10135,156,31299,154.428571428571
"243",2020-09-25,21267,103,49,10184,152,31451,150.857142857143
"244",2020-09-26,21320,53,39,10223,92,31543,148.285714285714
"245",2020-09-27,21360,40,33,10256,73,31616,148.428571428571
"246",2020-09-28,21457,97,71,10327,168,31784,145.285714285714
"247",2020-09-29,21603,146,46,10373,192,31976,144.428571428571
"248",2020-09-30,21721,118,48,10421,166,32142,142.714285714286
"249",2020-10-01,21841,120,42,10463,162,32304,143.571428571429
"250",2020-10-02,21962,121,47,10510,168,32472,145.857142857143
"251",2020-10-03,22028,66,41,10551,107,32579,148
"252",2020-10-04,22071,43,26,10577,69,32648,147.428571428571
"253",2020-10-05,22156,85,60,10637,145,32793,144.142857142857
"254",2020-10-06,22305,149,27,10664,176,32969,141.857142857143
"255",2020-10-07,22435,130,31,10695,161,33130,141.142857142857
"256",2020-10-08,22562,127,43,10738,170,33300,142.285714285714
"257",2020-10-09,22674,112,33,10771,145,33445,139
"258",2020-10-10,22761,87,29,10800,116,33561,140.285714285714
"259",2020-10-11,22805,44,36,10836,80,33641,141.857142857143
"260",2020-10-12,22939,134,32,10868,166,33807,144.857142857143
"261",2020-10-13,23089,150,49,10917,199,34006,148.142857142857
"262",2020-10-14,23232,143,43,10960,186,34192,151.714285714286
"263",2020-10-15,23392,160,51,11011,211,34403,157.571428571429
"264",2020-10-16,23503,111,40,11051,151,34554,158.428571428571
"265",2020-10-17,23569,66,26,11077,92,34646,155
"266",2020-10-18,23609,40,29,11106,69,34715,153.428571428571
"267",2020-10-19,23749,140,61,11167,201,34916,158.428571428571
"268",2020-10-20,23946,197,48,11215,245,35161,165
"269",2020-10-21,24094,148,45,11260,193,35354,166
"270",2020-10-22,24226,132,47,11307,179,35533,161.428571428571
"271",2020-10-23,24371,145,56,11363,201,35734,168.571428571429
"272",2020-10-24,24440,69,49,11412,118,35852,172.285714285714
"273",2020-10-25,24496,56,39,11451,95,35947,176
"274",2020-10-26,24654,158,51,11502,209,36156,177.142857142857
"275",2020-10-27,24856,202,43,11545,245,36401,177.142857142857
"276",2020-10-28,25025,169,47,11592,216,36617,180.428571428571
"277",2020-10-29,25168,143,68,11660,211,36828,185
"278",2020-10-30,25316,148,47,11707,195,37023,184.142857142857
"279",2020-10-31,25414,98,60,11767,158,37181,189.857142857143
"280",2020-11-01,25470,56,53,11820,109,37290,191.857142857143
"281",2020-11-02,25690,220,82,11902,302,37592,205.142857142857
"282",2020-11-03,25971,281,112,12014,393,37985,226.285714285714
"283",2020-11-04,26270,299,97,12111,396,38381,252
"284",2020-11-05,26536,266,99,12210,365,38746,274
"285",2020-11-06,26794,258,99,12309,357,39103,297.142857142857
"286",2020-11-07,27005,211,76,12385,287,39390,315.571428571429
"287",2020-11-08,27091,86,60,12445,146,39536,320.857142857143
"288",2020-11-09,27388,297,128,12573,425,39961,338.428571428571
"289",2020-11-10,27815,427,109,12682,536,40497,358.857142857143
"290",2020-11-11,28160,345,103,12785,448,40945,366.285714285714
"291",2020-11-12,28605,445,116,12901,561,41506,394.285714285714
"292",2020-11-13,28986,381,120,13021,501,42007,414.857142857143
"293",2020-11-14,29253,267,90,13111,357,42364,424.857142857143
"294",2020-11-15,29370,117,102,13213,219,42583,435.285714285714
"295",2020-11-16,29687,317,181,13394,498,43081,445.714285714286
"296",2020-11-17,30252,565,165,13559,730,43811,473.428571428571
"297",2020-11-18,30827,575,161,13720,736,44547,514.571428571429
"298",2020-11-19,31340,513,153,13873,666,45213,529.571428571429
"299",2020-11-20,31892,552,133,14006,685,45898,555.857142857143
"300",2020-11-21,32233,341,132,14138,473,46371,572.428571428571
"301",2020-11-22,32507,274,102,14240,376,46747,594.857142857143
"302",2020-11-23,33138,631,199,14439,830,47577,642.285714285714
"303",2020-11-24,33827,689,196,14635,885,48462,664.428571428571
"304",2020-11-25,34669,842,195,14830,1037,49499,707.428571428571
"305",2020-11-26,34821,152,120,14950,272,49771,651.142857142857
"306",2020-11-27,35350,529,185,15135,714,50485,655.285714285714
"307",2020-11-28,35910,560,196,15331,756,51241,695.714285714286
"308",2020-11-29,36422,512,186,15517,698,51939,741.714285714286
"309",2020-11-30,37365,943,335,15852,1278,53217,805.714285714286
"310",2020-12-01,38663,1298,354,16206,1652,54869,915.285714285714
"311",2020-12-02,40014,1351,324,16530,1675,56544,1006.42857142857
"312",2020-12-03,41242,1228,352,16882,1580,58124,1193.28571428571
"313",2020-12-04,42467,1225,348,17230,1573,59697,1316
"314",2020-12-05,43283,816,290,17520,1106,60803,1366
"315",2020-12-06,43776,493,246,17766,739,61542,1371.85714285714
"316",2020-12-07,45058,1282,507,18273,1789,63331,1444.85714285714
"317",2020-12-08,46610,1552,434,18707,1986,65317,1492.57142857143
"318",2020-12-09,48149,1539,391,19098,1930,67247,1529
"319",2020-12-10,49481,1332,440,19538,1772,69019,1556.42857142857
"320",2020-12-11,50595,1114,440,19978,1554,70573,1553.71428571429
"321",2020-12-12,51415,820,272,20250,1092,71665,1551.71428571429
"322",2020-12-13,52181,766,214,20464,980,72645,1586.14285714286
"323",2020-12-14,53428,1247,489,20953,1736,74381,1578.57142857143
"324",2020-12-15,55263,1835,494,21447,2329,76710,1627.57142857143
"325",2020-12-16,56903,1640,399,21846,2039,78749,1643.14285714286
"326",2020-12-17,58399,1496,324,22170,1820,80569,1650
"327",2020-12-18,59585,1186,367,22537,1553,82122,1649.85714285714
"328",2020-12-19,60333,748,306,22843,1054,83176,1644.42857142857
"329",2020-12-20,60934,601,213,23056,814,83990,1620.71428571429
"330",2020-12-21,62462,1528,430,23486,1958,85948,1652.42857142857
"331",2020-12-22,63900,1438,399,23885,1837,87785,1582.14285714286
"332",2020-12-23,65333,1433,322,24207,1755,89540,1541.57142857143
"333",2020-12-24,66075,742,300,24507,1042,90582,1430.42857142857
"334",2020-12-25,66284,209,197,24704,406,90988,1266.57142857143
"335",2020-12-26,67274,990,317,25021,1307,92295,1302.71428571429
"336",2020-12-27,68079,805,332,25353,1137,93432,1348.85714285714
"337",2020-12-28,69901,1822,541,25894,2363,95795,1406.71428571429
"338",2020-12-29,71715,1814,442,26336,2256,98051,1466.57142857143
"339",2020-12-30,73626,1911,441,26777,2352,100403,1551.85714285714
"340",2020-12-31,74801,1175,373,27150,1548,101951,1624.14285714286
"341",2021-01-01,75076,275,306,27456,581,102532,1649.14285714286
"342",2021-01-02,76066,990,452,27908,1442,103974,1668.42857142857
"343",2021-01-03,76994,928,346,28254,1274,105248,1688
"344",2021-01-04,78599,1605,608,28862,2213,107461,1666.57142857143
"345",2021-01-05,80852,2253,566,29428,2819,110280,1747
"346",2021-01-06,82661,1809,498,29926,2307,112587,1740.57142857143
"347",2021-01-07,84286,1625,430,30356,2055,114642,1813
"348",2021-01-08,85428,1142,529,30885,1671,116313,1968.71428571429
"349",2021-01-09,86298,870,352,31237,1222,117535,1937.28571428571
"350",2021-01-10,86993,695,307,31544,1002,118537,1898.42857142857
"351",2021-01-11,88275,1282,494,32038,1776,120313,1836
"352",2021-01-12,89760,1485,453,32491,1938,122251,1710.14285714286
"353",2021-01-13,91074,1314,397,32888,1711,123962,1625
"354",2021-01-14,92238,1164,349,33237,1513,125475,1547.57142857143
"355",2021-01-15,93292,1054,369,33606,1423,126898,1512.14285714286
"356",2021-01-16,93912,620,243,33849,863,127761,1460.85714285714
"357",2021-01-17,94382,470,172,34021,642,128403,1409.42857142857
"358",2021-01-18,95120,738,253,34274,991,129394,1297.28571428571
"359",2021-01-19,96140,1020,316,34590,1336,130730,1211.28571428571
"360",2021-01-20,97023,883,297,34887,1180,131910,1135.42857142857
"361",2021-01-21,97801,778,231,35118,1009,132919,1063.42857142857
"362",2021-01-22,98420,619,247,35365,866,133785,983.857142857143
"363",2021-01-23,98842,422,226,35591,648,134433,953.142857142857
"364",2021-01-24,99187,345,177,35768,522,134955,936
"365",2021-01-25,99812,625,248,36016,873,135828,919.142857142857
"366",2021-01-26,100353,541,241,36257,782,136610,840
"367",2021-01-27,100883,530,202,36459,732,137342,776
"368",2021-01-28,101299,416,156,36615,572,137914,713.571428571429
"369",2021-01-29,101807,508,168,36783,676,138590,686.428571428571
"370",2021-01-30,102189,382,129,36912,511,139101,666.857142857143
"371",2021-01-31,102464,275,143,37055,418,139519,652
"372",2021-02-01,103011,547,193,37248,740,140259,633
"373",2021-02-02,103464,453,153,37401,606,140865,607.857142857143
"374",2021-02-03,103956,492,169,37570,661,141526,597.714285714286
"375",2021-02-04,104352,396,140,37710,536,142062,592.571428571429
"376",2021-02-05,104745,393,121,37831,514,142576,569.428571428571
"377",2021-02-06,104988,243,84,37915,327,142903,543.142857142857
"378",2021-02-07,105169,181,72,37987,253,143156,519.571428571429
"379",2021-02-08,105518,349,138,38125,487,143643,483.428571428571
"380",2021-02-09,105928,410,114,38239,524,144167,471.714285714286
"381",2021-02-10,106303,375,129,38368,504,144671,449.285714285714
"382",2021-02-11,106606,303,90,38458,393,145064,428.857142857143
"383",2021-02-12,106869,263,97,38555,360,145424,406.857142857143
"384",2021-02-13,107021,152,74,38629,226,145650,392.428571428571
"385",2021-02-14,107206,185,53,38682,238,145888,390.285714285714
"386",2021-02-15,107393,187,83,38765,270,146158,359.285714285714
"387",2021-02-16,107635,242,81,38846,323,146481,330.571428571429
"388",2021-02-17,107898,263,60,38906,323,146804,304.714285714286
"389",2021-02-18,108168,270,67,38973,337,147141,296.714285714286
"390",2021-02-19,108401,233,63,39036,296,147437,287.571428571429
"391",2021-02-20,108576,175,60,39096,235,147672,288.857142857143
"392",2021-02-21,108741,165,43,39139,208,147880,284.571428571429
"393",2021-02-22,109002,261,65,39204,326,148206,292.571428571429
"394",2021-02-23,109219,217,55,39259,272,148478,285.285714285714
"395",2021-02-24,109477,258,60,39319,318,148796,284.571428571429
"396",2021-02-25,109642,165,39,39358,204,149000,265.571428571429
"397",2021-02-26,109798,156,46,39404,202,149202,252.142857142857
"398",2021-02-27,109935,137,43,39447,180,149382,244.285714285714
"399",2021-02-28,110058,123,42,39489,165,149547,238.142857142857
"400",2021-03-01,110263,205,55,39544,260,149807,228.714285714286
"401",2021-03-02,110446,183,50,39594,233,150040,223.142857142857
"402",2021-03-03,110639,193,53,39647,246,150286,212.857142857143
"403",2021-03-04,110803,164,51,39698,215,150501,214.428571428571
"404",2021-03-05,110955,152,43,39741,195,150696,213.428571428571
"405",2021-03-06,111039,84,33,39774,117,150813,204.428571428571
"406",2021-03-07,111116,77,23,39797,100,150913,195.142857142857
"407",2021-03-08,111279,163,40,39837,203,151116,187
"408",2021-03-09,111430,151,48,39885,199,151315,182.142857142857
"409",2021-03-10,111565,135,47,39932,182,151497,173
"410",2021-03-11,111688,123,26,39958,149,151646,163.571428571429
"411",2021-03-12,111800,112,38,39996,150,151796,157.142857142857
"412",2021-03-13,111896,96,36,40032,132,151928,159.285714285714
"413",2021-03-14,111962,66,27,40059,93,152021,158.285714285714
"414",2021-03-15,112099,137,39,40098,176,152197,154.428571428571
"415",2021-03-16,112215,116,53,40151,169,152366,150.142857142857
"416",2021-03-17,112368,153,34,40185,187,152553,150.857142857143
"417",2021-03-18,112475,107,31,40216,138,152691,149.285714285714
"418",2021-03-19,112589,114,40,40256,154,152845,149.857142857143
"419",2021-03-20,112656,67,25,40281,92,152937,144.142857142857
"420",2021-03-21,112732,76,34,40315,110,153047,146.571428571429
"421",2021-03-22,112845,113,44,40359,157,153204,143.857142857143
"422",2021-03-23,112965,120,50,40409,170,153374,144
"423",2021-03-24,113090,125,59,40468,184,153558,143.571428571429
"424",2021-03-25,113224,134,49,40517,183,153741,150
"425",2021-03-26,113351,127,41,40558,168,153909,152
"426",2021-03-27,113418,67,34,40592,101,154010,153.285714285714
"427",2021-03-28,113484,66,25,40617,91,154101,150.571428571429
"428",2021-03-29,113598,114,45,40662,159,154260,150.857142857143
"429",2021-03-30,113689,91,42,40704,133,154393,145.571428571429
"430",2021-03-31,113831,142,46,40750,188,154581,146.142857142857
"431",2021-04-01,113955,124,31,40781,155,154736,142.142857142857
"432",2021-04-02,114059,104,41,40822,145,154881,138.857142857143
"433",2021-04-03,114130,71,42,40864,113,154994,140.571428571429
"434",2021-04-04,114189,59,25,40889,84,155078,139.571428571429
"435",2021-04-05,114383,194,42,40931,236,155314,150.571428571429
"436",2021-04-06,114550,167,42,40973,209,155523,161.428571428571
"437",2021-04-07,114718,168,49,41022,217,155740,165.571428571429
"438",2021-04-08,114877,159,45,41067,204,155944,172.571428571429
"439",2021-04-09,115007,130,39,41106,169,156113,176
"440",2021-04-10,115107,100,38,41144,138,156251,179.571428571429
"441",2021-04-11,115174,67,30,41174,97,156348,181.428571428571
"442",2021-04-12,115318,144,54,41228,198,156546,176
"443",2021-04-13,115437,119,43,41271,162,156708,169.285714285714
"444",2021-04-14,115585,148,45,41316,193,156901,165.857142857143
"445",2021-04-15,115724,139,38,41354,177,157078,162
"446",2021-04-16,115839,115,38,41392,153,157231,159.714285714286
"447",2021-04-17,115933,94,30,41422,124,157355,157.714285714286
"448",2021-04-18,116013,80,23,41445,103,157458,158.571428571429
"449",2021-04-19,116147,134,30,41475,164,157622,153.714285714286
"450",2021-04-20,116271,124,33,41508,157,157779,153
"451",2021-04-21,116391,120,32,41540,152,157931,147.142857142857
"452",2021-04-22,116469,78,30,41570,108,158039,137.285714285714
"453",2021-04-23,116563,94,26,41596,120,158159,132.571428571429
"454",2021-04-24,116625,62,25,41621,87,158246,127.285714285714
"455",2021-04-25,116676,51,13,41634,64,158310,121.714285714286
"456",2021-04-26,116752,76,36,41670,112,158422,114.285714285714
"457",2021-04-27,116858,106,30,41700,136,158558,111.285714285714
"458",2021-04-28,116921,63,35,41735,98,158656,103.571428571429
"459",2021-04-29,117004,83,27,41762,110,158766,103.857142857143
"460",2021-04-30,117068,64,28,41790,92,158858,99.8571428571429
"461",2021-05-01,117115,47,14,41804,61,158919,96.1428571428571
"462",2021-05-02,117163,48,29,41833,77,158996,98
"463",2021-05-03,117235,72,16,41849,88,159084,94.5714285714286
"464",2021-05-04,117320,85,24,41873,109,159193,90.7142857142857
"465",2021-05-05,117391,71,25,41898,96,159289,90.4285714285714
"466",2021-05-06,117437,46,28,41926,74,159363,85.2857142857143
"467",2021-05-07,117489,52,18,41944,70,159433,82.1428571428571
"468",2021-05-08,117515,26,14,41958,40,159473,79.1428571428571
"469",2021-05-09,117541,26,11,41969,37,159510,73.4285714285714
"470",2021-05-10,117583,42,29,41998,71,159581,71
"471",2021-05-11,117653,70,19,42017,89,159670,68.1428571428571
"472",2021-05-12,117703,50,18,42035,68,159738,64.1428571428571
"473",2021-05-13,117764,61,9,42044,70,159808,63.5714285714286
"474",2021-05-14,117806,42,18,42062,60,159868,62.1428571428571
"475",2021-05-15,117829,23,10,42072,33,159901,61.1428571428571
"476",2021-05-16,117857,28,16,42088,44,159945,62.1428571428571
"477",2021-05-17,117885,28,11,42099,39,159984,57.5714285714286
"478",2021-05-18,117924,39,26,42125,65,160049,54.1428571428571
"479",2021-05-19,117951,27,12,42137,39,160088,50
"480",2021-05-20,117996,45,7,42144,52,160140,47.4285714285714
"481",2021-05-21,118015,19,14,42158,33,160173,43.5714285714286
"482",2021-05-22,118043,28,13,42171,41,160214,44.7142857142857
"483",2021-05-23,118061,18,10,42181,28,160242,42.4285714285714
"484",2021-05-24,118085,24,17,42198,41,160283,42.7142857142857
"485",2021-05-25,118116,31,10,42208,41,160324,39.2857142857143
"486",2021-05-26,118139,23,10,42218,33,160357,38.4285714285714
"487",2021-05-27,118169,30,8,42226,38,160395,36.4285714285714
"488",2021-05-28,118191,22,9,42235,31,160426,36.1428571428571
"489",2021-05-29,118207,16,6,42241,22,160448,33.4285714285714
"490",2021-05-30,118231,24,8,42249,32,160480,34
"491",2021-05-31,118237,6,8,42257,14,160494,30.1428571428571
"492",2021-06-01,118279,42,16,42273,58,160552,32.5714285714286
"493",2021-06-02,118317,38,16,42289,54,160606,35.5714285714286
"494",2021-06-03,118351,34,10,42299,44,160650,36.4285714285714
"495",2021-06-04,118390,39,12,42311,51,160701,39.2857142857143
"496",2021-06-05,118411,21,11,42322,32,160733,40.7142857142857
"497",2021-06-06,118430,19,10,42332,29,160762,40.2857142857143
"498",2021-06-07,118457,27,17,42349,44,160806,44.5714285714286
"499",2021-06-08,118480,23,16,42365,39,160845,41.8571428571429
"500",2021-06-09,118506,26,12,42377,38,160883,39.5714285714286
"501",2021-06-10,118544,38,16,42393,54,160937,41
"502",2021-06-11,118577,33,7,42400,40,160977,39.4285714285714
"503",2021-06-12,118598,21,14,42414,35,161012,39.8571428571429
"504",2021-06-13,118619,21,6,42420,27,161039,39.5714285714286
"505",2021-06-14,118637,18,14,42434,32,161071,37.8571428571429
"506",2021-06-15,118671,34,14,42448,48,161119,39.1428571428571
"507",2021-06-16,118700,29,13,42461,42,161161,39.7142857142857
"508",2021-06-17,118743,43,17,42478,60,161221,40.5714285714286
"509",2021-06-18,118769,26,6,42484,32,161253,39.4285714285714
"510",2021-06-19,118785,16,12,42496,28,161281,38.4285714285714
"511",2021-06-20,118801,16,16,42512,32,161313,39.1428571428571
"512",2021-06-21,118843,42,27,42539,69,161382,44.4285714285714
"513",2021-06-22,118881,38,16,42555,54,161436,45.2857142857143
"514",2021-06-23,118911,30,13,42568,43,161479,45.4285714285714
"515",2021-06-24,118945,34,16,42584,50,161529,44
"516",2021-06-25,118972,27,26,42610,53,161582,47
"517",2021-06-26,118990,18,18,42628,36,161618,48.1428571428571
"518",2021-06-27,119012,22,20,42648,42,161660,49.5714285714286
"519",2021-06-28,119060,48,28,42676,76,161736,50.5714285714286
"520",2021-06-29,119104,44,35,42711,79,161815,54.1428571428571
"521",2021-06-30,119150,46,32,42743,78,161893,59.1428571428571
"522",2021-07-01,119202,52,37,42780,89,161982,64.7142857142857
"523",2021-07-02,119245,43,26,42806,69,162051,67
"524",2021-07-03,119311,66,35,42841,101,162152,76.2857142857143
"525",2021-07-04,119331,20,25,42866,45,162197,76.7142857142857
"526",2021-07-05,119387,56,34,42900,90,162287,78.7142857142857
"527",2021-07-06,119494,107,51,42951,158,162445,90
"528",2021-07-07,119582,88,75,43026,163,162608,102.142857142857
"529",2021-07-08,119673,91,54,43080,145,162753,110.142857142857
"530",2021-07-09,119771,98,49,43129,147,162900,121.285714285714
"531",2021-07-10,119876,105,43,43172,148,163048,128
"532",2021-07-11,119944,68,51,43223,119,163167,138.571428571429
"533",2021-07-12,120072,128,81,43304,209,163376,155.571428571429
"534",2021-07-13,120219,147,94,43398,241,163617,167.428571428571
"535",2021-07-14,120379,160,71,43469,231,163848,177.142857142857
"536",2021-07-15,120545,166,99,43568,265,164113,194.285714285714
"537",2021-07-16,120684,139,104,43672,243,164356,208
"538",2021-07-17,120832,148,53,43725,201,164557,215.571428571429
"539",2021-07-18,120947,115,71,43796,186,164743,225.142857142857
"540",2021-07-19,121146,199,113,43909,312,165055,239.857142857143
"541",2021-07-20,121374,228,142,44051,370,165425,258.285714285714
"542",2021-07-21,121629,255,118,44169,373,165798,278.571428571429
"543",2021-07-22,121847,218,91,44260,309,166107,284.857142857143
"544",2021-07-23,122082,235,112,44372,347,166454,299.714285714286
"545",2021-07-24,122260,178,104,44476,282,166736,311.285714285714
"546",2021-07-25,122419,159,115,44591,274,167010,323.857142857143
"547",2021-07-26,122725,306,164,44755,470,167480,346.428571428571
"548",2021-07-27,123061,336,150,44905,486,167966,363
"549",2021-07-28,123407,346,151,45056,497,168463,380.714285714286
"550",2021-07-29,123730,323,149,45205,472,168935,404
"551",2021-07-30,124002,272,128,45333,400,169335,411.571428571429
"552",2021-07-31,124229,227,127,45460,354,169689,421.857142857143
"553",2021-08-01,124451,222,157,45617,379,170068,436.857142857143
"554",2021-08-02,124790,339,183,45800,522,170590,444.285714285714
"555",2021-08-03,125240,450,178,45978,628,171218,464.571428571429
"556",2021-08-04,125666,426,193,46171,619,171837,482
"557",2021-08-05,126109,443,177,46348,620,172457,503.142857142857
"558",2021-08-06,126465,356,175,46523,531,172988,521.857142857143
"559",2021-08-07,126730,265,153,46676,418,173406,531
"560",2021-08-08,126966,236,128,46804,364,173770,528.857142857143
"561",2021-08-09,127401,435,193,46997,628,174398,544
"562",2021-08-10,127892,491,177,47174,668,175066,549.714285714286
"563",2021-08-11,128339,447,178,47352,625,175691,550.571428571429
"564",2021-08-12,128803,464,170,47522,634,176325,552.571428571429
"565",2021-08-13,129290,487,149,47671,636,176961,567.571428571429
"566",2021-08-14,129601,311,117,47788,428,177389,569
"567",2021-08-15,129839,238,119,47907,357,177746,568
"568",2021-08-16,130258,419,189,48096,608,178354,565.142857142857
"569",2021-08-17,130782,524,184,48280,708,179062,570.857142857143
"570",2021-08-18,131250,468,157,48437,625,179687,570.857142857143
"571",2021-08-19,131632,382,164,48601,546,180233,558.285714285714
"572",2021-08-20,132035,403,134,48735,537,180770,544.142857142857
"573",2021-08-21,132282,247,113,48848,360,181130,534.428571428571
"574",2021-08-22,132496,214,95,48943,309,181439,527.571428571429
"575",2021-08-23,132911,415,175,49118,590,182029,525
"576",2021-08-24,133326,415,140,49258,555,182584,503.142857142857
"577",2021-08-25,133780,454,150,49408,604,183188,500.142857142857
"578",2021-08-26,134178,398,123,49531,521,183709,496.571428571429
"579",2021-08-27,134550,372,130,49661,502,184211,491.571428571429
"580",2021-08-28,134762,212,77,49738,289,184500,481.428571428571
"581",2021-08-29,134952,190,74,49812,264,184764,475
"582",2021-08-30,135329,377,114,49926,491,185255,460.857142857143
"583",2021-08-31,135682,353,129,50055,482,185737,450.428571428571
"584",2021-09-01,136022,340,112,50167,452,186189,428.714285714286
"585",2021-09-02,136358,336,120,50287,456,186645,419.428571428571
"586",2021-09-03,136691,333,100,50387,433,187078,409.571428571429
"587",2021-09-04,136865,174,96,50483,270,187348,406.857142857143
"588",2021-09-05,137025,160,50,50533,210,187558,399.142857142857
"589",2021-09-06,137193,168,70,50603,238,187796,363
"590",2021-09-07,137522,329,132,50735,461,188257,360
"591",2021-09-08,137820,298,98,50833,396,188653,352
"592",2021-09-09,138100,280,106,50939,386,189039,342
"593",2021-09-10,138345,245,121,51060,366,189405,332.428571428571
"594",2021-09-11,138537,192,70,51130,262,189667,331.285714285714
"595",2021-09-12,138633,96,73,51203,169,189836,325.428571428571
"596",2021-09-13,138912,279,110,51313,389,190225,347
"597",2021-09-14,139166,254,91,51404,345,190570,330.428571428571
"598",2021-09-15,139410,244,101,51505,345,190915,323.142857142857
"599",2021-09-16,139630,220,83,51588,303,191218,311.285714285714
"600",2021-09-17,139821,191,79,51667,270,191488,297.571428571429
"601",2021-09-18,139958,137,55,51722,192,191680,287.571428571429
"602",2021-09-19,140056,98,52,51774,150,191830,284.857142857143
"603",2021-09-20,140268,212,98,51872,310,192140,273.571428571429
"604",2021-09-21,140462,194,86,51958,280,192420,264.285714285714
"605",2021-09-22,140693,231,69,52027,300,192720,257.857142857143
"606",2021-09-23,140868,175,71,52098,246,192966,249.714285714286
"607",2021-09-24,141041,173,75,52173,248,193214,246.571428571429
"608",2021-09-25,141164,123,60,52233,183,193397,245.285714285714
"609",2021-09-26,141243,79,64,52297,143,193540,244.285714285714
"610",2021-09-27,141446,203,69,52366,272,193812,238.857142857143
"611",2021-09-28,141631,185,76,52442,261,194073,236.142857142857
"612",2021-09-29,141806,175,45,52487,220,194293,224.714285714286
"613",2021-09-30,141954,148,61,52548,209,194502,219.428571428571
"614",2021-10-01,142091,137,49,52597,186,194688,210.571428571429
"615",2021-10-02,142201,110,40,52637,150,194838,205.857142857143
"616",2021-10-03,142314,113,41,52678,154,194992,207.428571428571
"617",2021-10-04,142477,163,68,52746,231,195223,201.571428571429
"618",2021-10-05,142620,143,60,52806,203,195426,193.285714285714
"619",2021-10-06,142780,160,47,52853,207,195633,191.428571428571
"620",2021-10-07,142932,152,49,52902,201,195834,190.285714285714
"621",2021-10-08,143086,154,40,52942,194,196028,191.428571428571
"622",2021-10-09,143178,92,29,52971,121,196149,187.285714285714
"623",2021-10-10,143269,91,32,53003,123,196272,182.857142857143
"624",2021-10-11,143432,163,42,53045,205,196477,179.142857142857
"625",2021-10-12,143628,196,47,53092,243,196720,184.857142857143
"626",2021-10-13,143798,170,52,53144,222,196942,187
"627",2021-10-14,143928,130,51,53195,181,197123,184.142857142857
"628",2021-10-15,144064,136,49,53244,185,197308,182.857142857143
"629",2021-10-16,144169,105,43,53287,148,197456,186.714285714286
"630",2021-10-17,144260,91,52,53339,143,197599,189.571428571429
"631",2021-10-18,144433,173,49,53388,222,197821,192
"632",2021-10-19,144606,173,66,53454,239,198060,191.428571428571
"633",2021-10-20,144778,172,61,53515,233,198293,193
"634",2021-10-21,144937,159,70,53585,229,198522,199.857142857143
"635",2021-10-22,145111,174,47,53632,221,198743,205
"636",2021-10-23,145254,143,51,53683,194,198937,211.571428571429
"637",2021-10-24,145342,88,39,53722,127,199064,209.285714285714
"638",2021-10-25,145533,191,74,53796,265,199329,215.428571428571
"639",2021-10-26,145713,180,60,53856,240,199569,215.571428571429
"640",2021-10-27,145904,191,72,53928,263,199832,219.857142857143
"641",2021-10-28,146112,208,56,53984,264,200096,224.857142857143
"642",2021-10-29,146271,159,45,54029,204,200300,222.428571428571
"643",2021-10-30,146405,134,44,54073,178,200478,220.142857142857
"644",2021-10-31,146494,89,39,54112,128,200606,220.285714285714
"645",2021-11-01,146699,205,58,54170,263,200869,220
"646",2021-11-02,146901,202,65,54235,267,201136,223.857142857143
"647",2021-11-03,147103,202,72,54307,274,201410,225.428571428571
"648",2021-11-04,147293,190,65,54372,255,201665,224.142857142857
"649",2021-11-05,147478,185,56,54428,241,201906,229.428571428571
"650",2021-11-06,147602,124,44,54472,168,202074,228
"651",2021-11-07,147709,107,37,54509,144,202218,230.285714285714
"652",2021-11-08,147936,227,60,54569,287,202505,233.714285714286
"653",2021-11-09,148178,242,76,54645,318,202823,241
"654",2021-11-10,148356,178,47,54692,225,203048,234
"655",2021-11-11,148500,144,54,54746,198,203246,225.857142857143
"656",2021-11-12,148720,220,47,54793,267,203513,229.571428571429
"657",2021-11-13,148836,116,49,54842,165,203678,229.142857142857
"658",2021-11-14,148952,116,38,54880,154,203832,230.571428571429
"659",2021-11-15,149165,213,54,54934,267,204099,227.714285714286
"660",2021-11-16,149383,218,52,54986,270,204369,220.857142857143
"661",2021-11-17,149570,187,64,55050,251,204620,224.571428571429
"662",2021-11-18,149719,149,69,55119,218,204838,227.428571428571
"663",2021-11-19,149950,231,60,55179,291,205129,230.857142857143
"664",2021-11-20,150070,120,47,55226,167,205296,231.142857142857
"665",2021-11-21,150163,93,35,55261,128,205424,227.428571428571
"666",2021-11-22,150377,214,54,55315,268,205692,227.571428571429
"667",2021-11-23,150545,168,57,55372,225,205917,221.142857142857
"668",2021-11-24,150727,182,52,55424,234,206151,218.714285714286
"669",2021-11-25,150752,25,31,55455,56,206207,195.571428571429
"670",2021-11-26,150912,160,49,55504,209,206416,183.857142857143
"671",2021-11-27,151053,141,63,55567,204,206620,189.142857142857
"672",2021-11-28,151211,158,58,55625,216,206836,201.714285714286
"673",2021-11-29,151530,319,94,55719,413,207249,222.428571428571
"674",2021-11-30,151834,304,100,55819,404,207653,248
"675",2021-12-01,152106,272,105,55924,377,208030,268.428571428571
"676",2021-12-02,152359,253,80,56004,333,208363,308
"677",2021-12-03,152618,259,83,56087,342,208705,327
"678",2021-12-04,152782,164,62,56149,226,208931,330.142857142857
"679",2021-12-05,152931,149,53,56202,202,209133,328.142857142857
"680",2021-12-06,153229,298,94,56296,392,209525,325.142857142857
"681",2021-12-07,153457,228,75,56371,303,209828,310.714285714286
"682",2021-12-08,153653,196,91,56462,287,210115,297.857142857143
"683",2021-12-09,153835,182,71,56533,253,210368,286.428571428571
"684",2021-12-10,154032,197,88,56621,285,210653,278.285714285714
"685",2021-12-11,154194,162,57,56678,219,210872,277.285714285714
"686",2021-12-12,154322,128,78,56756,206,211078,277.857142857143
"687",2021-12-13,154538,216,116,56872,332,211410,269.285714285714
"688",2021-12-14,154769,231,160,57032,391,211801,281.857142857143
"689",2021-12-15,155047,278,165,57197,443,212244,304.142857142857
"690",2021-12-16,155348,301,143,57340,444,212688,331.428571428571
"691",2021-12-17,155658,310,199,57539,509,213197,363.428571428571
"692",2021-12-18,155943,285,186,57725,471,213668,399.428571428571
"693",2021-12-19,156205,262,241,57966,503,214171,441.857142857143
"694",2021-12-20,156857,652,469,58435,1121,215292,554.571428571429
"695",2021-12-21,157593,736,554,58989,1290,216582,683
"696",2021-12-22,158614,1021,625,59614,1646,218228,854.857142857143
"697",2021-12-23,159744,1130,692,60306,1822,220050,1051.71428571429
"698",2021-12-24,160347,603,574,60880,1177,221227,1147.14285714286
"699",2021-12-25,160540,193,438,61318,631,221858,1170
"700",2021-12-26,161520,980,1049,62367,2029,223887,1388
"701",2021-12-27,164151,2631,1437,63804,4068,227955,1809
"702",2021-12-28,167355,3204,1559,65363,4763,232718,2305.14285714286
"703",2021-12-29,170806,3451,1533,66896,4984,237702,2782
"704",2021-12-30,174067,3261,1657,68553,4918,242620,3224.28571428571
"705",2021-12-31,176233,2166,1041,69594,3207,245827,3514.28571428571
"706",2022-01-01,177138,905,902,70496,1807,247634,3682.28571428571
"707",2022-01-02,179634,2496,1483,71979,3979,251613,3960.85714285714
"708",2022-01-03,185622,5988,2621,74600,8609,260222,4609.57142857143
"709",2022-01-04,192057,6435,2756,77356,9191,269413,5242.14285714286
"710",2022-01-05,198869,6812,2367,79723,9179,278592,5841.42857142857
"711",2022-01-06,205234,6365,2251,81974,8616,287208,6369.71428571429
"712",2022-01-07,210538,5304,2516,84490,7820,295028,7028.71428571429
"713",2022-01-08,213856,3318,1521,86011,4839,299867,7461.85714285714
"714",2022-01-09,216939,3083,1426,87437,4509,304376,7537.57142857143
"715",2022-01-10,223155,6216,2622,90059,8838,313214,7570.28571428571
"716",2022-01-11,229236,6081,2728,92787,8809,322023,7515.71428571429
"717",2022-01-12,235083,5847,2351,95138,8198,330221,7375.57142857143
"718",2022-01-13,240210,5127,2080,97218,7207,337428,7174.28571428571
"719",2022-01-14,244868,4658,1809,99027,6467,343895,6981
"720",2022-01-15,247344,2476,1259,100286,3735,347630,6823.28571428571
"721",2022-01-16,249408,2064,983,101269,3047,350677,6614.42857142857
"722",2022-01-17,253279,3871,1552,102821,5423,356100,6126.57142857143
"723",2022-01-18,258051,4772,1984,104805,6756,362856,5833.28571428571
"724",2022-01-19,262385,4334,1545,106350,5879,368735,5502
"725",2022-01-20,266499,4114,1435,107785,5549,374284,5265.14285714286
"726",2022-01-21,269953,3454,1228,109013,4682,378966,5010.14285714286
"727",2022-01-22,271683,1730,679,109692,2409,381375,4820.71428571429
"728",2022-01-23,273295,1612,599,110291,2211,383586,4701.28571428571
"729",2022-01-24,276936,3641,1138,111429,4779,388365,4609.28571428571
"730",2022-01-25,279990,3054,1018,112447,4072,392437,4225.85714285714
"731",2022-01-26,282804,2814,858,113305,3672,396109,3910.57142857143
"732",2022-01-27,285227,2423,689,113994,3112,399221,3562.42857142857
"733",2022-01-28,287512,2285,604,114598,2889,402110,3306.28571428571
"734",2022-01-29,288782,1270,362,114960,1632,403742,3195.28571428571
"735",2022-01-30,289747,965,342,115302,1307,405049,3066.14285714286
"736",2022-01-31,291944,2197,581,115883,2778,407827,2780.28571428571
"737",2022-02-01,293624,1680,518,116401,2198,410025,2512.57142857143
"738",2022-02-02,295270,1646,475,116876,2121,412146,2291
"739",2022-02-03,296556,1286,377,117253,1663,413809,2084
"740",2022-02-04,297786,1230,355,117608,1585,415394,1897.71428571429
"741",2022-02-05,298401,615,235,117843,850,416244,1786
"742",2022-02-06,299005,604,191,118034,795,417039,1712.85714285714
"743",2022-02-07,300199,1194,350,118384,1544,418583,1536.57142857143
"744",2022-02-08,301170,971,295,118679,1266,419849,1403.42857142857
"745",2022-02-09,302153,983,217,118896,1200,421049,1271.85714285714
"746",2022-02-10,302930,777,193,119089,970,422019,1172.85714285714
"747",2022-02-11,303640,710,185,119274,895,422914,1074.28571428571
"748",2022-02-12,304103,463,121,119395,584,423498,1036.28571428571
"749",2022-02-13,304445,342,92,119487,434,423932,984.714285714286
"750",2022-02-14,305107,662,229,119716,891,424823,891.428571428571
"751",2022-02-15,305664,557,169,119885,726,425549,814.285714285714
"752",2022-02-16,306212,548,144,120029,692,426241,741.714285714286
"753",2022-02-17,306603,391,122,120151,513,426754,676.428571428571
"754",2022-02-18,306982,379,94,120245,473,427227,616.142857142857
"755",2022-02-19,307221,239,65,120310,304,427531,576.142857142857
"756",2022-02-20,307408,187,41,120351,228,427759,546.714285714286
"757",2022-02-21,307688,280,75,120426,355,428114,470.142857142857
"758",2022-02-22,308079,391,94,120520,485,428599,435.714285714286
"759",2022-02-23,308351,272,97,120617,369,428968,389.571428571429
"760",2022-02-24,308626,275,94,120711,369,429337,369
"761",2022-02-25,308898,272,92,120803,364,429701,353.428571428571
"762",2022-02-26,309072,174,63,120866,237,429938,343.857142857143
"763",2022-02-27,309205,133,55,120921,188,430126,338.142857142857
"764",2022-02-28,309514,309,110,121031,419,430545,347.285714285714
"765",2022-03-01,309793,279,101,121132,380,430925,332.285714285714
"766",2022-03-02,310035,242,72,121204,314,431239,324.428571428571
"767",2022-03-03,310287,252,88,121292,340,431579,320.285714285714
"768",2022-03-04,310475,188,75,121367,263,431842,305.857142857143
"769",2022-03-05,310605,130,58,121425,188,432030,298.857142857143
"770",2022-03-06,310709,104,54,121479,158,432188,294.571428571429
"771",2022-03-07,310962,253,86,121565,339,432527,283.142857142857
"772",2022-03-08,311178,216,77,121642,293,432820,270.714285714286
"773",2022-03-09,311418,240,81,121723,321,433141,271.714285714286
"774",2022-03-10,311578,160,59,121782,219,433360,254.428571428571
"775",2022-03-11,311764,186,60,121842,246,433606,252
"776",2022-03-12,311899,135,50,121892,185,433791,251.571428571429
"777",2022-03-13,311975,76,35,121927,111,433902,244.857142857143
"778",2022-03-14,312167,192,81,122008,273,434175,235.428571428571
"779",2022-03-15,312347,180,73,122081,253,434428,229.714285714286
"780",2022-03-16,312530,183,52,122133,235,434663,217.428571428571
"781",2022-03-17,312707,177,63,122196,240,434903,220.428571428571
"782",2022-03-18,312853,146,50,122246,196,435099,213.285714285714
"783",2022-03-19,312948,95,35,122281,130,435229,205.428571428571
"784",2022-03-20,313044,96,37,122318,133,435362,208.571428571429
"785",2022-03-21,313224,180,61,122379,241,435603,204
"786",2022-03-22,313464,240,159,122538,399,436002,224.857142857143
"787",2022-03-23,313634,170,79,122617,249,436251,226.857142857143
"788",2022-03-24,313823,189,82,122699,271,436522,231.285714285714
"789",2022-03-25,313972,149,52,122751,201,436723,232
"790",2022-03-26,314112,140,56,122807,196,436919,241.428571428571
"791",2022-03-27,314253,141,60,122867,201,437120,251.142857142857
"792",2022-03-28,314460,207,110,122977,317,437437,262
"793",2022-03-29,314705,245,115,123092,360,437797,256.428571428571
"794",2022-03-30,314963,258,96,123188,354,438151,271.428571428571
"795",2022-03-31,315163,200,104,123292,304,438455,276.142857142857
"796",2022-04-01,315362,199,114,123406,313,438768,292.142857142857
"797",2022-04-02,315489,127,63,123469,190,438958,291.285714285714
"798",2022-04-03,315632,143,96,123565,239,439197,296.714285714286
"799",2022-04-04,315929,297,146,123711,443,439640,314.714285714286
"800",2022-04-05,316190,261,142,123853,403,440043,320.857142857143
"801",2022-04-06,316469,279,122,123975,401,440444,327.571428571429
"802",2022-04-07,316690,221,108,124083,329,440773,331.142857142857
"803",2022-04-08,316912,222,122,124205,344,441117,335.571428571429
"804",2022-04-09,317063,151,107,124312,258,441375,345.285714285714
"805",2022-04-10,317227,164,93,124405,257,441632,347.857142857143
"806",2022-04-11,317507,280,170,124575,450,442082,348.857142857143
"807",2022-04-12,317857,350,189,124764,539,442621,368.285714285714
"808",2022-04-13,318149,292,157,124921,449,443070,375.142857142857
"809",2022-04-14,318419,270,155,125076,425,443495,388.857142857143
"810",2022-04-15,318724,305,165,125241,470,443965,406.857142857143
"811",2022-04-16,318985,261,137,125378,398,444363,426.857142857143
"812",2022-04-17,319183,198,100,125478,298,444661,432.714285714286
"813",2022-04-18,319632,449,245,125723,694,445355,467.571428571429
"814",2022-04-19,320077,445,236,125959,681,446036,487.857142857143
"815",2022-04-20,320500,423,237,126196,660,446696,518
"816",2022-04-21,320915,415,219,126415,634,447330,547.857142857143
"817",2022-04-22,321377,462,205,126620,667,447997,576
"818",2022-04-23,321681,304,168,126788,472,448469,586.571428571429
"819",2022-04-24,322017,336,162,126950,498,448967,615.142857142857
"820",2022-04-25,322706,689,313,127263,1002,449969,659.142857142857
"821",2022-04-26,323343,637,269,127532,906,450875,691.285714285714
"822",2022-04-27,323923,580,275,127807,855,451730,719.142857142857
"823",2022-04-28,324464,541,240,128047,781,452511,740.142857142857
"824",2022-04-29,325024,560,246,128293,806,453317,760
"825",2022-04-30,325469,445,201,128494,646,453963,784.857142857143
"826",2022-05-01,325859,390,221,128715,611,454574,801
"827",2022-05-02,326749,890,372,129087,1262,455836,838.142857142857
"828",2022-05-03,327681,932,325,129412,1257,457093,888.285714285714
"829",2022-05-04,328534,853,348,129760,1201,458294,937.714285714286
"830",2022-05-05,329349,815,326,130086,1141,459435,989.142857142857
"831",2022-05-06,330129,780,346,130432,1126,460561,1034.85714285714
"832",2022-05-07,330686,557,233,130665,790,461351,1055.42857142857
"833",2022-05-08,331157,471,286,130951,757,462108,1076.28571428571
"834",2022-05-09,332188,1031,469,131420,1500,463608,1110.28571428571
"835",2022-05-10,333391,1203,434,131854,1637,465245,1164.57142857143
"836",2022-05-11,334450,1059,391,132245,1450,466695,1200.14285714286
"837",2022-05-12,335490,1040,405,132650,1445,468140,1243.57142857143
"838",2022-05-13,336442,952,410,133060,1362,469502,1277.28571428571
"839",2022-05-14,337152,710,294,133354,1004,470506,1307.85714285714
"840",2022-05-15,337887,735,324,133678,1059,471565,1351
"841",2022-05-16,339273,1386,537,134215,1923,473488,1411.42857142857
"842",2022-05-17,340615,1342,555,134770,1897,475385,1448.57142857143
"843",2022-05-18,341870,1255,502,135272,1757,477142,1492.42857142857
"844",2022-05-19,343138,1268,434,135706,1702,478844,1529.14285714286
"845",2022-05-20,344240,1102,482,136188,1584,480428,1560.85714285714
"846",2022-05-21,344970,730,324,136512,1054,481482,1568
"847",2022-05-22,345717,747,316,136828,1063,482545,1568.57142857143
"848",2022-05-23,347134,1417,584,137412,2001,484546,1579.71428571429
"849",2022-05-24,348556,1422,588,138000,2010,486556,1595.85714285714
"850",2022-05-25,349934,1378,539,138539,1917,488473,1618.71428571429
"851",2022-05-26,351093,1159,472,139011,1631,490104,1608.57142857143
"852",2022-05-27,352134,1041,396,139407,1437,491541,1587.57142857143
"853",2022-05-28,352852,718,257,139664,975,492516,1576.28571428571
"854",2022-05-29,353562,710,278,139942,988,493504,1565.57142857143
"855",2022-05-30,354269,707,257,140199,964,494468,1417.42857142857
"856",2022-05-31,355916,1647,700,140899,2347,496815,1465.57142857143
"857",2022-06-01,357354,1438,560,141459,1998,498813,1477.14285714286
"858",2022-06-02,358562,1208,490,141949,1698,500511,1486.71428571429
"859",2022-06-03,359700,1138,388,142337,1526,502037,1499.42857142857
"860",2022-06-04,360563,863,285,142622,1148,503185,1524.14285714286
"861",2022-06-05,361337,774,320,142942,1094,504279,1539.28571428571
"862",2022-06-06,362771,1434,525,143467,1959,506238,1681.42857142857
"863",2022-06-07,364035,1264,490,143957,1754,507992,1596.71428571429
"864",2022-06-08,365249,1214,424,144381,1638,509630,1545.28571428571
"865",2022-06-09,366325,1076,398,144779,1474,511104,1513.28571428571
"866",2022-06-10,367386,1061,392,145171,1453,512557,1502.85714285714
"867",2022-06-11,368088,702,259,145430,961,513518,1476.14285714286
"868",2022-06-12,368739,651,226,145656,877,514395,1445.14285714286
"869",2022-06-13,369846,1107,476,146132,1583,515978,1391.42857142857
"870",2022-06-14,370967,1121,441,146573,1562,517540,1364
"871",2022-06-15,372092,1125,390,146963,1515,519055,1346.42857142857
"872",2022-06-16,373073,981,407,147370,1388,520443,1334.14285714286
"873",2022-06-17,374043,970,370,147740,1340,521783,1318
"874",2022-06-18,374803,760,307,148047,1067,522850,1333.14285714286
"875",2022-06-19,375466,663,269,148316,932,523782,1341
"876",2022-06-20,376615,1149,464,148780,1613,525395,1345.28571428571
"877",2022-06-21,377887,1272,514,149294,1786,527181,1377.28571428571
"878",2022-06-22,379075,1188,497,149791,1685,528866,1401.57142857143
"879",2022-06-23,380200,1125,414,150205,1539,530405,1423.14285714286
"880",2022-06-24,381241,1041,355,150560,1396,531801,1431.14285714286
"881",2022-06-25,382035,794,340,150900,1134,532935,1440.71428571429
"882",2022-06-26,382765,730,278,151178,1008,533943,1451.57142857143
"883",2022-06-27,384093,1328,516,151694,1844,535787,1484.57142857143
"884",2022-06-28,385611,1518,478,152172,1996,537783,1514.57142857143
"885",2022-06-29,386858,1247,464,152636,1711,539494,1518.28571428571
"886",2022-06-30,387934,1076,386,153022,1462,540956,1507.28571428571
"887",2022-07-01,388985,1051,421,153443,1472,542428,1518.14285714286
"888",2022-07-02,389654,669,278,153721,947,543375,1491.42857142857
"889",2022-07-03,390295,641,265,153986,906,544281,1476.85714285714
"890",2022-07-04,390815,520,308,154294,828,545109,1331.71428571429
"891",2022-07-05,392381,1566,531,154825,2097,547206,1346.14285714286
"892",2022-07-06,393596,1215,490,155315,1705,548911,1345.28571428571
"893",2022-07-07,394785,1189,412,155727,1601,550512,1365.14285714286
"894",2022-07-08,395817,1032,347,156074,1379,551891,1351.85714285714
"895",2022-07-09,396595,778,295,156369,1073,552964,1369.85714285714
"896",2022-07-10,397255,660,246,156615,906,553870,1369.85714285714
"897",2022-07-11,398400,1145,488,157103,1633,555503,1484.85714285714
"898",2022-07-12,399507,1107,405,157508,1512,557015,1401.28571428571
"899",2022-07-13,400526,1019,403,157911,1422,558437,1360.85714285714
"900",2022-07-14,401457,931,345,158256,1276,559713,1314.42857142857
"901",2022-07-15,402379,922,306,158562,1228,560941,1292.85714285714
"902",2022-07-16,403033,654,236,158798,890,561831,1266.71428571429
"903",2022-07-17,403653,620,245,159043,865,562696,1260.85714285714
"904",2022-07-18,404775,1122,376,159419,1498,564194,1241.57142857143
"905",2022-07-19,405783,1008,378,159797,1386,565580,1223.57142857143
"906",2022-07-20,406766,983,301,160098,1284,566864,1203.85714285714
"907",2022-07-21,407639,873,300,160398,1173,568037,1189.14285714286
"908",2022-07-22,408505,866,305,160703,1171,569208,1181
"909",2022-07-23,409116,611,236,160939,847,570055,1174.85714285714
"910",2022-07-24,409630,514,188,161127,702,570757,1151.57142857143
"911",2022-07-25,410652,1022,341,161468,1363,572120,1132.28571428571
"912",2022-07-26,411577,925,373,161841,1298,573418,1119.71428571429
"913",2022-07-27,412511,934,291,162132,1225,574643,1111.28571428571
"914",2022-07-28,413224,713,250,162382,963,575606,1081.28571428571
"915",2022-07-29,413915,691,260,162642,951,576557,1049.85714285714
"916",2022-07-30,414388,473,177,162819,650,577207,1021.71428571429
"917",2022-07-31,414847,459,179,162998,638,577845,1012.57142857143
"918",2022-08-01,415581,734,256,163254,990,578835,959.285714285714
"919",2022-08-02,416416,835,293,163547,1128,579963,935
"920",2022-08-03,417081,665,260,163807,925,580888,892.142857142857
"921",2022-08-04,417552,471,193,164000,664,581552,849.428571428571
"922",2022-08-05,418137,585,228,164228,813,582365,829.714285714286
"923",2022-08-06,418630,493,175,164403,668,583033,832.285714285714
"924",2022-08-07,419064,434,140,164543,574,583607,823.142857142857
"925",2022-08-08,419774,710,263,164806,973,584580,820.714285714286
"926",2022-08-09,420402,628,222,165028,850,585430,781
"927",2022-08-10,420996,594,198,165226,792,586222,762
"928",2022-08-11,421548,552,200,165426,752,586974,774.571428571429
"929",2022-08-12,421993,445,165,165591,610,587584,745.571428571429
"930",2022-08-13,422329,336,129,165720,465,588049,716.571428571429
"931",2022-08-14,422612,283,111,165831,394,588443,690.857142857143
"932",2022-08-15,423210,598,210,166041,808,589251,667.285714285714
"933",2022-08-16,423752,542,207,166248,749,590000,652.857142857143
"934",2022-08-17,424258,506,166,166414,672,590672,635.714285714286
"935",2022-08-18,424742,484,105,166519,589,591261,612.428571428571
"936",2022-08-19,425211,469,184,166703,653,591914,618.571428571429
"937",2022-08-20,425525,314,118,166821,432,592346,613.857142857143
"938",2022-08-21,425764,239,101,166922,340,592686,606.142857142857
"939",2022-08-22,426289,525,169,167091,694,593380,589.857142857143
"940",2022-08-23,426730,441,149,167240,590,593970,567.142857142857
"941",2022-08-24,427136,406,131,167371,537,594507,547.857142857143
"942",2022-08-25,427484,348,117,167488,465,594972,530.142857142857
"943",2022-08-26,427820,336,131,167619,467,595439,503.571428571429
"944",2022-08-27,428058,238,96,167715,334,595773,489.571428571429
"945",2022-08-28,428263,205,97,167812,302,596075,484.142857142857
"946",2022-08-29,428647,384,156,167968,540,596615,462.142857142857
"947",2022-08-30,429064,417,109,168077,526,597141,453
"948",2022-08-31,429428,364,107,168184,471,597612,443.571428571429
"949",2022-09-01,429722,294,109,168293,403,598015,434.714285714286
"950",2022-09-02,430044,322,100,168393,422,598437,428.285714285714
"951",2022-09-03,430237,193,83,168476,276,598713,420
"952",2022-09-04,430421,184,68,168544,252,598965,412.857142857143
"953",2022-09-05,430591,170,64,168608,234,599199,369.142857142857
"954",2022-09-06,430964,373,122,168730,495,599694,364.714285714286
"955",2022-09-07,431274,310,109,168839,419,600113,357.285714285714
"956",2022-09-08,431558,284,110,168949,394,600507,356
"957",2022-09-09,431820,262,89,169038,351,600858,345.857142857143
"958",2022-09-10,431998,178,56,169094,234,601092,339.857142857143
"959",2022-09-11,432202,204,75,169169,279,601371,343.714285714286
"960",2022-09-12,432512,310,114,169283,424,601795,370.857142857143
"961",2022-09-13,432779,267,97,169380,364,602159,352.142857142857
"962",2022-09-14,433031,252,87,169467,339,602498,340.714285714286
"963",2022-09-15,433235,204,82,169549,286,602784,325.285714285714
"964",2022-09-16,433475,240,93,169642,333,603117,322.714285714286
"965",2022-09-17,433623,148,70,169712,218,603335,320.428571428571
"966",2022-09-18,433757,134,64,169776,198,603533,308.857142857143
"967",2022-09-19,434003,246,111,169887,357,603890,299.285714285714
"968",2022-09-20,434235,232,102,169989,334,604224,295
"969",2022-09-21,434450,215,87,170076,302,604526,289.714285714286
"970",2022-09-22,434651,201,77,170153,278,604804,288.571428571429
"971",2022-09-23,434845,194,71,170224,265,605069,278.857142857143
"972",2022-09-24,434993,148,77,170301,225,605294,279.857142857143
"973",2022-09-25,435128,135,76,170377,211,605505,281.714285714286
"974",2022-09-26,435390,262,134,170511,396,605901,287.285714285714
"975",2022-09-27,435653,263,94,170605,357,606258,290.571428571429
"976",2022-09-28,435892,239,71,170676,310,606568,291.714285714286
"977",2022-09-29,436078,186,81,170757,267,606835,290.142857142857
"978",2022-09-30,436298,220,84,170841,304,607139,295.714285714286
"979",2022-10-01,436467,169,66,170907,235,607374,297.142857142857
"980",2022-10-02,436637,170,47,170954,217,607591,298
"981",2022-10-03,436856,219,121,171075,340,607931,290
"982",2022-10-04,437075,219,81,171156,300,608231,281.857142857143
"983",2022-10-05,437272,197,91,171247,288,608519,278.714285714286
"984",2022-10-06,437461,189,79,171326,268,608787,278.857142857143
"985",2022-10-07,437623,162,71,171397,233,609020,268.714285714286
"986",2022-10-08,437746,123,70,171467,193,609213,262.714285714286
"987",2022-10-09,437857,111,49,171516,160,609373,254.571428571429
"988",2022-10-10,438077,220,112,171628,332,609705,253.428571428571
"989",2022-10-11,438282,205,86,171714,291,609996,252.142857142857
"990",2022-10-12,438461,179,79,171793,258,610254,247.857142857143
"991",2022-10-13,438660,199,76,171869,275,610529,248.857142857143
"992",2022-10-14,438831,171,97,171966,268,610797,253.857142857143
"993",2022-10-15,438957,126,49,172015,175,610972,251.285714285714
"994",2022-10-16,439068,111,59,172074,170,611142,252.714285714286
"995",2022-10-17,439268,200,102,172176,302,611444,248.428571428571
"996",2022-10-18,439489,221,67,172243,288,611732,248
"997",2022-10-19,439694,205,78,172321,283,612015,251.571428571429
"998",2022-10-20,439840,146,69,172390,215,612230,243
"999",2022-10-21,439991,151,71,172461,222,612452,236.428571428571
"1000",2022-10-22,440113,122,46,172507,168,612620,235.428571428571
"1001",2022-10-23,440113,0,57,172564,57,612677,219.285714285714
"1002",2022-10-24,440113,0,91,172655,91,612768,189.142857142857
"1003",2022-10-25,440113,0,62,172717,62,612830,156.857142857143
"1004",2022-10-26,440113,0,74,172791,74,612904,127
"1005",2022-10-27,440113,0,89,172880,89,612993,109
"1006",2022-10-28,440113,0,87,172967,87,613080,89.7142857142857
"1007",2022-10-29,440113,0,56,173023,56,613136,73.7142857142857
"1008",2022-10-30,440113,0,56,173079,56,613192,73.5714285714286
"1009",2022-10-31,440113,0,93,173172,93,613285,73.8571428571429
"1010",2022-11-01,440113,0,103,173275,103,613388,79.7142857142857
"1011",2022-11-02,440113,0,80,173355,80,613468,80.5714285714286
"1012",2022-11-03,440113,0,65,173420,65,613533,77.1428571428571
"1013",2022-11-04,440113,0,99,173519,99,613632,78.8571428571429
"1014",2022-11-05,440113,0,71,173590,71,613703,81
"1015",2022-11-06,440113,0,59,173649,59,613762,81.4285714285714
"1016",2022-11-07,440113,0,104,173753,104,613866,83
"1017",2022-11-08,440113,0,95,173848,95,613961,81.8571428571429
"1018",2022-11-09,440113,0,95,173943,95,614056,84
"1019",2022-11-10,440113,0,107,174050,107,614163,90
"1020",2022-11-11,440113,0,92,174142,92,614255,89
"1021",2022-11-12,440113,0,70,174212,70,614325,88.8571428571429
"1022",2022-11-13,440113,0,65,174277,65,614390,89.7142857142857
"1023",2022-11-14,440113,0,132,174409,132,614522,93.7142857142857
"1024",2022-11-15,440113,0,142,174551,142,614664,100.428571428571
"1025",2022-11-16,440113,0,114,174665,114,614778,103.142857142857
"1026",2022-11-17,440113,0,109,174774,109,614887,103.428571428571
"1027",2022-11-18,440113,0,97,174871,97,614984,104.142857142857
"1028",2022-11-19,440113,0,56,174927,56,615040,102.142857142857
"1029",2022-11-20,440113,0,83,175010,83,615123,104.714285714286
"1030",2022-11-21,440113,0,151,175161,151,615274,107.428571428571
"1031",2022-11-22,440113,0,126,175287,126,615400,105.142857142857
"1032",2022-11-23,440113,0,134,175421,134,615534,108
"1033",2022-11-24,440113,0,57,175478,57,615591,100.571428571429
"1034",2022-11-25,440113,0,137,175615,137,615728,106.285714285714
"1035",2022-11-26,440113,0,177,175792,177,615905,123.571428571429
"1036",2022-11-27,440113,0,151,175943,151,616056,133.285714285714
"1037",2022-11-28,440113,0,317,176260,317,616373,157
"1038",2022-11-29,440113,0,243,176503,243,616616,173.714285714286
"1039",2022-11-30,440113,0,190,176693,190,616806,181.714285714286
"1040",2022-12-01,440113,0,191,176884,191,616997,200.857142857143
"1041",2022-12-02,440113,0,167,177051,167,617164,205.142857142857
"1042",2022-12-03,440113,0,125,177176,125,617289,197.714285714286
"1043",2022-12-04,440113,0,125,177301,125,617414,194
"1044",2022-12-05,440113,0,206,177507,206,617620,178.142857142857
"1045",2022-12-06,440113,0,218,177725,218,617838,174.571428571429
"1046",2022-12-07,440113,0,194,177919,194,618032,175.142857142857
"1047",2022-12-08,440113,0,156,178075,156,618188,170.142857142857
"1048",2022-12-09,440113,0,159,178234,159,618347,169
"1049",2022-12-10,440113,0,113,178347,113,618460,167.285714285714
"1050",2022-12-11,440113,0,114,178461,114,618574,165.714285714286
"1051",2022-12-12,440113,0,202,178663,202,618776,165.142857142857
"1052",2022-12-13,440113,0,163,178826,163,618939,157.285714285714
"1053",2022-12-14,440113,0,127,178953,127,619066,147.714285714286
"1054",2022-12-15,440113,0,151,179104,151,619217,147
"1055",2022-12-16,440113,0,133,179237,133,619350,143.285714285714
"1056",2022-12-17,440113,0,83,179320,83,619433,139
"1057",2022-12-18,440113,0,94,179414,94,619527,136.142857142857
"1058",2022-12-19,440113,0,182,179596,182,619709,133.285714285714
"1059",2022-12-20,440113,0,181,179777,181,619890,135.857142857143
"1060",2022-12-21,440113,0,132,179909,132,620022,136.571428571429
"1061",2022-12-22,440113,0,146,180055,146,620168,135.857142857143
"1062",2022-12-23,440113,0,118,180173,118,620286,133.714285714286
"1063",2022-12-24,440113,0,65,180238,65,620351,131.142857142857
"1064",2022-12-25,440113,0,66,180304,66,620417,127.142857142857
"1065",2022-12-26,440113,0,122,180426,122,620539,118.571428571429
"1066",2022-12-27,440113,0,183,180609,183,620722,118.857142857143
"1067",2022-12-28,440113,0,148,180757,148,620870,121.142857142857
"1068",2022-12-29,440113,0,126,180883,126,620996,118.285714285714
"1069",2022-12-30,440113,0,92,180975,92,621088,114.571428571429
"1070",2022-12-31,440113,0,44,181019,44,621132,111.571428571429
"1071",2023-01-01,440113,0,51,181070,51,621183,109.428571428571
"1072",2023-01-02,440113,0,93,181163,93,621276,105.285714285714
"1073",2023-01-03,440113,0,153,181316,153,621429,101
"1074",2023-01-04,440113,0,78,181394,78,621507,91
"1075",2023-01-05,440113,0,80,181474,80,621587,84.4285714285714
"1076",2023-01-06,440113,0,104,181578,104,621691,86.1428571428571
"1077",2023-01-07,440113,0,49,181627,49,621740,86.8571428571429
"1078",2023-01-08,440113,0,41,181668,41,621781,85.4285714285714
"1079",2023-01-09,440113,0,96,181764,96,621877,85.8571428571429
"1080",2023-01-10,440113,0,76,181840,76,621953,74.8571428571429
"1081",2023-01-11,440113,0,68,181908,68,622021,73.4285714285714
"1082",2023-01-12,440113,0,52,181960,52,622073,69.4285714285714
"1083",2023-01-13,440113,0,58,182018,58,622131,62.8571428571429
"1084",2023-01-14,440113,0,55,182073,55,622186,63.7142857142857
"1085",2023-01-15,440113,0,26,182099,26,622212,61.5714285714286
"1086",2023-01-16,440113,0,45,182144,45,622257,54.2857142857143
"1087",2023-01-17,440113,0,57,182201,57,622314,51.5714285714286
"1088",2023-01-18,440113,0,55,182256,55,622369,49.7142857142857
"1089",2023-01-19,440113,0,52,182308,52,622421,49.7142857142857
"1090",2023-01-20,440113,0,50,182358,50,622471,48.5714285714286
"1091",2023-01-21,440113,0,26,182384,26,622497,44.4285714285714
"1092",2023-01-22,440113,0,29,182413,29,622526,44.8571428571429
"1093",2023-01-23,440113,0,77,182490,77,622603,49.4285714285714
"1094",2023-01-24,440113,0,72,182562,72,622675,51.5714285714286
"1095",2023-01-25,440113,0,58,182620,58,622733,52
"1096",2023-01-26,440113,0,75,182695,75,622808,55.2857142857143
"1097",2023-01-27,440113,0,69,182764,69,622877,58
"1098",2023-01-28,440113,0,31,182795,31,622908,58.7142857142857
"1099",2023-01-29,440113,0,36,182831,36,622944,59.7142857142857
"1100",2023-01-30,440113,0,78,182909,78,623022,59.8571428571429
"1101",2023-01-31,440113,0,82,182991,82,623104,61.2857142857143
"1102",2023-02-01,440113,0,61,183052,61,623165,61.7142857142857
"1103",2023-02-02,440113,0,90,183142,90,623255,63.8571428571429
"1104",2023-02-03,440113,0,61,183203,61,623316,62.7142857142857
"1105",2023-02-04,440113,0,61,183264,61,623377,67
"1106",2023-02-05,440113,0,63,183327,63,623440,70.8571428571429
"1107",2023-02-06,440113,0,94,183421,94,623534,73.1428571428571
"1108",2023-02-07,440113,0,83,183504,83,623617,73.2857142857143
"1109",2023-02-08,440113,0,60,183564,60,623677,73.1428571428571
"1110",2023-02-09,440113,0,69,183633,69,623746,70.1428571428571
"1111",2023-02-10,440113,0,73,183706,73,623819,71.8571428571429
"1112",2023-02-11,440113,0,55,183761,55,623874,71
"1113",2023-02-12,440113,0,42,183803,42,623916,68
"1114",2023-02-13,440113,0,97,183900,97,624013,68.4285714285714
"1115",2023-02-14,440113,0,45,183945,45,624058,63
"1116",2023-02-15,440113,0,51,183996,51,624109,61.7142857142857
"1117",2023-02-16,440113,0,5,184001,5,624114,52.5714285714286
