"","date","total_cases_scc","new_cases_scc","new_cases_smc","total_cases_smc","new_cases","total_cases","new_cases_mov7"
"1",2020-01-27,1,1,0,0,1,1,1
"2",2020-01-28,2,1,0,0,1,2,1
"3",2020-01-29,3,1,0,0,1,3,1
"4",2020-01-30,4,1,0,0,1,4,1
"5",2020-01-31,6,2,0,0,2,6,1.2
"6",2020-02-01,6,0,0,0,0,6,1
"7",2020-02-02,6,0,0,0,0,6,0.857142857142857
"8",2020-02-03,6,0,0,0,0,6,0.714285714285714
"9",2020-02-04,6,0,0,0,0,6,0.571428571428571
"10",2020-02-05,6,0,0,0,0,6,0.428571428571429
"11",2020-02-06,6,0,0,0,0,6,0.285714285714286
"12",2020-02-07,6,0,0,0,0,6,0
"13",2020-02-08,6,0,0,0,0,6,0
"14",2020-02-09,6,0,0,0,0,6,0
"15",2020-02-10,6,0,0,0,0,6,0
"16",2020-02-11,6,0,0,0,0,6,0
"17",2020-02-12,6,0,0,0,0,6,0
"18",2020-02-13,6,0,0,0,0,6,0
"19",2020-02-14,6,0,0,0,0,6,0
"20",2020-02-15,6,0,0,0,0,6,0
"21",2020-02-16,6,0,0,0,0,6,0
"22",2020-02-17,7,1,0,0,1,7,0.142857142857143
"23",2020-02-18,7,0,0,0,0,7,0.142857142857143
"24",2020-02-19,7,0,0,0,0,7,0.142857142857143
"25",2020-02-20,8,1,9,9,10,17,1.57142857142857
"26",2020-02-21,8,0,2,11,2,19,1.85714285714286
"27",2020-02-22,8,0,0,11,0,19,1.85714285714286
"28",2020-02-23,8,0,2,13,2,21,2.14285714285714
"29",2020-02-24,8,0,3,16,3,24,2.42857142857143
"30",2020-02-25,8,0,4,20,4,28,3
"31",2020-02-26,10,2,1,21,3,31,3.42857142857143
"32",2020-02-27,10,0,2,23,2,33,2.28571428571429
"33",2020-02-28,12,2,4,27,6,39,2.85714285714286
"34",2020-02-29,16,4,5,32,9,48,4.14285714285714
"35",2020-03-01,16,0,7,39,7,55,4.85714285714286
"36",2020-03-02,21,5,8,47,13,68,6.28571428571429
"37",2020-03-03,23,2,9,56,11,79,7.28571428571429
"38",2020-03-04,28,5,7,63,12,91,8.57142857142857
"39",2020-03-05,35,7,4,67,11,102,9.85714285714286
"40",2020-03-06,45,10,14,81,24,126,12.4285714285714
"41",2020-03-07,53,8,8,89,16,142,13.4285714285714
"42",2020-03-08,57,4,10,99,14,156,14.4285714285714
"43",2020-03-09,74,17,14,113,31,187,17
"44",2020-03-10,89,15,13,126,28,215,19.4285714285714
"45",2020-03-11,115,26,14,140,40,255,23.4285714285714
"46",2020-03-12,138,23,16,156,39,294,27.4285714285714
"47",2020-03-13,186,48,33,189,81,375,35.5714285714286
"48",2020-03-14,229,43,19,208,62,437,42.1428571428571
"49",2020-03-15,261,32,25,233,57,494,48.2857142857143
"50",2020-03-16,298,37,33,266,70,564,53.8571428571429
"51",2020-03-17,351,53,36,302,89,653,62.5714285714286
"52",2020-03-18,396,45,26,328,71,724,67
"53",2020-03-19,442,46,21,349,67,791,71
"54",2020-03-20,506,64,33,382,97,888,73.2857142857143
"55",2020-03-21,542,36,30,412,66,954,73.8571428571429
"56",2020-03-22,583,41,37,449,78,1032,76.8571428571429
"57",2020-03-23,662,79,29,478,108,1140,82.2857142857143
"58",2020-03-24,734,72,38,516,110,1250,85.2857142857143
"59",2020-03-25,812,78,38,554,116,1366,91.7142857142857
"60",2020-03-26,887,75,37,591,112,1478,98.1428571428571
"61",2020-03-27,954,67,34,625,101,1579,98.7142857142857
"62",2020-03-28,994,40,27,652,67,1646,98.8571428571429
"63",2020-03-29,1018,24,19,671,43,1689,93.8571428571429
"64",2020-03-30,1096,78,25,696,103,1792,93.1428571428571
"65",2020-03-31,1147,51,23,719,74,1866,88
"66",2020-04-01,1197,50,18,737,68,1934,81.1428571428571
"67",2020-04-02,1250,53,18,755,71,2005,75.2857142857143
"68",2020-04-03,1293,43,20,775,63,2068,69.8571428571429
"69",2020-04-04,1326,33,16,791,49,2117,67.2857142857143
"70",2020-04-05,1369,43,12,803,55,2172,69
"71",2020-04-06,1422,53,21,824,74,2246,64.8571428571429
"72",2020-04-07,1463,41,20,844,61,2307,63
"73",2020-04-08,1535,72,19,863,91,2398,66.2857142857143
"74",2020-04-09,1603,68,13,876,81,2479,67.7142857142857
"75",2020-04-10,1685,82,16,892,98,2577,72.7142857142857
"76",2020-04-11,1726,41,15,907,56,2633,73.7142857142857
"77",2020-04-12,1750,24,11,918,35,2668,70.8571428571429
"78",2020-04-13,1791,41,26,944,67,2735,69.8571428571429
"79",2020-04-14,1835,44,40,984,84,2819,73.1428571428571
"80",2020-04-15,1865,30,36,1020,66,2885,69.5714285714286
"81",2020-04-16,1892,27,48,1068,75,2960,68.7142857142857
"82",2020-04-17,1934,42,28,1096,70,3030,64.7142857142857
"83",2020-04-18,1949,15,16,1112,31,3061,61.1428571428571
"84",2020-04-19,1963,14,21,1133,35,3096,61.1428571428571
"85",2020-04-20,1988,25,38,1171,63,3159,60.5714285714286
"86",2020-04-21,2014,26,23,1194,49,3208,55.5714285714286
"87",2020-04-22,2063,49,43,1237,92,3300,59.2857142857143
"88",2020-04-23,2083,20,22,1259,42,3342,54.5714285714286
"89",2020-04-24,2113,30,38,1297,68,3410,54.2857142857143
"90",2020-04-25,2127,14,20,1317,34,3444,54.7142857142857
"91",2020-04-26,2138,11,18,1335,29,3473,53.8571428571429
"92",2020-04-27,2162,24,26,1361,50,3523,52
"93",2020-04-28,2184,22,21,1382,43,3566,51.1428571428571
"94",2020-04-29,2212,28,13,1395,41,3607,43.8571428571429
"95",2020-04-30,2223,11,27,1422,38,3645,43.2857142857143
"96",2020-05-01,2244,21,30,1452,51,3696,40.8571428571429
"97",2020-05-02,2256,12,17,1469,29,3725,40.1428571428571
"98",2020-05-03,2264,8,16,1485,24,3749,39.4285714285714
"99",2020-05-04,2283,19,28,1513,47,3796,39
"100",2020-05-05,2296,13,22,1535,35,3831,37.8571428571429
"101",2020-05-06,2324,28,29,1564,57,3888,40.1428571428571
"102",2020-05-07,2336,12,26,1590,38,3926,40.1428571428571
"103",2020-05-08,2360,24,23,1613,47,3973,39.5714285714286
"104",2020-05-09,2371,11,16,1629,27,4000,39.2857142857143
"105",2020-05-10,2374,3,19,1648,22,4022,39
"106",2020-05-11,2394,20,23,1671,43,4065,38.4285714285714
"107",2020-05-12,2409,15,29,1700,44,4109,39.7142857142857
"108",2020-05-13,2429,20,28,1728,48,4157,38.4285714285714
"109",2020-05-14,2453,24,34,1762,58,4215,41.2857142857143
"110",2020-05-15,2468,15,55,1817,70,4285,44.5714285714286
"111",2020-05-16,2483,15,23,1840,38,4323,46.1428571428571
"112",2020-05-17,2490,7,17,1857,24,4347,46.4285714285714
"113",2020-05-18,2529,39,41,1898,80,4427,51.7142857142857
"114",2020-05-19,2573,44,39,1937,83,4510,57.2857142857143
"115",2020-05-20,2609,36,42,1979,78,4588,61.5714285714286
"116",2020-05-21,2630,21,70,2049,91,4679,66.2857142857143
"117",2020-05-22,2656,26,35,2084,61,4740,65
"118",2020-05-23,2673,17,19,2103,36,4776,64.7142857142857
"119",2020-05-24,2675,2,29,2132,31,4807,65.7142857142857
"120",2020-05-25,2682,7,34,2166,41,4848,60.1428571428571
"121",2020-05-26,2714,32,39,2205,71,4919,58.4285714285714
"122",2020-05-27,2753,39,38,2243,77,4996,58.2857142857143
"123",2020-05-28,2776,23,41,2284,64,5060,54.4285714285714
"124",2020-05-29,2820,44,31,2315,75,5135,56.4285714285714
"125",2020-05-30,2836,16,20,2335,36,5171,56.4285714285714
"126",2020-05-31,2846,10,25,2360,35,5206,57
"127",2020-06-01,2880,34,52,2412,86,5292,63.4285714285714
"128",2020-06-02,2905,25,46,2458,71,5363,63.4285714285714
"129",2020-06-03,2947,42,36,2494,78,5441,63.5714285714286
"130",2020-06-04,2984,37,27,2521,64,5505,63.5714285714286
"131",2020-06-05,3020,36,25,2546,61,5566,61.5714285714286
"132",2020-06-06,3033,13,25,2571,38,5604,61.8571428571429
"133",2020-06-07,3051,18,13,2584,31,5635,61.2857142857143
"134",2020-06-08,3090,39,31,2615,70,5705,59
"135",2020-06-09,3137,47,32,2647,79,5784,60.1428571428571
"136",2020-06-10,3200,63,31,2678,94,5878,62.4285714285714
"137",2020-06-11,3250,50,40,2718,90,5968,66.1428571428571
"138",2020-06-12,3308,58,37,2755,95,6063,71
"139",2020-06-13,3329,21,37,2792,58,6121,73.8571428571429
"140",2020-06-14,3342,13,21,2813,34,6155,74.2857142857143
"141",2020-06-15,3404,62,59,2872,121,6276,81.5714285714286
"142",2020-06-16,3499,95,43,2915,138,6414,90
"143",2020-06-17,3591,92,53,2968,145,6559,97.2857142857143
"144",2020-06-18,3693,102,46,3014,148,6707,105.571428571429
"145",2020-06-19,3803,110,40,3054,150,6857,113.428571428571
"146",2020-06-20,3853,50,39,3093,89,6946,117.857142857143
"147",2020-06-21,3890,37,49,3142,86,7032,125.285714285714
"148",2020-06-22,3996,106,62,3204,168,7200,132
"149",2020-06-23,4187,191,76,3280,267,7467,150.428571428571
"150",2020-06-24,4334,147,68,3348,215,7682,160.428571428571
"151",2020-06-25,4471,137,56,3404,193,7875,166.857142857143
"152",2020-06-26,4606,135,70,3474,205,8080,174.714285714286
"153",2020-06-27,4717,111,50,3524,161,8241,185
"154",2020-06-28,4778,61,56,3580,117,8358,189.428571428571
"155",2020-06-29,4918,140,76,3656,216,8574,196.285714285714
"156",2020-06-30,5107,189,59,3715,248,8822,193.571428571429
"157",2020-07-01,5291,184,80,3795,264,9086,200.571428571429
"158",2020-07-02,5476,185,66,3861,251,9337,208.857142857143
"159",2020-07-03,5555,79,79,3940,158,9495,202.142857142857
"160",2020-07-04,5599,44,58,3998,102,9597,193.714285714286
"161",2020-07-05,5696,97,63,4061,160,9757,199.857142857143
"162",2020-07-06,5950,254,109,4170,363,10120,220.857142857143
"163",2020-07-07,6242,292,92,4262,384,10504,240.285714285714
"164",2020-07-08,6530,288,117,4379,405,10909,260.428571428571
"165",2020-07-09,6811,281,120,4499,401,11310,281.857142857143
"166",2020-07-10,7055,244,125,4624,369,11679,312
"167",2020-07-11,7237,182,65,4689,247,11926,332.714285714286
"168",2020-07-12,7356,119,70,4759,189,12115,336.857142857143
"169",2020-07-13,7562,206,120,4879,326,12441,331.571428571429
"170",2020-07-14,7916,354,132,5011,486,12927,346.142857142857
"171",2020-07-15,8301,385,95,5106,480,13407,356.857142857143
"172",2020-07-16,8641,340,114,5220,454,13861,364.428571428571
"173",2020-07-17,8940,299,109,5329,408,14269,370
"174",2020-07-18,9110,170,95,5424,265,14534,372.571428571429
"175",2020-07-19,9197,87,58,5482,145,14679,366.285714285714
"176",2020-07-20,9413,216,101,5583,317,14996,365
"177",2020-07-21,9725,312,103,5686,415,15411,354.857142857143
"178",2020-07-22,10026,301,85,5771,386,15797,341.428571428571
"179",2020-07-23,10308,282,81,5852,363,16160,328.428571428571
"180",2020-07-24,10554,246,102,5954,348,16508,319.857142857143
"181",2020-07-25,10681,127,61,6015,188,16696,308.857142857143
"182",2020-07-26,10767,86,63,6078,149,16845,309.428571428571
"183",2020-07-27,10943,176,102,6180,278,17123,303.857142857143
"184",2020-07-28,11241,298,100,6280,398,17521,301.428571428571
"185",2020-07-29,11514,273,69,6349,342,17863,295.142857142857
"186",2020-07-30,11756,242,91,6440,333,18196,290.857142857143
"187",2020-07-31,12018,262,97,6537,359,18555,292.428571428571
"188",2020-08-01,12191,173,73,6610,246,18801,300.714285714286
"189",2020-08-02,12275,84,54,6664,138,18939,299.142857142857
"190",2020-08-03,12445,170,113,6777,283,19222,299.857142857143
"191",2020-08-04,12747,302,82,6859,384,19606,297.857142857143
"192",2020-08-05,13080,333,114,6973,447,20053,312.857142857143
"193",2020-08-06,13325,245,97,7070,342,20395,314.142857142857
"194",2020-08-07,13584,259,98,7168,357,20752,313.857142857143
"195",2020-08-08,13790,206,63,7231,269,21021,317.142857142857
"196",2020-08-09,13901,111,55,7286,166,21187,321.142857142857
"197",2020-08-10,14125,224,98,7384,322,21509,326.714285714286
"198",2020-08-11,14456,331,81,7465,412,21921,330.714285714286
"199",2020-08-12,14740,284,78,7543,362,22283,318.571428571429
"200",2020-08-13,14983,243,78,7621,321,22604,315.571428571429
"201",2020-08-14,15237,254,57,7678,311,22915,309
"202",2020-08-15,15393,156,58,7736,214,23129,301.142857142857
"203",2020-08-16,15464,71,38,7774,109,23238,293
"204",2020-08-17,15650,186,77,7851,263,23501,284.571428571429
"205",2020-08-18,15917,267,55,7906,322,23823,271.714285714286
"206",2020-08-19,16089,172,60,7966,232,24055,253.142857142857
"207",2020-08-20,16251,162,69,8035,231,24286,240.285714285714
"208",2020-08-21,16417,166,62,8097,228,24514,228.428571428571
"209",2020-08-22,16555,138,60,8157,198,24712,226.142857142857
"210",2020-08-23,16615,60,47,8204,107,24819,225.857142857143
"211",2020-08-24,16770,155,96,8300,251,25070,224.142857142857
"212",2020-08-25,17057,287,67,8367,354,25424,228.714285714286
"213",2020-08-26,17285,228,59,8426,287,25711,236.571428571429
"214",2020-08-27,17484,199,67,8493,266,25977,241.571428571429
"215",2020-08-28,17675,191,106,8599,297,26274,251.428571428571
"216",2020-08-29,17816,141,47,8646,188,26462,250
"217",2020-08-30,17872,56,41,8687,97,26559,248.571428571429
"218",2020-08-31,18020,148,80,8767,228,26787,245.285714285714
"219",2020-09-01,18254,234,68,8835,302,27089,237.857142857143
"220",2020-09-02,18484,230,80,8915,310,27399,241.142857142857
"221",2020-09-03,18653,169,63,8978,232,27631,236.285714285714
"222",2020-09-04,18830,177,78,9056,255,27886,230.285714285714
"223",2020-09-05,18920,90,48,9104,138,28024,223.142857142857
"224",2020-09-06,18965,45,46,9150,91,28115,222.285714285714
"225",2020-09-07,19006,41,55,9205,96,28211,203.428571428571
"226",2020-09-08,19199,193,76,9281,269,28480,198.714285714286
"227",2020-09-09,19406,207,76,9357,283,28763,194.857142857143
"228",2020-09-10,19551,145,61,9418,206,28969,191.142857142857
"229",2020-09-11,19683,132,46,9464,178,29147,180.142857142857
"230",2020-09-12,19766,83,42,9506,125,29272,178.285714285714
"231",2020-09-13,19799,33,41,9547,74,29346,175.857142857143
"232",2020-09-14,19924,125,61,9608,186,29532,188.714285714286
"233",2020-09-15,20150,226,63,9671,289,29821,191.571428571429
"234",2020-09-16,20300,150,68,9739,218,30039,182.285714285714
"235",2020-09-17,20476,176,64,9803,240,30279,187.142857142857
"236",2020-09-18,20607,131,45,9848,176,30455,186.857142857143
"237",2020-09-19,20678,71,39,9887,110,30565,184.714285714286
"238",2020-09-20,20720,42,30,9917,72,30637,184.428571428571
"239",2020-09-21,20842,122,68,9985,190,30827,185
"240",2020-09-22,20988,146,53,10038,199,31026,172.142857142857
"241",2020-09-23,21126,138,40,10078,178,31204,166.428571428571
"242",2020-09-24,21244,118,38,10116,156,31360,154.428571428571
"243",2020-09-25,21347,103,49,10165,152,31512,151
"244",2020-09-26,21399,52,39,10204,91,31603,148.285714285714
"245",2020-09-27,21439,40,33,10237,73,31676,148.428571428571
"246",2020-09-28,21536,97,71,10308,168,31844,145.285714285714
"247",2020-09-29,21681,145,46,10354,191,32035,144.142857142857
"248",2020-09-30,21799,118,48,10402,166,32201,142.428571428571
"249",2020-10-01,21921,122,42,10444,164,32365,143.571428571429
"250",2020-10-02,22042,121,48,10492,169,32534,146
"251",2020-10-03,22108,66,41,10533,107,32641,148.285714285714
"252",2020-10-04,22151,43,26,10559,69,32710,147.714285714286
"253",2020-10-05,22236,85,60,10619,145,32855,144.428571428571
"254",2020-10-06,22385,149,27,10646,176,33031,142.285714285714
"255",2020-10-07,22515,130,31,10677,161,33192,141.571428571429
"256",2020-10-08,22642,127,43,10720,170,33362,142.428571428571
"257",2020-10-09,22755,113,33,10753,146,33508,139.142857142857
"258",2020-10-10,22843,88,29,10782,117,33625,140.571428571429
"259",2020-10-11,22887,44,36,10818,80,33705,142.142857142857
"260",2020-10-12,23022,135,32,10850,167,33872,145.285714285714
"261",2020-10-13,23172,150,49,10899,199,34071,148.571428571429
"262",2020-10-14,23315,143,43,10942,186,34257,152.142857142857
"263",2020-10-15,23475,160,51,10993,211,34468,158
"264",2020-10-16,23586,111,40,11033,151,34619,158.714285714286
"265",2020-10-17,23652,66,26,11059,92,34711,155.142857142857
"266",2020-10-18,23692,40,29,11088,69,34780,153.571428571429
"267",2020-10-19,23832,140,60,11148,200,34980,158.285714285714
"268",2020-10-20,24031,199,48,11196,247,35227,165.142857142857
"269",2020-10-21,24178,147,45,11241,192,35419,166
"270",2020-10-22,24310,132,47,11288,179,35598,161.428571428571
"271",2020-10-23,24455,145,56,11344,201,35799,168.571428571429
"272",2020-10-24,24524,69,49,11393,118,35917,172.285714285714
"273",2020-10-25,24580,56,39,11432,95,36012,176
"274",2020-10-26,24738,158,51,11483,209,36221,177.285714285714
"275",2020-10-27,24940,202,43,11526,245,36466,177
"276",2020-10-28,25109,169,47,11573,216,36682,180.428571428571
"277",2020-10-29,25252,143,65,11638,208,36890,184.571428571429
"278",2020-10-30,25400,148,47,11685,195,37085,183.714285714286
"279",2020-10-31,25498,98,60,11745,158,37243,189.428571428571
"280",2020-11-01,25554,56,53,11798,109,37352,191.428571428571
"281",2020-11-02,25774,220,81,11879,301,37653,204.571428571429
"282",2020-11-03,26054,280,112,11991,392,38045,225.571428571429
"283",2020-11-04,26354,300,97,12088,397,38442,251.428571428571
"284",2020-11-05,26617,263,98,12186,361,38803,273.285714285714
"285",2020-11-06,26875,258,99,12285,357,39160,296.428571428571
"286",2020-11-07,27086,211,76,12361,287,39447,314.857142857143
"287",2020-11-08,27172,86,60,12421,146,39593,320.142857142857
"288",2020-11-09,27470,298,128,12549,426,40019,338
"289",2020-11-10,27898,428,109,12658,537,40556,358.714285714286
"290",2020-11-11,28243,345,102,12760,447,41003,365.857142857143
"291",2020-11-12,28688,445,116,12876,561,41564,394.428571428571
"292",2020-11-13,29068,380,120,12996,500,42064,414.857142857143
"293",2020-11-14,29332,264,89,13085,353,42417,424.285714285714
"294",2020-11-15,29450,118,102,13187,220,42637,434.857142857143
"295",2020-11-16,29766,316,180,13367,496,43133,444.857142857143
"296",2020-11-17,30331,565,165,13532,730,43863,472.428571428571
"297",2020-11-18,30907,576,160,13692,736,44599,513.714285714286
"298",2020-11-19,31422,515,151,13843,666,45265,528.714285714286
"299",2020-11-20,31973,551,133,13976,684,45949,555
"300",2020-11-21,32315,342,132,14108,474,46423,572.285714285714
"301",2020-11-22,32588,273,102,14210,375,46798,594.428571428571
"302",2020-11-23,33222,634,199,14409,833,47631,642.571428571429
"303",2020-11-24,33911,689,196,14605,885,48516,664.714285714286
"304",2020-11-25,34751,840,195,14800,1035,49551,707.428571428571
"305",2020-11-26,34904,153,120,14920,273,49824,651.285714285714
"306",2020-11-27,35433,529,185,15105,714,50538,655.571428571429
"307",2020-11-28,35991,558,196,15301,754,51292,695.571428571429
"308",2020-11-29,36503,512,186,15487,698,51990,741.714285714286
"309",2020-11-30,37445,942,335,15822,1277,53267,805.142857142857
"310",2020-12-01,38743,1298,353,16175,1651,54918,914.571428571429
"311",2020-12-02,40097,1354,323,16498,1677,56595,1006.28571428571
"312",2020-12-03,41329,1232,351,16849,1583,58178,1193.42857142857
"313",2020-12-04,42554,1225,348,17197,1573,59751,1316.14285714286
"314",2020-12-05,43368,814,290,17487,1104,60855,1366.14285714286
"315",2020-12-06,43864,496,246,17733,742,61597,1372.42857142857
"316",2020-12-07,45149,1285,505,18238,1790,63387,1445.71428571429
"317",2020-12-08,46708,1559,433,18671,1992,65379,1494.42857142857
"318",2020-12-09,48246,1538,391,19062,1929,67308,1530.42857142857
"319",2020-12-10,49581,1335,438,19500,1773,69081,1557.57142857143
"320",2020-12-11,50692,1111,440,19940,1551,70632,1554.42857142857
"321",2020-12-12,51515,823,272,20212,1095,71727,1553.14285714286
"322",2020-12-13,52280,765,214,20426,979,72706,1587
"323",2020-12-14,53532,1252,488,20914,1740,74446,1579.85714285714
"324",2020-12-15,55371,1839,493,21407,2332,76778,1628.42857142857
"325",2020-12-16,57019,1648,397,21804,2045,78823,1645
"326",2020-12-17,58517,1498,325,22129,1823,80646,1652.14285714286
"327",2020-12-18,59709,1192,367,22496,1559,82205,1653.28571428571
"328",2020-12-19,60457,748,306,22802,1054,83259,1647.42857142857
"329",2020-12-20,61060,603,213,23015,816,84075,1624.14285714286
"330",2020-12-21,62588,1528,429,23444,1957,86032,1655.14285714286
"331",2020-12-22,64034,1446,399,23843,1845,87877,1585.57142857143
"332",2020-12-23,65474,1440,322,24165,1762,89639,1545.14285714286
"333",2020-12-24,66219,745,300,24465,1045,90684,1434
"334",2020-12-25,66430,211,198,24663,409,91093,1269.71428571429
"335",2020-12-26,67426,996,317,24980,1313,92406,1306.71428571429
"336",2020-12-27,68236,810,332,25312,1142,93548,1353.28571428571
"337",2020-12-28,70060,1824,539,25851,2363,95911,1411.28571428571
"338",2020-12-29,71876,1816,442,26293,2258,98169,1470.28571428571
"339",2020-12-30,73780,1904,439,26732,2343,100512,1553.28571428571
"340",2020-12-31,74958,1178,372,27104,1550,102062,1625.42857142857
"341",2021-01-01,75233,275,302,27406,577,102639,1649.42857142857
"342",2021-01-02,76217,984,450,27856,1434,104073,1666.71428571429
"343",2021-01-03,77140,923,342,28198,1265,105338,1684.28571428571
"344",2021-01-04,78753,1613,578,28776,2191,107529,1659.71428571429
"345",2021-01-05,81004,2251,558,29334,2809,110338,1738.42857142857
"346",2021-01-06,82819,1815,497,29831,2312,112650,1734
"347",2021-01-07,84444,1625,427,30258,2052,114702,1805.71428571429
"348",2021-01-08,85587,1143,528,30786,1671,116373,1962
"349",2021-01-09,86457,870,350,31136,1220,117593,1931.42857142857
"350",2021-01-10,87152,695,307,31443,1002,118595,1893.85714285714
"351",2021-01-11,88435,1283,492,31935,1775,120370,1834.42857142857
"352",2021-01-12,89921,1486,445,32380,1931,122301,1709
"353",2021-01-13,91223,1302,395,32775,1697,123998,1621.14285714286
"354",2021-01-14,92386,1163,348,33123,1511,125509,1543.85714285714
"355",2021-01-15,93385,999,369,33492,1368,126877,1500.57142857143
"356",2021-01-16,94006,621,243,33735,864,127741,1449.71428571429
"357",2021-01-17,94474,468,172,33907,640,128381,1398
"358",2021-01-18,95211,737,252,34159,989,129370,1285.71428571429
"359",2021-01-19,96233,1022,307,34466,1329,130699,1199.71428571429
"360",2021-01-20,97119,886,295,34761,1181,131880,1126
"361",2021-01-21,97899,780,231,34992,1011,132891,1054.57142857143
"362",2021-01-22,98518,619,247,35239,866,133757,982.857142857143
"363",2021-01-23,98940,422,226,35465,648,134405,952
"364",2021-01-24,99285,345,177,35642,522,134927,935.142857142857
"365",2021-01-25,99910,625,246,35888,871,135798,918.285714285714
"366",2021-01-26,100452,542,238,36126,780,136578,839.857142857143
"367",2021-01-27,100983,531,202,36328,733,137311,775.857142857143
"368",2021-01-28,101399,416,154,36482,570,137881,712.857142857143
"369",2021-01-29,101907,508,168,36650,676,138557,685.714285714286
"370",2021-01-30,102288,381,129,36779,510,139067,666
"371",2021-01-31,102564,276,143,36922,419,139486,651.285714285714
"372",2021-02-01,103110,546,191,37113,737,140223,632.142857142857
"373",2021-02-02,103564,454,153,37266,607,140830,607.428571428571
"374",2021-02-03,104055,491,169,37435,660,141490,597
"375",2021-02-04,104452,397,140,37575,537,142027,592.285714285714
"376",2021-02-05,104846,394,121,37696,515,142542,569.285714285714
"377",2021-02-06,105090,244,84,37780,328,142870,543.285714285714
"378",2021-02-07,105271,181,72,37852,253,143123,519.571428571429
"379",2021-02-08,105623,352,138,37990,490,143613,484.285714285714
"380",2021-02-09,106034,411,112,38102,523,144136,472.285714285714
"381",2021-02-10,106409,375,129,38231,504,144640,450
"382",2021-02-11,106712,303,90,38321,393,145033,429.428571428571
"383",2021-02-12,106977,265,96,38417,361,145394,407.428571428571
"384",2021-02-13,107129,152,73,38490,225,145619,392.714285714286
"385",2021-02-14,107315,186,53,38543,239,145858,390.714285714286
"386",2021-02-15,107502,187,82,38625,269,146127,359.142857142857
"387",2021-02-16,107743,241,80,38705,321,146448,330.285714285714
"388",2021-02-17,108007,264,60,38765,324,146772,304.571428571429
"389",2021-02-18,108279,272,67,38832,339,147111,296.857142857143
"390",2021-02-19,108511,232,63,38895,295,147406,287.428571428571
"391",2021-02-20,108686,175,60,38955,235,147641,288.857142857143
"392",2021-02-21,108851,165,43,38998,208,147849,284.428571428571
"393",2021-02-22,109115,264,64,39062,328,148177,292.857142857143
"394",2021-02-23,109333,218,55,39117,273,148450,286
"395",2021-02-24,109593,260,60,39177,320,148770,285.428571428571
"396",2021-02-25,109758,165,39,39216,204,148974,266.142857142857
"397",2021-02-26,109914,156,46,39262,202,149176,252.857142857143
"398",2021-02-27,110048,134,43,39305,177,149353,244.571428571429
"399",2021-02-28,110171,123,42,39347,165,149518,238.428571428571
"400",2021-03-01,110373,202,55,39402,257,149775,228.285714285714
"401",2021-03-02,110555,182,50,39452,232,150007,222.428571428571
"402",2021-03-03,110749,194,51,39503,245,150252,211.714285714286
"403",2021-03-04,110912,163,51,39554,214,150466,213.142857142857
"404",2021-03-05,111066,154,43,39597,197,150663,212.428571428571
"405",2021-03-06,111153,87,33,39630,120,150783,204.285714285714
"406",2021-03-07,111231,78,23,39653,101,150884,195.142857142857
"407",2021-03-08,111398,167,40,39693,207,151091,188
"408",2021-03-09,111549,151,48,39741,199,151290,183.285714285714
"409",2021-03-10,111684,135,47,39788,182,151472,174.285714285714
"410",2021-03-11,111804,120,26,39814,146,151618,164.571428571429
"411",2021-03-12,111917,113,38,39852,151,151769,158
"412",2021-03-13,112012,95,36,39888,131,151900,159.571428571429
"413",2021-03-14,112077,65,27,39915,92,151992,158.285714285714
"414",2021-03-15,112213,136,39,39954,175,152167,153.714285714286
"415",2021-03-16,112330,117,52,40006,169,152336,149.428571428571
"416",2021-03-17,112482,152,34,40040,186,152522,150
"417",2021-03-18,112589,107,31,40071,138,152660,148.857142857143
"418",2021-03-19,112703,114,40,40111,154,152814,149.285714285714
"419",2021-03-20,112770,67,25,40136,92,152906,143.714285714286
"420",2021-03-21,112845,75,34,40170,109,153015,146.142857142857
"421",2021-03-22,112957,112,44,40214,156,153171,143.428571428571
"422",2021-03-23,113076,119,50,40264,169,153340,143.428571428571
"423",2021-03-24,113201,125,59,40323,184,153524,143.142857142857
"424",2021-03-25,113335,134,49,40372,183,153707,149.571428571429
"425",2021-03-26,113462,127,41,40413,168,153875,151.571428571429
"426",2021-03-27,113529,67,34,40447,101,153976,152.857142857143
"427",2021-03-28,113595,66,25,40472,91,154067,150.285714285714
"428",2021-03-29,113710,115,45,40517,160,154227,150.857142857143
"429",2021-03-30,113802,92,42,40559,134,154361,145.857142857143
"430",2021-03-31,113946,144,46,40605,190,154551,146.714285714286
"431",2021-04-01,114070,124,31,40636,155,154706,142.714285714286
"432",2021-04-02,114173,103,41,40677,144,154850,139.285714285714
"433",2021-04-03,114245,72,42,40719,114,154964,141.142857142857
"434",2021-04-04,114303,58,25,40744,83,155047,140
"435",2021-04-05,114500,197,41,40785,238,155285,151.142857142857
"436",2021-04-06,114667,167,41,40826,208,155493,161.714285714286
"437",2021-04-07,114835,168,49,40875,217,155710,165.571428571429
"438",2021-04-08,114994,159,44,40919,203,155913,172.428571428571
"439",2021-04-09,115126,132,38,40957,170,156083,176.142857142857
"440",2021-04-10,115226,100,38,40995,138,156221,179.571428571429
"441",2021-04-11,115291,65,30,41025,95,156316,181.285714285714
"442",2021-04-12,115434,143,53,41078,196,156512,175.285714285714
"443",2021-04-13,115554,120,43,41121,163,156675,168.857142857143
"444",2021-04-14,115703,149,45,41166,194,156869,165.571428571429
"445",2021-04-15,115844,141,38,41204,179,157048,162.142857142857
"446",2021-04-16,115958,114,38,41242,152,157200,159.571428571429
"447",2021-04-17,116052,94,30,41272,124,157324,157.571428571429
"448",2021-04-18,116132,80,23,41295,103,157427,158.714285714286
"449",2021-04-19,116266,134,29,41324,163,157590,154
"450",2021-04-20,116390,124,32,41356,156,157746,153
"451",2021-04-21,116512,122,32,41388,154,157900,147.285714285714
"452",2021-04-22,116591,79,29,41417,108,158008,137.142857142857
"453",2021-04-23,116686,95,27,41444,122,158130,132.857142857143
"454",2021-04-24,116748,62,25,41469,87,158217,127.571428571429
"455",2021-04-25,116799,51,13,41482,64,158281,122
"456",2021-04-26,116874,75,35,41517,110,158391,114.428571428571
"457",2021-04-27,116982,108,30,41547,138,158529,111.857142857143
"458",2021-04-28,117045,63,34,41581,97,158626,103.714285714286
"459",2021-04-29,117127,82,26,41607,108,158734,103.714285714286
"460",2021-04-30,117191,64,27,41634,91,158825,99.2857142857143
"461",2021-05-01,117239,48,13,41647,61,158886,95.5714285714286
"462",2021-05-02,117287,48,29,41676,77,158963,97.4285714285714
"463",2021-05-03,117358,71,15,41691,86,159049,94
"464",2021-05-04,117443,85,23,41714,108,159157,89.7142857142857
"465",2021-05-05,117513,70,25,41739,95,159252,89.4285714285714
"466",2021-05-06,117559,46,28,41767,74,159326,84.5714285714286
"467",2021-05-07,117611,52,18,41785,70,159396,81.5714285714286
"468",2021-05-08,117637,26,14,41799,40,159436,78.5714285714286
"469",2021-05-09,117663,26,11,41810,37,159473,72.8571428571429
"470",2021-05-10,117705,42,29,41839,71,159544,70.7142857142857
"471",2021-05-11,117775,70,19,41858,89,159633,68
"472",2021-05-12,117826,51,18,41876,69,159702,64.2857142857143
"473",2021-05-13,117884,58,9,41885,67,159769,63.2857142857143
"474",2021-05-14,117928,44,18,41903,62,159831,62.1428571428571
"475",2021-05-15,117951,23,10,41913,33,159864,61.1428571428571
"476",2021-05-16,117979,28,16,41929,44,159908,62.1428571428571
"477",2021-05-17,118007,28,11,41940,39,159947,57.5714285714286
"478",2021-05-18,118047,40,26,41966,66,160013,54.2857142857143
"479",2021-05-19,118074,27,11,41977,38,160051,49.8571428571429
"480",2021-05-20,118119,45,7,41984,52,160103,47.7142857142857
"481",2021-05-21,118138,19,14,41998,33,160136,43.5714285714286
"482",2021-05-22,118166,28,13,42011,41,160177,44.7142857142857
"483",2021-05-23,118183,17,10,42021,27,160204,42.2857142857143
"484",2021-05-24,118207,24,17,42038,41,160245,42.5714285714286
"485",2021-05-25,118238,31,10,42048,41,160286,39
"486",2021-05-26,118260,22,10,42058,32,160318,38.1428571428571
"487",2021-05-27,118292,32,8,42066,40,160358,36.4285714285714
"488",2021-05-28,118314,22,9,42075,31,160389,36.1428571428571
"489",2021-05-29,118330,16,6,42081,22,160411,33.4285714285714
"490",2021-05-30,118354,24,8,42089,32,160443,34.1428571428571
"491",2021-05-31,118361,7,8,42097,15,160458,30.4285714285714
"492",2021-06-01,118403,42,16,42113,58,160516,32.8571428571429
"493",2021-06-02,118441,38,16,42129,54,160570,36
"494",2021-06-03,118475,34,10,42139,44,160614,36.5714285714286
"495",2021-06-04,118514,39,12,42151,51,160665,39.4285714285714
"496",2021-06-05,118536,22,11,42162,33,160698,41
"497",2021-06-06,118554,18,9,42171,27,160725,40.2857142857143
"498",2021-06-07,118582,28,16,42187,44,160769,44.4285714285714
"499",2021-06-08,118605,23,16,42203,39,160808,41.7142857142857
"500",2021-06-09,118631,26,12,42215,38,160846,39.4285714285714
"501",2021-06-10,118669,38,16,42231,54,160900,40.8571428571429
"502",2021-06-11,118702,33,7,42238,40,160940,39.2857142857143
"503",2021-06-12,118723,21,14,42252,35,160975,39.5714285714286
"504",2021-06-13,118744,21,6,42258,27,161002,39.5714285714286
"505",2021-06-14,118762,18,14,42272,32,161034,37.8571428571429
"506",2021-06-15,118796,34,13,42285,47,161081,39
"507",2021-06-16,118825,29,13,42298,42,161123,39.5714285714286
"508",2021-06-17,118868,43,16,42314,59,161182,40.2857142857143
"509",2021-06-18,118894,26,7,42321,33,161215,39.2857142857143
"510",2021-06-19,118910,16,12,42333,28,161243,38.2857142857143
"511",2021-06-20,118926,16,15,42348,31,161274,38.8571428571429
"512",2021-06-21,118968,42,27,42375,69,161343,44.1428571428571
"513",2021-06-22,119005,37,17,42392,54,161397,45.1428571428571
"514",2021-06-23,119035,30,14,42406,44,161441,45.4285714285714
"515",2021-06-24,119069,34,15,42421,49,161490,44
"516",2021-06-25,119096,27,25,42446,52,161542,46.7142857142857
"517",2021-06-26,119114,18,18,42464,36,161578,47.8571428571429
"518",2021-06-27,119135,21,21,42485,42,161620,49.4285714285714
"519",2021-06-28,119183,48,28,42513,76,161696,50.4285714285714
"520",2021-06-29,119227,44,34,42547,78,161774,53.8571428571429
"521",2021-06-30,119272,45,32,42579,77,161851,58.5714285714286
"522",2021-07-01,119325,53,37,42616,90,161941,64.4285714285714
"523",2021-07-02,119368,43,26,42642,69,162010,66.8571428571429
"524",2021-07-03,119435,67,35,42677,102,162112,76.2857142857143
"525",2021-07-04,119455,20,25,42702,45,162157,76.7142857142857
"526",2021-07-05,119512,57,34,42736,91,162248,78.8571428571429
"527",2021-07-06,119619,107,51,42787,158,162406,90.2857142857143
"528",2021-07-07,119707,88,74,42861,162,162568,102.428571428571
"529",2021-07-08,119798,91,53,42914,144,162712,110.142857142857
"530",2021-07-09,119896,98,51,42965,149,162861,121.571428571429
"531",2021-07-10,120002,106,42,43007,148,163009,128.142857142857
"532",2021-07-11,120068,66,51,43058,117,163126,138.428571428571
"533",2021-07-12,120196,128,81,43139,209,163335,155.285714285714
"534",2021-07-13,120341,145,93,43232,238,163573,166.714285714286
"535",2021-07-14,120502,161,71,43303,232,163805,176.714285714286
"536",2021-07-15,120666,164,99,43402,263,164068,193.714285714286
"537",2021-07-16,120804,138,102,43504,240,164308,206.714285714286
"538",2021-07-17,120952,148,53,43557,201,164509,214.285714285714
"539",2021-07-18,121068,116,70,43627,186,164695,224.142857142857
"540",2021-07-19,121269,201,112,43739,313,165008,239
"541",2021-07-20,121500,231,141,43880,372,165380,258.142857142857
"542",2021-07-21,121755,255,115,43995,370,165750,277.857142857143
"543",2021-07-22,121977,222,90,44085,312,166062,284.857142857143
"544",2021-07-23,122215,238,110,44195,348,166410,300.285714285714
"545",2021-07-24,122389,174,104,44299,278,166688,311.285714285714
"546",2021-07-25,122548,159,113,44412,272,166960,323.571428571429
"547",2021-07-26,122853,305,160,44572,465,167425,345.285714285714
"548",2021-07-27,123192,339,148,44720,487,167912,361.714285714286
"549",2021-07-28,123536,344,143,44863,487,168399,378.428571428571
"550",2021-07-29,123857,321,147,45010,468,168867,400.714285714286
"551",2021-07-30,124128,271,122,45132,393,169260,407.142857142857
"552",2021-07-31,124354,226,118,45250,344,169604,416.571428571429
"553",2021-08-01,124565,211,128,45378,339,169943,426.142857142857
"554",2021-08-02,124832,267,141,45519,408,170351,418
"555",2021-08-03,125179,347,146,45665,493,170844,418.857142857143
"556",2021-08-04,125508,329,154,45819,483,171327,418.285714285714
"557",2021-08-05,125907,399,158,45977,557,171884,431
"558",2021-08-06,126228,321,139,46116,460,172344,440.571428571429
"559",2021-08-07,126441,213,111,46227,324,172668,437.714285714286
"560",2021-08-08,126646,205,89,46316,294,172962,431.285714285714
"561",2021-08-09,126983,337,141,46457,478,173440,441.285714285714
"562",2021-08-10,127358,375,110,46567,485,173925,440.142857142857
"563",2021-08-11,127711,353,136,46703,489,174414,441
"564",2021-08-12,128103,392,137,46840,529,174943,437
"565",2021-08-13,128494,391,119,46959,510,175453,444.142857142857
"566",2021-08-14,128803,309,93,47052,402,175855,455.285714285714
"567",2021-08-15,129043,240,95,47147,335,176190,461.142857142857
"568",2021-08-16,129383,340,131,47278,471,176661,460.142857142857
"569",2021-08-17,129785,402,99,47377,501,177162,462.428571428571
"570",2021-08-18,130162,377,94,47471,471,177633,459.857142857143
"571",2021-08-19,130480,318,105,47576,423,178056,444.714285714286
"572",2021-08-20,130794,314,71,47647,385,178441,426.857142857143
"573",2021-08-21,131021,227,37,47684,264,178705,407.142857142857
"574",2021-08-22,131193,172,17,47701,189,178894,386.285714285714
"575",2021-08-23,131477,284,2,47703,286,179180,359.857142857143
"576",2021-08-24,131714,237,0,47703,237,179417,322.142857142857
"577",2021-08-25,131760,46,0,47703,46,179463,261.428571428571
