"","date","total_cases_scc","new_cases_scc","new_cases_smc","total_cases_smc","new_cases","total_cases","new_cases_mov7"
"1",2020-01-27,1,1,0,0,1,1,1
"2",2020-01-28,2,1,0,0,1,2,1
"3",2020-01-29,3,1,0,0,1,3,1
"4",2020-01-30,4,1,0,0,1,4,1
"5",2020-01-31,6,2,0,0,2,6,1.2
"6",2020-02-01,6,0,0,0,0,6,1
"7",2020-02-02,6,0,0,0,0,6,0.857142857142857
"8",2020-02-03,6,0,0,0,0,6,0.714285714285714
"9",2020-02-04,6,0,0,0,0,6,0.571428571428571
"10",2020-02-05,6,0,0,0,0,6,0.428571428571429
"11",2020-02-06,6,0,0,0,0,6,0.285714285714286
"12",2020-02-07,6,0,0,0,0,6,0
"13",2020-02-08,6,0,0,0,0,6,0
"14",2020-02-09,6,0,0,0,0,6,0
"15",2020-02-10,6,0,0,0,0,6,0
"16",2020-02-11,6,0,0,0,0,6,0
"17",2020-02-12,6,0,0,0,0,6,0
"18",2020-02-13,6,0,0,0,0,6,0
"19",2020-02-14,6,0,0,0,0,6,0
"20",2020-02-15,6,0,0,0,0,6,0
"21",2020-02-16,6,0,0,0,0,6,0
"22",2020-02-17,7,1,0,0,1,7,0.142857142857143
"23",2020-02-18,7,0,0,0,0,7,0.142857142857143
"24",2020-02-19,7,0,0,0,0,7,0.142857142857143
"25",2020-02-20,8,1,11,11,12,19,1.85714285714286
"26",2020-02-21,9,1,1,12,2,21,2.14285714285714
"27",2020-02-22,9,0,0,12,0,21,2.14285714285714
"28",2020-02-23,9,0,1,13,1,22,2.28571428571429
"29",2020-02-24,9,0,3,16,3,25,2.57142857142857
"30",2020-02-25,9,0,4,20,4,29,3.14285714285714
"31",2020-02-26,11,2,2,22,4,33,3.71428571428571
"32",2020-02-27,11,0,2,24,2,35,2.28571428571429
"33",2020-02-28,13,2,4,28,6,41,2.85714285714286
"34",2020-02-29,17,4,5,33,9,50,4.14285714285714
"35",2020-03-01,17,0,7,40,7,57,5
"36",2020-03-02,22,5,8,48,13,70,6.42857142857143
"37",2020-03-03,24,2,8,56,10,80,7.28571428571429
"38",2020-03-04,29,5,7,63,12,92,8.42857142857143
"39",2020-03-05,36,7,4,67,11,103,9.71428571428571
"40",2020-03-06,46,10,14,81,24,127,12.2857142857143
"41",2020-03-07,54,8,8,89,16,143,13.2857142857143
"42",2020-03-08,58,4,10,99,14,157,14.2857142857143
"43",2020-03-09,75,17,14,113,31,188,16.8571428571429
"44",2020-03-10,91,16,13,126,29,217,19.5714285714286
"45",2020-03-11,117,26,14,140,40,257,23.5714285714286
"46",2020-03-12,140,23,16,156,39,296,27.5714285714286
"47",2020-03-13,188,48,32,188,80,376,35.5714285714286
"48",2020-03-14,231,43,19,207,62,438,42.1428571428571
"49",2020-03-15,263,32,25,232,57,495,48.2857142857143
"50",2020-03-16,300,37,33,265,70,565,53.8571428571429
"51",2020-03-17,353,53,36,301,89,654,62.4285714285714
"52",2020-03-18,398,45,27,328,72,726,67
"53",2020-03-19,444,46,22,350,68,794,71.1428571428571
"54",2020-03-20,508,64,31,381,95,889,73.2857142857143
"55",2020-03-21,544,36,30,411,66,955,73.8571428571429
"56",2020-03-22,585,41,36,447,77,1032,76.7142857142857
"57",2020-03-23,664,79,29,476,108,1140,82.1428571428571
"58",2020-03-24,735,71,37,513,108,1248,84.8571428571429
"59",2020-03-25,813,78,38,551,116,1364,91.1428571428571
"60",2020-03-26,888,75,37,588,112,1476,97.4285714285714
"61",2020-03-27,955,67,35,623,102,1578,98.4285714285714
"62",2020-03-28,995,40,28,651,68,1646,98.7142857142857
"63",2020-03-29,1019,24,19,670,43,1689,93.8571428571429
"64",2020-03-30,1097,78,25,695,103,1792,93.1428571428571
"65",2020-03-31,1148,51,22,717,73,1865,88.1428571428571
"66",2020-04-01,1198,50,18,735,68,1933,81.2857142857143
"67",2020-04-02,1251,53,18,753,71,2004,75.4285714285714
"68",2020-04-03,1294,43,21,774,64,2068,70
"69",2020-04-04,1327,33,16,790,49,2117,67.2857142857143
"70",2020-04-05,1370,43,12,802,55,2172,69
"71",2020-04-06,1423,53,22,824,75,2247,65
"72",2020-04-07,1464,41,20,844,61,2308,63.2857142857143
"73",2020-04-08,1536,72,19,863,91,2399,66.5714285714286
"74",2020-04-09,1604,68,13,876,81,2480,68
"75",2020-04-10,1686,82,16,892,98,2578,72.8571428571429
"76",2020-04-11,1727,41,15,907,56,2634,73.8571428571429
"77",2020-04-12,1751,24,11,918,35,2669,71
"78",2020-04-13,1792,41,26,944,67,2736,69.8571428571429
"79",2020-04-14,1836,44,40,984,84,2820,73.1428571428571
"80",2020-04-15,1867,31,36,1020,67,2887,69.7142857142857
"81",2020-04-16,1894,27,49,1069,76,2963,69
"82",2020-04-17,1936,42,28,1097,70,3033,65
"83",2020-04-18,1951,15,16,1113,31,3064,61.4285714285714
"84",2020-04-19,1965,14,21,1134,35,3099,61.4285714285714
"85",2020-04-20,1990,25,38,1172,63,3162,60.8571428571429
"86",2020-04-21,2016,26,23,1195,49,3211,55.8571428571429
"87",2020-04-22,2065,49,42,1237,91,3302,59.2857142857143
"88",2020-04-23,2085,20,23,1260,43,3345,54.5714285714286
"89",2020-04-24,2115,30,38,1298,68,3413,54.2857142857143
"90",2020-04-25,2129,14,20,1318,34,3447,54.7142857142857
"91",2020-04-26,2140,11,18,1336,29,3476,53.8571428571429
"92",2020-04-27,2164,24,26,1362,50,3526,52
"93",2020-04-28,2186,22,21,1383,43,3569,51.1428571428571
"94",2020-04-29,2214,28,13,1396,41,3610,44
"95",2020-04-30,2225,11,27,1423,38,3648,43.2857142857143
"96",2020-05-01,2246,21,29,1452,50,3698,40.7142857142857
"97",2020-05-02,2258,12,17,1469,29,3727,40
"98",2020-05-03,2266,8,16,1485,24,3751,39.2857142857143
"99",2020-05-04,2285,19,27,1512,46,3797,38.7142857142857
"100",2020-05-05,2298,13,27,1539,40,3837,38.2857142857143
"101",2020-05-06,2326,28,28,1567,56,3893,40.4285714285714
"102",2020-05-07,2338,12,27,1594,39,3932,40.5714285714286
"103",2020-05-08,2362,24,20,1614,44,3976,39.7142857142857
"104",2020-05-09,2373,11,16,1630,27,4003,39.4285714285714
"105",2020-05-10,2376,3,19,1649,22,4025,39.1428571428571
"106",2020-05-11,2396,20,23,1672,43,4068,38.7142857142857
"107",2020-05-12,2411,15,29,1701,44,4112,39.2857142857143
"108",2020-05-13,2431,20,28,1729,48,4160,38.1428571428571
"109",2020-05-14,2455,24,32,1761,56,4216,40.5714285714286
"110",2020-05-15,2470,15,47,1808,62,4278,43.1428571428571
"111",2020-05-16,2485,15,23,1831,38,4316,44.7142857142857
"112",2020-05-17,2492,7,21,1852,28,4344,45.5714285714286
"113",2020-05-18,2531,39,41,1893,80,4424,50.8571428571429
"114",2020-05-19,2575,44,40,1933,84,4508,56.5714285714286
"115",2020-05-20,2611,36,41,1974,77,4585,60.7142857142857
"116",2020-05-21,2632,21,73,2047,94,4679,66.1428571428571
"117",2020-05-22,2659,27,33,2080,60,4739,65.8571428571429
"118",2020-05-23,2676,17,18,2098,35,4774,65.4285714285714
"119",2020-05-24,2678,2,31,2129,33,4807,66.1428571428571
"120",2020-05-25,2685,7,35,2164,42,4849,60.7142857142857
"121",2020-05-26,2717,32,39,2203,71,4920,58.8571428571429
"122",2020-05-27,2756,39,38,2241,77,4997,58.8571428571429
"123",2020-05-28,2779,23,39,2280,62,5059,54.2857142857143
"124",2020-05-29,2823,44,31,2311,75,5134,56.4285714285714
"125",2020-05-30,2839,16,20,2331,36,5170,56.5714285714286
"126",2020-05-31,2849,10,25,2356,35,5205,56.8571428571429
"127",2020-06-01,2883,34,53,2409,87,5292,63.2857142857143
"128",2020-06-02,2908,25,46,2455,71,5363,63.2857142857143
"129",2020-06-03,2951,43,36,2491,79,5442,63.5714285714286
"130",2020-06-04,2988,37,27,2518,64,5506,63.8571428571429
"131",2020-06-05,3024,36,25,2543,61,5567,61.8571428571429
"132",2020-06-06,3037,13,24,2567,37,5604,62
"133",2020-06-07,3055,18,13,2580,31,5635,61.4285714285714
"134",2020-06-08,3093,38,32,2612,70,5705,59
"135",2020-06-09,3140,47,31,2643,78,5783,60
"136",2020-06-10,3203,63,32,2675,95,5878,62.2857142857143
"137",2020-06-11,3253,50,39,2714,89,5967,65.8571428571429
"138",2020-06-12,3311,58,37,2751,95,6062,70.7142857142857
"139",2020-06-13,3332,21,36,2787,57,6119,73.5714285714286
"140",2020-06-14,3345,13,21,2808,34,6153,74
"141",2020-06-15,3406,61,60,2868,121,6274,81.2857142857143
"142",2020-06-16,3501,95,44,2912,139,6413,90
"143",2020-06-17,3595,94,54,2966,148,6561,97.5714285714286
"144",2020-06-18,3697,102,46,3012,148,6709,106
"145",2020-06-19,3807,110,40,3052,150,6859,113.857142857143
"146",2020-06-20,3857,50,39,3091,89,6948,118.428571428571
"147",2020-06-21,3894,37,49,3140,86,7034,125.857142857143
"148",2020-06-22,4000,106,61,3201,167,7201,132.428571428571
"149",2020-06-23,4189,189,76,3277,265,7466,150.428571428571
"150",2020-06-24,4335,146,68,3345,214,7680,159.857142857143
"151",2020-06-25,4473,138,59,3404,197,7877,166.857142857143
"152",2020-06-26,4608,135,70,3474,205,8082,174.714285714286
"153",2020-06-27,4719,111,52,3526,163,8245,185.285714285714
"154",2020-06-28,4779,60,56,3582,116,8361,189.571428571429
"155",2020-06-29,4922,143,74,3656,217,8578,196.714285714286
"156",2020-06-30,5111,189,59,3715,248,8826,194.285714285714
"157",2020-07-01,5295,184,80,3795,264,9090,201.428571428571
"158",2020-07-02,5480,185,64,3859,249,9339,208.857142857143
"159",2020-07-03,5560,80,79,3938,159,9498,202.285714285714
"160",2020-07-04,5604,44,58,3996,102,9600,193.571428571429
"161",2020-07-05,5701,97,63,4059,160,9760,199.857142857143
"162",2020-07-06,5955,254,108,4167,362,10122,220.571428571429
"163",2020-07-07,6246,291,87,4254,378,10500,239.142857142857
"164",2020-07-08,6534,288,115,4369,403,10903,259
"165",2020-07-09,6816,282,118,4487,400,11303,280.571428571429
"166",2020-07-10,7058,242,129,4616,371,11674,310.857142857143
"167",2020-07-11,7240,182,65,4681,247,11921,331.571428571429
"168",2020-07-12,7359,119,72,4753,191,12112,336
"169",2020-07-13,7565,206,120,4873,326,12438,330.857142857143
"170",2020-07-14,7919,354,133,5006,487,12925,346.428571428571
"171",2020-07-15,8305,386,91,5097,477,13402,357
"172",2020-07-16,8645,340,115,5212,455,13857,364.857142857143
"173",2020-07-17,8944,299,111,5323,410,14267,370.428571428571
"174",2020-07-18,9114,170,94,5417,264,14531,372.857142857143
"175",2020-07-19,9202,88,59,5476,147,14678,366.571428571429
"176",2020-07-20,9417,215,104,5580,319,14997,365.571428571429
"177",2020-07-21,9729,312,106,5686,418,15415,355.714285714286
"178",2020-07-22,10030,301,86,5772,387,15802,342.857142857143
"179",2020-07-23,10312,282,81,5853,363,16165,329.714285714286
"180",2020-07-24,10559,247,100,5953,347,16512,320.714285714286
"181",2020-07-25,10686,127,61,6014,188,16700,309.857142857143
"182",2020-07-26,10772,86,63,6077,149,16849,310.142857142857
"183",2020-07-27,10948,176,102,6179,278,17127,304.285714285714
"184",2020-07-28,11246,298,99,6278,397,17524,301.285714285714
"185",2020-07-29,11519,273,68,6346,341,17865,294.714285714286
"186",2020-07-30,11761,242,90,6436,332,18197,290.285714285714
"187",2020-07-31,12023,262,99,6535,361,18558,292.285714285714
"188",2020-08-01,12196,173,72,6607,245,18803,300.428571428571
"189",2020-08-02,12280,84,54,6661,138,18941,298.857142857143
"190",2020-08-03,12451,171,113,6774,284,19225,299.714285714286
"191",2020-08-04,12753,302,82,6856,384,19609,297.857142857143
"192",2020-08-05,13086,333,113,6969,446,20055,312.857142857143
"193",2020-08-06,13332,246,99,7068,345,20400,314.714285714286
"194",2020-08-07,13592,260,98,7166,358,20758,314.285714285714
"195",2020-08-08,13799,207,63,7229,270,21028,317.857142857143
"196",2020-08-09,13910,111,56,7285,167,21195,322
"197",2020-08-10,14134,224,98,7383,322,21517,327.428571428571
"198",2020-08-11,14465,331,83,7466,414,21931,331.714285714286
"199",2020-08-12,14749,284,79,7545,363,22294,319.857142857143
"200",2020-08-13,14992,243,79,7624,322,22616,316.571428571429
"201",2020-08-14,15247,255,56,7680,311,22927,309.857142857143
"202",2020-08-15,15403,156,58,7738,214,23141,301.857142857143
"203",2020-08-16,15474,71,39,7777,110,23251,293.714285714286
"204",2020-08-17,15660,186,76,7853,262,23513,285.142857142857
"205",2020-08-18,15927,267,57,7910,324,23837,272.285714285714
"206",2020-08-19,16099,172,62,7972,234,24071,253.857142857143
"207",2020-08-20,16261,162,68,8040,230,24301,240.714285714286
"208",2020-08-21,16428,167,62,8102,229,24530,229
"209",2020-08-22,16567,139,60,8162,199,24729,226.857142857143
"210",2020-08-23,16627,60,47,8209,107,24836,226.428571428571
"211",2020-08-24,16782,155,96,8305,251,25087,224.857142857143
"212",2020-08-25,17071,289,67,8372,356,25443,229.428571428571
"213",2020-08-26,17299,228,60,8432,288,25731,237.142857142857
"214",2020-08-27,17498,199,67,8499,266,25997,242.285714285714
"215",2020-08-28,17689,191,106,8605,297,26294,252
"216",2020-08-29,17829,140,47,8652,187,26481,250.285714285714
"217",2020-08-30,17885,56,41,8693,97,26578,248.857142857143
"218",2020-08-31,18033,148,80,8773,228,26806,245.571428571429
"219",2020-09-01,18266,233,67,8840,300,27106,237.571428571429
"220",2020-09-02,18496,230,80,8920,310,27416,240.714285714286
"221",2020-09-03,18665,169,63,8983,232,27648,235.857142857143
"222",2020-09-04,18842,177,76,9059,253,27901,229.571428571429
"223",2020-09-05,18932,90,48,9107,138,28039,222.571428571429
"224",2020-09-06,18977,45,46,9153,91,28130,221.714285714286
"225",2020-09-07,19018,41,55,9208,96,28226,202.857142857143
"226",2020-09-08,19209,191,77,9285,268,28494,198.285714285714
"227",2020-09-09,19416,207,76,9361,283,28777,194.428571428571
"228",2020-09-10,19561,145,61,9422,206,28983,190.714285714286
"229",2020-09-11,19693,132,47,9469,179,29162,180.142857142857
"230",2020-09-12,19778,85,42,9511,127,29289,178.571428571429
"231",2020-09-13,19811,33,40,9551,73,29362,176
"232",2020-09-14,19935,124,62,9613,186,29548,188.857142857143
"233",2020-09-15,20160,225,61,9674,286,29834,191.428571428571
"234",2020-09-16,20310,150,69,9743,219,30053,182.285714285714
"235",2020-09-17,20486,176,64,9807,240,30293,187.142857142857
"236",2020-09-18,20616,130,44,9851,174,30467,186.428571428571
"237",2020-09-19,20687,71,38,9889,109,30576,183.857142857143
"238",2020-09-20,20729,42,31,9920,73,30649,183.857142857143
"239",2020-09-21,20852,123,68,9988,191,30840,184.571428571429
"240",2020-09-22,20998,146,53,10041,199,31039,172.142857142857
"241",2020-09-23,21136,138,38,10079,176,31215,166
"242",2020-09-24,21252,116,38,10117,154,31369,153.714285714286
"243",2020-09-25,21355,103,48,10165,151,31520,150.428571428571
"244",2020-09-26,21407,52,40,10205,92,31612,148
"245",2020-09-27,21447,40,33,10238,73,31685,148
"246",2020-09-28,21544,97,72,10310,169,31854,144.857142857143
"247",2020-09-29,21688,144,46,10356,190,32044,143.571428571429
"248",2020-09-30,21806,118,48,10404,166,32210,142.142857142857
"249",2020-10-01,21928,122,42,10446,164,32374,143.571428571429
"250",2020-10-02,22049,121,48,10494,169,32543,146.142857142857
"251",2020-10-03,22114,65,42,10536,107,32650,148.285714285714
"252",2020-10-04,22157,43,27,10563,70,32720,147.857142857143
"253",2020-10-05,22242,85,60,10623,145,32865,144.428571428571
"254",2020-10-06,22391,149,28,10651,177,33042,142.571428571429
"255",2020-10-07,22521,130,30,10681,160,33202,141.714285714286
"256",2020-10-08,22648,127,43,10724,170,33372,142.571428571429
"257",2020-10-09,22761,113,31,10755,144,33516,139
"258",2020-10-10,22849,88,29,10784,117,33633,140.428571428571
"259",2020-10-11,22893,44,34,10818,78,33711,141.571428571429
"260",2020-10-12,23028,135,34,10852,169,33880,145
"261",2020-10-13,23178,150,49,10901,199,34079,148.142857142857
"262",2020-10-14,23322,144,43,10944,187,34266,152
"263",2020-10-15,23482,160,51,10995,211,34477,157.857142857143
"264",2020-10-16,23592,110,41,11036,151,34628,158.857142857143
"265",2020-10-17,23658,66,27,11063,93,34721,155.428571428571
"266",2020-10-18,23698,40,28,11091,68,34789,154
"267",2020-10-19,23838,140,60,11151,200,34989,158.428571428571
"268",2020-10-20,24038,200,49,11200,249,35238,165.571428571429
"269",2020-10-21,24185,147,46,11246,193,35431,166.428571428571
"270",2020-10-22,24318,133,47,11293,180,35611,162
"271",2020-10-23,24463,145,56,11349,201,35812,169.142857142857
"272",2020-10-24,24532,69,49,11398,118,35930,172.714285714286
"273",2020-10-25,24588,56,39,11437,95,36025,176.571428571429
"274",2020-10-26,24746,158,51,11488,209,36234,177.857142857143
"275",2020-10-27,24946,200,42,11530,242,36476,176.857142857143
"276",2020-10-28,25115,169,46,11576,215,36691,180
"277",2020-10-29,25258,143,66,11642,209,36900,184.142857142857
"278",2020-10-30,25405,147,47,11689,194,37094,183.142857142857
"279",2020-10-31,25503,98,60,11749,158,37252,188.857142857143
"280",2020-11-01,25558,55,53,11802,108,37360,190.714285714286
"281",2020-11-02,25778,220,80,11882,300,37660,203.714285714286
"282",2020-11-03,26058,280,112,11994,392,38052,225.142857142857
"283",2020-11-04,26358,300,94,12088,394,38446,250.714285714286
"284",2020-11-05,26622,264,98,12186,362,38808,272.571428571429
"285",2020-11-06,26880,258,98,12284,356,39164,295.714285714286
"286",2020-11-07,27090,210,77,12361,287,39451,314.142857142857
"287",2020-11-08,27176,86,62,12423,148,39599,319.857142857143
"288",2020-11-09,27473,297,126,12549,423,40022,337.428571428571
"289",2020-11-10,27903,430,111,12660,541,40563,358.714285714286
"290",2020-11-11,28249,346,102,12762,448,41011,366.428571428571
"291",2020-11-12,28694,445,116,12878,561,41572,394.857142857143
"292",2020-11-13,29073,379,120,12998,499,42071,415.285714285714
"293",2020-11-14,29338,265,89,13087,354,42425,424.857142857143
"294",2020-11-15,29456,118,102,13189,220,42645,435.142857142857
"295",2020-11-16,29773,317,181,13370,498,43143,445.857142857143
"296",2020-11-17,30341,568,163,13533,731,43874,473
"297",2020-11-18,30919,578,164,13697,742,44616,515
"298",2020-11-19,31432,513,152,13849,665,45281,529.857142857143
"299",2020-11-20,31984,552,133,13982,685,45966,556.428571428571
"300",2020-11-21,32328,344,132,14114,476,46442,573.857142857143
"301",2020-11-22,32601,273,102,14216,375,46817,596
"302",2020-11-23,33236,635,198,14414,833,47650,643.857142857143
"303",2020-11-24,33928,692,197,14611,889,48539,666.428571428571
"304",2020-11-25,34772,844,197,14808,1041,49580,709.142857142857
"305",2020-11-26,34924,152,121,14929,273,49853,653.142857142857
"306",2020-11-27,35453,529,184,15113,713,50566,657.142857142857
"307",2020-11-28,36012,559,196,15309,755,51321,697
"308",2020-11-29,36527,515,186,15495,701,52022,743.571428571429
"309",2020-11-30,37470,943,334,15829,1277,53299,807
"310",2020-12-01,38775,1305,356,16185,1661,54960,917.285714285714
"311",2020-12-02,40138,1363,326,16511,1689,56649,1009.85714285714
"312",2020-12-03,41379,1241,352,16863,1593,58242,1198.42857142857
"313",2020-12-04,42608,1229,351,17214,1580,59822,1322.28571428571
"314",2020-12-05,43427,819,292,17506,1111,60933,1373.14285714286
"315",2020-12-06,43924,497,245,17751,742,61675,1379
"316",2020-12-07,45213,1289,502,18253,1791,63466,1452.42857142857
"317",2020-12-08,46776,1563,437,18690,2000,65466,1500.85714285714
"318",2020-12-09,48318,1542,391,19081,1933,67399,1535.71428571429
"319",2020-12-10,49657,1339,436,19517,1775,69174,1561.71428571429
"320",2020-12-11,50771,1114,447,19964,1561,70735,1559
"321",2020-12-12,51595,824,269,20233,1093,71828,1556.42857142857
"322",2020-12-13,52362,767,208,20441,975,72803,1589.71428571429
"323",2020-12-14,53629,1267,473,20914,1740,74543,1582.42857142857
"324",2020-12-15,55498,1869,479,21393,2348,76891,1632.14285714286
"325",2020-12-16,57180,1682,390,21783,2072,78963,1652
"326",2020-12-17,58714,1534,351,22134,1885,80848,1667.71428571429
"327",2020-12-18,59928,1214,356,22490,1570,82418,1669
"328",2020-12-19,60702,774,302,22792,1076,83494,1666.57142857143
"329",2020-12-20,61308,606,211,23003,817,84311,1644
"330",2020-12-21,62851,1543,421,23424,1964,86275,1676
"331",2020-12-22,64325,1474,399,23823,1873,88148,1608.14285714286
"332",2020-12-23,65788,1463,324,24147,1787,89935,1567.42857142857
"333",2020-12-24,66550,762,319,24466,1081,91016,1452.57142857143
"334",2020-12-25,66766,216,185,24651,401,91417,1285.57142857143
"335",2020-12-26,67775,1009,312,24963,1321,92738,1320.57142857143
"336",2020-12-27,68590,815,327,25290,1142,93880,1367
"337",2020-12-28,70429,1839,540,25830,2379,96259,1426.28571428571
"338",2020-12-29,72262,1833,449,26279,2282,98541,1484.71428571429
"339",2020-12-30,74183,1921,439,26718,2360,100901,1566.57142857143
"340",2020-12-31,75360,1177,364,27082,1541,102442,1632.28571428571
"341",2021-01-01,75636,276,285,27367,561,103003,1655.14285714286
"342",2021-01-02,76621,985,430,27797,1415,104418,1668.57142857143
"343",2021-01-03,77540,919,317,28114,1236,105654,1682
"344",2021-01-04,79153,1613,560,28674,2173,107827,1652.57142857143
"345",2021-01-05,81407,2254,545,29219,2799,110626,1726.42857142857
"346",2021-01-06,83222,1815,494,29713,2309,112935,1719.14285714286
"347",2021-01-07,84855,1633,425,30138,2058,114993,1793
"348",2021-01-08,85999,1144,513,30651,1657,116650,1949.57142857143
"349",2021-01-09,86870,871,348,30999,1219,117869,1921.57142857143
"350",2021-01-10,87558,688,302,31301,990,118859,1886.42857142857
"351",2021-01-11,88823,1265,505,31806,1770,120629,1828.85714285714
"352",2021-01-12,90301,1478,440,32246,1918,122547,1703
"353",2021-01-13,91593,1292,395,32641,1687,124234,1614.14285714286
"354",2021-01-14,92750,1157,343,32984,1500,125734,1534.42857142857
"355",2021-01-15,93754,1004,367,33351,1371,127105,1493.57142857143
"356",2021-01-16,94380,626,240,33591,866,127971,1443.14285714286
"357",2021-01-17,94843,463,170,33761,633,128604,1392.14285714286
"358",2021-01-18,95566,723,253,34014,976,129580,1278.71428571429
"359",2021-01-19,96579,1013,306,34320,1319,130899,1193.14285714286
"360",2021-01-20,97472,893,292,34612,1185,132084,1121.42857142857
"361",2021-01-21,98243,771,231,34843,1002,133086,1050.28571428571
"362",2021-01-22,98870,627,242,35085,869,133955,978.571428571429
"363",2021-01-23,99301,431,223,35308,654,134609,948.285714285714
"364",2021-01-24,99651,350,171,35479,521,135130,932.285714285714
"365",2021-01-25,100302,651,244,35723,895,136025,920.714285714286
"366",2021-01-26,100853,551,236,35959,787,136812,844.714285714286
"367",2021-01-27,101395,542,201,36160,743,137555,781.571428571429
"368",2021-01-28,101823,428,153,36313,581,138136,721.428571428571
"369",2021-01-29,102346,523,165,36478,688,138824,695.571428571429
"370",2021-01-30,102733,387,128,36606,515,139339,675.714285714286
"371",2021-01-31,103015,282,141,36747,423,139762,661.714285714286
"372",2021-02-01,103567,552,196,36943,748,140510,640.714285714286
"373",2021-02-02,104026,459,150,37093,609,141119,615.285714285714
"374",2021-02-03,104530,504,162,37255,666,141785,604.285714285714
"375",2021-02-04,104934,404,147,37402,551,142336,600
"376",2021-02-05,105343,409,107,37509,516,142852,575.428571428571
"377",2021-02-06,105598,255,79,37588,334,143186,549.571428571429
"378",2021-02-07,105780,182,72,37660,254,143440,525.428571428571
"379",2021-02-08,106142,362,135,37795,497,143937,489.571428571429
"380",2021-02-09,106561,419,110,37905,529,144466,478.142857142857
"381",2021-02-10,106949,388,131,38036,519,144985,457.142857142857
"382",2021-02-11,107256,307,88,38124,395,145380,434.857142857143
"383",2021-02-12,107530,274,96,38220,370,145750,414
"384",2021-02-13,107687,157,73,38293,230,145980,399.142857142857
"385",2021-02-14,107877,190,51,38344,241,146221,397.285714285714
"386",2021-02-15,108074,197,82,38426,279,146500,366.142857142857
"387",2021-02-16,108327,253,79,38505,332,146832,338
"388",2021-02-17,108596,269,58,38563,327,147159,310.571428571429
"389",2021-02-18,108877,281,69,38632,350,147509,304.142857142857
"390",2021-02-19,109120,243,66,38698,309,147818,295.428571428571
"391",2021-02-20,109302,182,58,38756,240,148058,296.857142857143
"392",2021-02-21,109474,172,39,38795,211,148269,292.571428571429
"393",2021-02-22,109741,267,64,38859,331,148600,300
"394",2021-02-23,109969,228,53,38912,281,148881,292.714285714286
"395",2021-02-24,110238,269,59,38971,328,149209,292.857142857143
"396",2021-02-25,110406,168,42,39013,210,149419,272.857142857143
"397",2021-02-26,110568,162,48,39061,210,149629,258.714285714286
"398",2021-02-27,110703,135,43,39104,178,149807,249.857142857143
"399",2021-02-28,110828,125,42,39146,167,149974,243.571428571429
"400",2021-03-01,111036,208,52,39198,260,150234,233.428571428571
"401",2021-03-02,111226,190,51,39249,241,150475,227.714285714286
"402",2021-03-03,111427,201,52,39301,253,150728,217
"403",2021-03-04,111596,169,52,39353,221,150949,218.571428571429
"404",2021-03-05,111752,156,46,39399,202,151151,217.428571428571
"405",2021-03-06,111842,90,31,39430,121,151272,209.285714285714
"406",2021-03-07,111926,84,24,39454,108,151380,200.857142857143
"407",2021-03-08,112101,175,37,39491,212,151592,194
"408",2021-03-09,112256,155,45,39536,200,151792,188.142857142857
"409",2021-03-10,112399,143,42,39578,185,151977,178.428571428571
"410",2021-03-11,112520,121,26,39604,147,152124,167.857142857143
"411",2021-03-12,112631,111,37,39641,148,152272,160.142857142857
"412",2021-03-13,112725,94,29,39670,123,152395,160.428571428571
"413",2021-03-14,112794,69,21,39691,90,152485,157.857142857143
"414",2021-03-15,112927,133,40,39731,173,152658,152.285714285714
"415",2021-03-16,113048,121,42,39773,163,152821,147
"416",2021-03-17,113197,149,17,39790,166,152987,144.285714285714
"417",2021-03-18,113300,103,33,39823,136,153123,142.714285714286
"418",2021-03-19,113412,112,29,39852,141,153264,141.714285714286
"419",2021-03-20,113468,56,20,39872,76,153340,135
"420",2021-03-21,113510,42,2,39874,44,153384,128.428571428571
"421",2021-03-22,113518,8,0,39874,8,153392,104.857142857143
