"","date","total_cases_scc","new_cases_scc","new_cases_smc","total_cases_smc","new_cases","total_cases","new_cases_mov7"
"1",2020-01-27,1,1,0,0,1,1,1
"2",2020-01-28,2,1,0,0,1,2,1
"3",2020-01-29,3,1,0,0,1,3,1
"4",2020-01-30,4,1,0,0,1,4,1
"5",2020-01-31,6,2,0,0,2,6,1.2
"6",2020-02-01,6,0,0,0,0,6,1
"7",2020-02-02,6,0,0,0,0,6,0.857142857142857
"8",2020-02-03,6,0,0,0,0,6,0.714285714285714
"9",2020-02-04,6,0,0,0,0,6,0.571428571428571
"10",2020-02-05,6,0,0,0,0,6,0.428571428571429
"11",2020-02-06,6,0,0,0,0,6,0.285714285714286
"12",2020-02-07,6,0,0,0,0,6,0
"13",2020-02-08,6,0,0,0,0,6,0
"14",2020-02-09,6,0,0,0,0,6,0
"15",2020-02-10,6,0,0,0,0,6,0
"16",2020-02-11,6,0,0,0,0,6,0
"17",2020-02-12,6,0,0,0,0,6,0
"18",2020-02-13,6,0,0,0,0,6,0
"19",2020-02-14,6,0,0,0,0,6,0
"20",2020-02-15,6,0,0,0,0,6,0
"21",2020-02-16,6,0,0,0,0,6,0
"22",2020-02-17,7,1,0,0,1,7,0.142857142857143
"23",2020-02-18,7,0,0,0,0,7,0.142857142857143
"24",2020-02-19,7,0,0,0,0,7,0.142857142857143
"25",2020-02-20,8,1,15,15,16,23,2.42857142857143
"26",2020-02-21,8,0,2,17,2,25,2.71428571428571
"27",2020-02-22,8,0,0,17,0,25,2.71428571428571
"28",2020-02-23,8,0,2,19,2,27,3
"29",2020-02-24,8,0,3,22,3,30,3.28571428571429
"30",2020-02-25,8,0,4,26,4,34,3.85714285714286
"31",2020-02-26,10,2,1,27,3,37,4.28571428571429
"32",2020-02-27,10,0,2,29,2,39,2.28571428571429
"33",2020-02-28,12,2,4,33,6,45,2.85714285714286
"34",2020-02-29,16,4,5,38,9,54,4.14285714285714
"35",2020-03-01,16,0,8,46,8,62,5
"36",2020-03-02,21,5,8,54,13,75,6.42857142857143
"37",2020-03-03,23,2,9,63,11,86,7.42857142857143
"38",2020-03-04,28,5,7,70,12,98,8.71428571428571
"39",2020-03-05,35,7,4,74,11,109,10
"40",2020-03-06,45,10,14,88,24,133,12.5714285714286
"41",2020-03-07,53,8,8,96,16,149,13.5714285714286
"42",2020-03-08,57,4,10,106,14,163,14.4285714285714
"43",2020-03-09,74,17,14,120,31,194,17
"44",2020-03-10,89,15,13,133,28,222,19.4285714285714
"45",2020-03-11,115,26,14,147,40,262,23.4285714285714
"46",2020-03-12,138,23,16,163,39,301,27.4285714285714
"47",2020-03-13,186,48,33,196,81,382,35.5714285714286
"48",2020-03-14,229,43,19,215,62,444,42.1428571428571
"49",2020-03-15,261,32,25,240,57,501,48.2857142857143
"50",2020-03-16,298,37,33,273,70,571,53.8571428571429
"51",2020-03-17,349,51,36,309,87,658,62.2857142857143
"52",2020-03-18,391,42,26,335,68,726,66.2857142857143
"53",2020-03-19,434,43,21,356,64,790,69.8571428571429
"54",2020-03-20,497,63,33,389,96,886,72
"55",2020-03-21,533,36,30,419,66,952,72.5714285714286
"56",2020-03-22,575,42,37,456,79,1031,75.7142857142857
"57",2020-03-23,653,78,29,485,107,1138,81
"58",2020-03-24,723,70,38,523,108,1246,84
"59",2020-03-25,802,79,38,561,117,1363,91
"60",2020-03-26,875,73,37,598,110,1473,97.5714285714286
"61",2020-03-27,941,66,34,632,100,1573,98.1428571428571
"62",2020-03-28,981,40,27,659,67,1640,98.2857142857143
"63",2020-03-29,1006,25,19,678,44,1684,93.2857142857143
"64",2020-03-30,1080,74,25,703,99,1783,92.1428571428571
"65",2020-03-31,1132,52,23,726,75,1858,87.4285714285714
"66",2020-04-01,1182,50,18,744,68,1926,80.4285714285714
"67",2020-04-02,1234,52,18,762,70,1996,74.7142857142857
"68",2020-04-03,1277,43,20,782,63,2059,69.4285714285714
"69",2020-04-04,1309,32,16,798,48,2107,66.7142857142857
"70",2020-04-05,1351,42,12,810,54,2161,68.1428571428571
"71",2020-04-06,1404,53,21,831,74,2235,64.5714285714286
"72",2020-04-07,1445,41,20,851,61,2296,62.5714285714286
"73",2020-04-08,1515,70,19,870,89,2385,65.5714285714286
"74",2020-04-09,1583,68,13,883,81,2466,67.1428571428571
"75",2020-04-10,1664,81,16,899,97,2563,72
"76",2020-04-11,1705,41,15,914,56,2619,73.1428571428571
"77",2020-04-12,1729,24,11,925,35,2654,70.4285714285714
"78",2020-04-13,1769,40,26,951,66,2720,69.2857142857143
"79",2020-04-14,1813,44,40,991,84,2804,72.5714285714286
"80",2020-04-15,1844,31,36,1027,67,2871,69.4285714285714
"81",2020-04-16,1870,26,48,1075,74,2945,68.4285714285714
"82",2020-04-17,1910,40,28,1103,68,3013,64.2857142857143
"83",2020-04-18,1925,15,16,1119,31,3044,60.7142857142857
"84",2020-04-19,1939,14,21,1140,35,3079,60.7142857142857
"85",2020-04-20,1964,25,38,1178,63,3142,60.2857142857143
"86",2020-04-21,1990,26,23,1201,49,3191,55.2857142857143
"87",2020-04-22,2039,49,43,1244,92,3283,58.8571428571429
"88",2020-04-23,2059,20,22,1266,42,3325,54.2857142857143
"89",2020-04-24,2088,29,38,1304,67,3392,54.1428571428571
"90",2020-04-25,2102,14,20,1324,34,3426,54.5714285714286
"91",2020-04-26,2113,11,18,1342,29,3455,53.7142857142857
"92",2020-04-27,2137,24,26,1368,50,3505,51.8571428571429
"93",2020-04-28,2158,21,21,1389,42,3547,50.8571428571429
"94",2020-04-29,2186,28,13,1402,41,3588,43.5714285714286
"95",2020-04-30,2197,11,27,1429,38,3626,43
"96",2020-05-01,2219,22,30,1459,52,3678,40.8571428571429
"97",2020-05-02,2231,12,17,1476,29,3707,40.1428571428571
"98",2020-05-03,2239,8,16,1492,24,3731,39.4285714285714
"99",2020-05-04,2258,19,28,1520,47,3778,39
"100",2020-05-05,2271,13,22,1542,35,3813,38
"101",2020-05-06,2298,27,29,1571,56,3869,40.1428571428571
"102",2020-05-07,2311,13,26,1597,39,3908,40.2857142857143
"103",2020-05-08,2335,24,23,1620,47,3955,39.5714285714286
"104",2020-05-09,2346,11,16,1636,27,3982,39.2857142857143
"105",2020-05-10,2349,3,19,1655,22,4004,39
"106",2020-05-11,2369,20,23,1678,43,4047,38.4285714285714
"107",2020-05-12,2384,15,29,1707,44,4091,39.7142857142857
"108",2020-05-13,2404,20,28,1735,48,4139,38.5714285714286
"109",2020-05-14,2428,24,34,1769,58,4197,41.2857142857143
"110",2020-05-15,2443,15,55,1824,70,4267,44.5714285714286
"111",2020-05-16,2458,15,23,1847,38,4305,46.1428571428571
"112",2020-05-17,2465,7,17,1864,24,4329,46.4285714285714
"113",2020-05-18,2504,39,41,1905,80,4409,51.7142857142857
"114",2020-05-19,2548,44,39,1944,83,4492,57.2857142857143
"115",2020-05-20,2584,36,42,1986,78,4570,61.5714285714286
"116",2020-05-21,2605,21,70,2056,91,4661,66.2857142857143
"117",2020-05-22,2631,26,35,2091,61,4722,65
"118",2020-05-23,2648,17,19,2110,36,4758,64.7142857142857
"119",2020-05-24,2650,2,29,2139,31,4789,65.7142857142857
"120",2020-05-25,2657,7,34,2173,41,4830,60.1428571428571
"121",2020-05-26,2687,30,39,2212,69,4899,58.1428571428571
"122",2020-05-27,2726,39,38,2250,77,4976,58
"123",2020-05-28,2749,23,41,2291,64,5040,54.1428571428571
"124",2020-05-29,2793,44,31,2322,75,5115,56.1428571428571
"125",2020-05-30,2809,16,20,2342,36,5151,56.1428571428571
"126",2020-05-31,2819,10,25,2367,35,5186,56.7142857142857
"127",2020-06-01,2853,34,52,2419,86,5272,63.1428571428571
"128",2020-06-02,2878,25,46,2465,71,5343,63.4285714285714
"129",2020-06-03,2919,41,36,2501,77,5420,63.4285714285714
"130",2020-06-04,2955,36,27,2528,63,5483,63.2857142857143
"131",2020-06-05,2992,37,25,2553,62,5545,61.4285714285714
"132",2020-06-06,3005,13,25,2578,38,5583,61.7142857142857
"133",2020-06-07,3023,18,13,2591,31,5614,61.1428571428571
"134",2020-06-08,3062,39,31,2622,70,5684,58.8571428571429
"135",2020-06-09,3108,46,32,2654,78,5762,59.8571428571429
"136",2020-06-10,3171,63,31,2685,94,5856,62.2857142857143
"137",2020-06-11,3221,50,40,2725,90,5946,66.1428571428571
"138",2020-06-12,3279,58,37,2762,95,6041,70.8571428571429
"139",2020-06-13,3300,21,37,2799,58,6099,73.7142857142857
"140",2020-06-14,3313,13,21,2820,34,6133,74.1428571428571
"141",2020-06-15,3375,62,59,2879,121,6254,81.4285714285714
"142",2020-06-16,3469,94,43,2922,137,6391,89.8571428571429
"143",2020-06-17,3560,91,53,2975,144,6535,97
"144",2020-06-18,3662,102,46,3021,148,6683,105.285714285714
"145",2020-06-19,3773,111,40,3061,151,6834,113.285714285714
"146",2020-06-20,3823,50,39,3100,89,6923,117.714285714286
"147",2020-06-21,3860,37,49,3149,86,7009,125.142857142857
"148",2020-06-22,3964,104,62,3211,166,7175,131.571428571429
"149",2020-06-23,4153,189,77,3288,266,7441,150
"150",2020-06-24,4299,146,68,3356,214,7655,160
"151",2020-06-25,4432,133,56,3412,189,7844,165.857142857143
"152",2020-06-26,4569,137,70,3482,207,8051,173.857142857143
"153",2020-06-27,4680,111,50,3532,161,8212,184.142857142857
"154",2020-06-28,4740,60,56,3588,116,8328,188.428571428571
"155",2020-06-29,4884,144,76,3664,220,8548,196.142857142857
"156",2020-06-30,5073,189,59,3723,248,8796,193.571428571429
"157",2020-07-01,5258,185,80,3803,265,9061,200.857142857143
"158",2020-07-02,5442,184,66,3869,250,9311,209.571428571429
"159",2020-07-03,5520,78,79,3948,157,9468,202.428571428571
"160",2020-07-04,5564,44,58,4006,102,9570,194
"161",2020-07-05,5659,95,63,4069,158,9728,200
"162",2020-07-06,5910,251,109,4178,360,10088,220
"163",2020-07-07,6200,290,92,4270,382,10470,239.142857142857
"164",2020-07-08,6483,283,117,4387,400,10870,258.428571428571
"165",2020-07-09,6764,281,120,4507,401,11271,280
"166",2020-07-10,7008,244,125,4632,369,11640,310.285714285714
"167",2020-07-11,7189,181,65,4697,246,11886,330.857142857143
"168",2020-07-12,7308,119,70,4767,189,12075,335.285714285714
"169",2020-07-13,7513,205,120,4887,325,12400,330.285714285714
"170",2020-07-14,7864,351,132,5019,483,12883,344.714285714286
"171",2020-07-15,8245,381,95,5114,476,13359,355.571428571429
"172",2020-07-16,8584,339,114,5228,453,13812,363
"173",2020-07-17,8879,295,109,5337,404,14216,368
"174",2020-07-18,9051,172,95,5432,267,14483,371
"175",2020-07-19,9139,88,58,5490,146,14629,364.857142857143
"176",2020-07-20,9356,217,101,5591,318,14947,363.857142857143
"177",2020-07-21,9664,308,103,5694,411,15358,353.571428571429
"178",2020-07-22,9963,299,85,5779,384,15742,340.428571428571
"179",2020-07-23,10244,281,81,5860,362,16104,327.428571428571
"180",2020-07-24,10490,246,102,5962,348,16452,319.428571428571
"181",2020-07-25,10616,126,61,6023,187,16639,308
"182",2020-07-26,10702,86,63,6086,149,16788,308.428571428571
"183",2020-07-27,10878,176,102,6188,278,17066,302.714285714286
"184",2020-07-28,11176,298,100,6288,398,17464,300.857142857143
"185",2020-07-29,11447,271,69,6357,340,17804,294.571428571429
"186",2020-07-30,11687,240,91,6448,331,18135,290.142857142857
"187",2020-07-31,11946,259,97,6545,356,18491,291.285714285714
"188",2020-08-01,12119,173,73,6618,246,18737,299.714285714286
"189",2020-08-02,12203,84,54,6672,138,18875,298.142857142857
"190",2020-08-03,12373,170,113,6785,283,19158,298.857142857143
"191",2020-08-04,12675,302,82,6867,384,19542,296.857142857143
"192",2020-08-05,13008,333,114,6981,447,19989,312.142857142857
"193",2020-08-06,13254,246,97,7078,343,20332,313.857142857143
"194",2020-08-07,13512,258,98,7176,356,20688,313.857142857143
"195",2020-08-08,13718,206,63,7239,269,20957,317.142857142857
"196",2020-08-09,13826,108,55,7294,163,21120,320.714285714286
"197",2020-08-10,14047,221,98,7392,319,21439,325.857142857143
"198",2020-08-11,14376,329,81,7473,410,21849,329.571428571429
"199",2020-08-12,14660,284,78,7551,362,22211,317.428571428571
"200",2020-08-13,14902,242,78,7629,320,22531,314.142857142857
"201",2020-08-14,15155,253,57,7686,310,22841,307.571428571429
"202",2020-08-15,15311,156,58,7744,214,23055,299.714285714286
"203",2020-08-16,15382,71,38,7782,109,23164,292
"204",2020-08-17,15567,185,77,7859,262,23426,283.857142857143
"205",2020-08-18,15835,268,55,7914,323,23749,271.428571428571
"206",2020-08-19,16007,172,60,7974,232,23981,252.857142857143
"207",2020-08-20,16169,162,69,8043,231,24212,240.142857142857
"208",2020-08-21,16335,166,62,8105,228,24440,228.428571428571
"209",2020-08-22,16472,137,60,8165,197,24637,226
"210",2020-08-23,16532,60,47,8212,107,24744,225.714285714286
"211",2020-08-24,16686,154,96,8308,250,24994,224
"212",2020-08-25,16973,287,67,8375,354,25348,228.428571428571
"213",2020-08-26,17201,228,59,8434,287,25635,236.285714285714
"214",2020-08-27,17399,198,67,8501,265,25900,241.142857142857
"215",2020-08-28,17589,190,106,8607,296,26196,250.857142857143
"216",2020-08-29,17730,141,47,8654,188,26384,249.571428571429
"217",2020-08-30,17786,56,41,8695,97,26481,248.142857142857
"218",2020-08-31,17934,148,80,8775,228,26709,245
"219",2020-09-01,18168,234,68,8843,302,27011,237.571428571429
"220",2020-09-02,18399,231,81,8924,312,27323,241.142857142857
"221",2020-09-03,18567,168,63,8987,231,27554,236.285714285714
"222",2020-09-04,18744,177,78,9065,255,27809,230.428571428571
"223",2020-09-05,18834,90,48,9113,138,27947,223.285714285714
"224",2020-09-06,18879,45,46,9159,91,28038,222.428571428571
"225",2020-09-07,18920,41,55,9214,96,28134,203.571428571429
"226",2020-09-08,19112,192,76,9290,268,28402,198.714285714286
"227",2020-09-09,19319,207,76,9366,283,28685,194.571428571429
"228",2020-09-10,19463,144,61,9427,205,28890,190.857142857143
"229",2020-09-11,19595,132,46,9473,178,29068,179.857142857143
"230",2020-09-12,19678,83,42,9515,125,29193,178
"231",2020-09-13,19711,33,41,9556,74,29267,175.571428571429
"232",2020-09-14,19836,125,61,9617,186,29453,188.428571428571
"233",2020-09-15,20062,226,64,9681,290,29743,191.571428571429
"234",2020-09-16,20212,150,68,9749,218,29961,182.285714285714
"235",2020-09-17,20388,176,64,9813,240,30201,187.285714285714
"236",2020-09-18,20520,132,45,9858,177,30378,187.142857142857
"237",2020-09-19,20591,71,39,9897,110,30488,185
"238",2020-09-20,20633,42,30,9927,72,30560,184.714285714286
"239",2020-09-21,20755,122,68,9995,190,30750,185.285714285714
"240",2020-09-22,20900,145,53,10048,198,30948,172.142857142857
"241",2020-09-23,21038,138,40,10088,178,31126,166.428571428571
"242",2020-09-24,21156,118,38,10126,156,31282,154.428571428571
"243",2020-09-25,21259,103,49,10175,152,31434,150.857142857143
"244",2020-09-26,21311,52,39,10214,91,31525,148.142857142857
"245",2020-09-27,21351,40,33,10247,73,31598,148.285714285714
"246",2020-09-28,21448,97,71,10318,168,31766,145.142857142857
"247",2020-09-29,21594,146,46,10364,192,31958,144.285714285714
"248",2020-09-30,21712,118,48,10412,166,32124,142.571428571429
"249",2020-10-01,21832,120,42,10454,162,32286,143.428571428571
"250",2020-10-02,21953,121,47,10501,168,32454,145.714285714286
"251",2020-10-03,22019,66,41,10542,107,32561,148
"252",2020-10-04,22062,43,26,10568,69,32630,147.428571428571
"253",2020-10-05,22147,85,60,10628,145,32775,144.142857142857
"254",2020-10-06,22296,149,27,10655,176,32951,141.857142857143
"255",2020-10-07,22426,130,31,10686,161,33112,141.142857142857
"256",2020-10-08,22553,127,43,10729,170,33282,142.285714285714
"257",2020-10-09,22665,112,33,10762,145,33427,139
"258",2020-10-10,22752,87,29,10791,116,33543,140.285714285714
"259",2020-10-11,22796,44,36,10827,80,33623,141.857142857143
"260",2020-10-12,22930,134,32,10859,166,33789,144.857142857143
"261",2020-10-13,23080,150,49,10908,199,33988,148.142857142857
"262",2020-10-14,23223,143,43,10951,186,34174,151.714285714286
"263",2020-10-15,23383,160,51,11002,211,34385,157.571428571429
"264",2020-10-16,23494,111,40,11042,151,34536,158.428571428571
"265",2020-10-17,23560,66,26,11068,92,34628,155
"266",2020-10-18,23600,40,29,11097,69,34697,153.428571428571
"267",2020-10-19,23740,140,61,11158,201,34898,158.428571428571
"268",2020-10-20,23937,197,48,11206,245,35143,165
"269",2020-10-21,24084,147,45,11251,192,35335,165.857142857143
"270",2020-10-22,24216,132,47,11298,179,35514,161.285714285714
"271",2020-10-23,24361,145,56,11354,201,35715,168.428571428571
"272",2020-10-24,24430,69,49,11403,118,35833,172.142857142857
"273",2020-10-25,24486,56,39,11442,95,35928,175.857142857143
"274",2020-10-26,24644,158,51,11493,209,36137,177
"275",2020-10-27,24846,202,43,11536,245,36382,177
"276",2020-10-28,25015,169,47,11583,216,36598,180.428571428571
"277",2020-10-29,25158,143,68,11651,211,36809,185
"278",2020-10-30,25306,148,47,11698,195,37004,184.142857142857
"279",2020-10-31,25404,98,60,11758,158,37162,189.857142857143
"280",2020-11-01,25460,56,53,11811,109,37271,191.857142857143
"281",2020-11-02,25680,220,82,11893,302,37573,205.142857142857
"282",2020-11-03,25961,281,112,12005,393,37966,226.285714285714
"283",2020-11-04,26260,299,97,12102,396,38362,252
"284",2020-11-05,26526,266,99,12201,365,38727,274
"285",2020-11-06,26783,257,99,12300,356,39083,297
"286",2020-11-07,26994,211,76,12376,287,39370,315.428571428571
"287",2020-11-08,27080,86,60,12436,146,39516,320.714285714286
"288",2020-11-09,27377,297,128,12564,425,39941,338.285714285714
"289",2020-11-10,27805,428,109,12673,537,40478,358.857142857143
"290",2020-11-11,28149,344,103,12776,447,40925,366.142857142857
"291",2020-11-12,28594,445,116,12892,561,41486,394.142857142857
"292",2020-11-13,28975,381,120,13012,501,41987,414.857142857143
"293",2020-11-14,29242,267,90,13102,357,42344,424.857142857143
"294",2020-11-15,29359,117,102,13204,219,42563,435.285714285714
"295",2020-11-16,29676,317,181,13385,498,43061,445.714285714286
"296",2020-11-17,30241,565,165,13550,730,43791,473.285714285714
"297",2020-11-18,30816,575,161,13711,736,44527,514.571428571429
"298",2020-11-19,31329,513,153,13864,666,45193,529.571428571429
"299",2020-11-20,31881,552,133,13997,685,45878,555.857142857143
"300",2020-11-21,32222,341,132,14129,473,46351,572.428571428571
"301",2020-11-22,32496,274,102,14231,376,46727,594.857142857143
"302",2020-11-23,33127,631,199,14430,830,47557,642.285714285714
"303",2020-11-24,33817,690,196,14626,886,48443,664.571428571429
"304",2020-11-25,34659,842,195,14821,1037,49480,707.571428571429
"305",2020-11-26,34810,151,120,14941,271,49751,651.142857142857
"306",2020-11-27,35339,529,185,15126,714,50465,655.285714285714
"307",2020-11-28,35899,560,196,15322,756,51221,695.714285714286
"308",2020-11-29,36411,512,186,15508,698,51919,741.714285714286
"309",2020-11-30,37354,943,335,15843,1278,53197,805.714285714286
"310",2020-12-01,38651,1297,354,16197,1651,54848,915
"311",2020-12-02,40003,1352,324,16521,1676,56524,1006.28571428571
"312",2020-12-03,41232,1229,352,16873,1581,58105,1193.42857142857
"313",2020-12-04,42457,1225,348,17221,1573,59678,1316.14285714286
"314",2020-12-05,43271,814,290,17511,1104,60782,1365.85714285714
"315",2020-12-06,43764,493,246,17757,739,61521,1371.71428571429
"316",2020-12-07,45045,1281,507,18264,1788,63309,1444.57142857143
"317",2020-12-08,46598,1553,434,18698,1987,65296,1492.57142857143
"318",2020-12-09,48137,1539,391,19089,1930,67226,1528.85714285714
"319",2020-12-10,49468,1331,440,19529,1771,68997,1556
"320",2020-12-11,50581,1113,440,19969,1553,70550,1553.14285714286
"321",2020-12-12,51400,819,272,20241,1091,71641,1551.28571428571
"322",2020-12-13,52166,766,214,20455,980,72621,1585.71428571429
"323",2020-12-14,53414,1248,489,20944,1737,74358,1578.42857142857
"324",2020-12-15,55251,1837,494,21438,2331,76689,1627.57142857143
"325",2020-12-16,56893,1642,399,21837,2041,78730,1643.42857142857
"326",2020-12-17,58389,1496,324,22161,1820,80550,1650.42857142857
"327",2020-12-18,59574,1185,367,22528,1552,82102,1650.28571428571
"328",2020-12-19,60321,747,306,22834,1053,83155,1644.85714285714
"329",2020-12-20,60923,602,213,23047,815,83970,1621.28571428571
"330",2020-12-21,62450,1527,430,23477,1957,85927,1652.71428571429
"331",2020-12-22,63887,1437,399,23876,1836,87763,1582
"332",2020-12-23,65321,1434,322,24198,1756,89519,1541.28571428571
"333",2020-12-24,66062,741,300,24498,1041,90560,1430
"334",2020-12-25,66272,210,197,24695,407,90967,1266.42857142857
"335",2020-12-26,67262,990,317,25012,1307,92274,1302.71428571429
"336",2020-12-27,68068,806,332,25344,1138,93412,1348.85714285714
"337",2020-12-28,69890,1822,541,25885,2363,95775,1406.85714285714
"338",2020-12-29,71706,1816,442,26327,2258,98033,1467.14285714286
"339",2020-12-30,73617,1911,441,26768,2352,100385,1552.28571428571
"340",2020-12-31,74794,1177,373,27141,1550,101935,1625
"341",2021-01-01,75069,275,306,27447,581,102516,1649.85714285714
"342",2021-01-02,76058,989,452,27899,1441,103957,1669
"343",2021-01-03,76986,928,346,28245,1274,105231,1688.42857142857
"344",2021-01-04,78595,1609,608,28853,2217,107448,1667.57142857143
"345",2021-01-05,80849,2254,566,29419,2820,110268,1747.85714285714
"346",2021-01-06,82660,1811,498,29917,2309,112577,1741.71428571429
"347",2021-01-07,84285,1625,430,30347,2055,114632,1813.85714285714
"348",2021-01-08,85427,1142,529,30876,1671,116303,1969.57142857143
"349",2021-01-09,86298,871,352,31228,1223,117526,1938.42857142857
"350",2021-01-10,86993,695,307,31535,1002,118528,1899.57142857143
"351",2021-01-11,88276,1283,494,32029,1777,120305,1836.71428571429
"352",2021-01-12,89761,1485,453,32482,1938,122243,1710.71428571429
"353",2021-01-13,91074,1313,397,32879,1710,123953,1625.14285714286
"354",2021-01-14,92238,1164,349,33228,1513,125466,1547.71428571429
"355",2021-01-15,93292,1054,369,33597,1423,126889,1512.28571428571
"356",2021-01-16,93912,620,243,33840,863,127752,1460.85714285714
"357",2021-01-17,94382,470,172,34012,642,128394,1409.42857142857
"358",2021-01-18,95120,738,253,34265,991,129385,1297.14285714286
"359",2021-01-19,96140,1020,316,34581,1336,130721,1211.14285714286
"360",2021-01-20,97023,883,297,34878,1180,131901,1135.42857142857
"361",2021-01-21,97801,778,231,35109,1009,132910,1063.42857142857
"362",2021-01-22,98420,619,247,35356,866,133776,983.857142857143
"363",2021-01-23,98842,422,226,35582,648,134424,953.142857142857
"364",2021-01-24,99187,345,177,35759,522,134946,936
"365",2021-01-25,99813,626,248,36007,874,135820,919.285714285714
"366",2021-01-26,100354,541,241,36248,782,136602,840.142857142857
"367",2021-01-27,100885,531,202,36450,733,137335,776.285714285714
"368",2021-01-28,101300,415,156,36606,571,137906,713.714285714286
"369",2021-01-29,101808,508,168,36774,676,138582,686.571428571429
"370",2021-01-30,102190,382,129,36903,511,139093,667
"371",2021-01-31,102465,275,143,37046,418,139511,652.142857142857
"372",2021-02-01,103012,547,193,37239,740,140251,633
"373",2021-02-02,103465,453,153,37392,606,140857,607.857142857143
"374",2021-02-03,103956,491,169,37561,660,141517,597.428571428571
"375",2021-02-04,104352,396,140,37701,536,142053,592.428571428571
"376",2021-02-05,104745,393,121,37822,514,142567,569.285714285714
"377",2021-02-06,104988,243,84,37906,327,142894,543
"378",2021-02-07,105169,181,72,37978,253,143147,519.428571428571
"379",2021-02-08,105519,350,138,38116,488,143635,483.428571428571
"380",2021-02-09,105929,410,114,38230,524,144159,471.714285714286
"381",2021-02-10,106304,375,129,38359,504,144663,449.428571428571
"382",2021-02-11,106607,303,90,38449,393,145056,429
"383",2021-02-12,106870,263,96,38545,359,145415,406.857142857143
"384",2021-02-13,107022,152,74,38619,226,145641,392.428571428571
"385",2021-02-14,107207,185,53,38672,238,145879,390.285714285714
"386",2021-02-15,107394,187,83,38755,270,146149,359.142857142857
"387",2021-02-16,107636,242,81,38836,323,146472,330.428571428571
"388",2021-02-17,107899,263,60,38896,323,146795,304.571428571429
"389",2021-02-18,108169,270,67,38963,337,147132,296.571428571429
"390",2021-02-19,108402,233,63,39026,296,147428,287.571428571429
"391",2021-02-20,108577,175,60,39086,235,147663,288.857142857143
"392",2021-02-21,108742,165,43,39129,208,147871,284.571428571429
"393",2021-02-22,109006,264,65,39194,329,148200,293
"394",2021-02-23,109223,217,55,39249,272,148472,285.714285714286
"395",2021-02-24,109483,260,60,39309,320,148792,285.285714285714
"396",2021-02-25,109647,164,39,39348,203,148995,266.142857142857
"397",2021-02-26,109803,156,46,39394,202,149197,252.714285714286
"398",2021-02-27,109940,137,43,39437,180,149377,244.857142857143
"399",2021-02-28,110063,123,42,39479,165,149542,238.714285714286
"400",2021-03-01,110268,205,55,39534,260,149802,228.857142857143
"401",2021-03-02,110451,183,50,39584,233,150035,223.285714285714
"402",2021-03-03,110644,193,53,39637,246,150281,212.714285714286
"403",2021-03-04,110808,164,51,39688,215,150496,214.428571428571
"404",2021-03-05,110961,153,43,39731,196,150692,213.571428571429
"405",2021-03-06,111046,85,33,39764,118,150810,204.714285714286
"406",2021-03-07,111123,77,23,39787,100,150910,195.428571428571
"407",2021-03-08,111287,164,40,39827,204,151114,187.428571428571
"408",2021-03-09,111438,151,48,39875,199,151313,182.571428571429
"409",2021-03-10,111573,135,47,39922,182,151495,173.428571428571
"410",2021-03-11,111696,123,26,39948,149,151644,164
"411",2021-03-12,111808,112,38,39986,150,151794,157.428571428571
"412",2021-03-13,111904,96,36,40022,132,151926,159.428571428571
"413",2021-03-14,111970,66,27,40049,93,152019,158.428571428571
"414",2021-03-15,112107,137,39,40088,176,152195,154.428571428571
"415",2021-03-16,112223,116,53,40141,169,152364,150.142857142857
"416",2021-03-17,112376,153,34,40175,187,152551,150.857142857143
"417",2021-03-18,112483,107,31,40206,138,152689,149.285714285714
"418",2021-03-19,112597,114,40,40246,154,152843,149.857142857143
"419",2021-03-20,112664,67,25,40271,92,152935,144.142857142857
"420",2021-03-21,112740,76,34,40305,110,153045,146.571428571429
"421",2021-03-22,112854,114,44,40349,158,153203,144
"422",2021-03-23,112974,120,50,40399,170,153373,144.142857142857
"423",2021-03-24,113098,124,59,40458,183,153556,143.571428571429
"424",2021-03-25,113233,135,49,40507,184,153740,150.142857142857
"425",2021-03-26,113360,127,41,40548,168,153908,152.142857142857
"426",2021-03-27,113427,67,34,40582,101,154009,153.428571428571
"427",2021-03-28,113493,66,25,40607,91,154100,150.714285714286
"428",2021-03-29,113607,114,45,40652,159,154259,150.857142857143
"429",2021-03-30,113698,91,42,40694,133,154392,145.571428571429
"430",2021-03-31,113840,142,46,40740,188,154580,146.285714285714
"431",2021-04-01,113965,125,31,40771,156,154736,142.285714285714
"432",2021-04-02,114069,104,41,40812,145,154881,139
"433",2021-04-03,114140,71,42,40854,113,154994,140.714285714286
"434",2021-04-04,114199,59,25,40879,84,155078,139.714285714286
"435",2021-04-05,114395,196,42,40921,238,155316,151
"436",2021-04-06,114562,167,42,40963,209,155525,161.857142857143
"437",2021-04-07,114730,168,49,41012,217,155742,166
"438",2021-04-08,114889,159,45,41057,204,155946,172.857142857143
"439",2021-04-09,115019,130,39,41096,169,156115,176.285714285714
"440",2021-04-10,115119,100,38,41134,138,156253,179.857142857143
"441",2021-04-11,115186,67,30,41164,97,156350,181.714285714286
"442",2021-04-12,115330,144,54,41218,198,156548,176
"443",2021-04-13,115450,120,43,41261,163,156711,169.428571428571
"444",2021-04-14,115598,148,45,41306,193,156904,166
"445",2021-04-15,115738,140,38,41344,178,157082,162.285714285714
"446",2021-04-16,115853,115,38,41382,153,157235,160
"447",2021-04-17,115947,94,30,41412,124,157359,158
"448",2021-04-18,116027,80,23,41435,103,157462,158.857142857143
"449",2021-04-19,116161,134,30,41465,164,157626,154
"450",2021-04-20,116285,124,33,41498,157,157783,153.142857142857
"451",2021-04-21,116406,121,32,41530,153,157936,147.428571428571
"452",2021-04-22,116484,78,30,41560,108,158044,137.428571428571
"453",2021-04-23,116578,94,27,41587,121,158165,132.857142857143
"454",2021-04-24,116640,62,25,41612,87,158252,127.571428571429
"455",2021-04-25,116691,51,13,41625,64,158316,122
"456",2021-04-26,116767,76,36,41661,112,158428,114.571428571429
"457",2021-04-27,116873,106,30,41691,136,158564,111.571428571429
"458",2021-04-28,116936,63,35,41726,98,158662,103.714285714286
"459",2021-04-29,117019,83,27,41753,110,158772,104
"460",2021-04-30,117083,64,28,41781,92,158864,99.8571428571429
"461",2021-05-01,117130,47,14,41795,61,158925,96.1428571428571
"462",2021-05-02,117178,48,29,41824,77,159002,98
"463",2021-05-03,117250,72,16,41840,88,159090,94.5714285714286
"464",2021-05-04,117335,85,24,41864,109,159199,90.7142857142857
"465",2021-05-05,117406,71,25,41889,96,159295,90.4285714285714
"466",2021-05-06,117452,46,28,41917,74,159369,85.2857142857143
"467",2021-05-07,117504,52,18,41935,70,159439,82.1428571428571
"468",2021-05-08,117530,26,14,41949,40,159479,79.1428571428571
"469",2021-05-09,117556,26,11,41960,37,159516,73.4285714285714
"470",2021-05-10,117598,42,29,41989,71,159587,71
"471",2021-05-11,117668,70,19,42008,89,159676,68.1428571428571
"472",2021-05-12,117718,50,18,42026,68,159744,64.1428571428571
"473",2021-05-13,117779,61,9,42035,70,159814,63.5714285714286
"474",2021-05-14,117823,44,18,42053,62,159876,62.4285714285714
"475",2021-05-15,117846,23,10,42063,33,159909,61.4285714285714
"476",2021-05-16,117875,29,16,42079,45,159954,62.5714285714286
"477",2021-05-17,117903,28,11,42090,39,159993,58
"478",2021-05-18,117942,39,26,42116,65,160058,54.5714285714286
"479",2021-05-19,117969,27,12,42128,39,160097,50.4285714285714
"480",2021-05-20,118014,45,7,42135,52,160149,47.8571428571429
"481",2021-05-21,118033,19,14,42149,33,160182,43.7142857142857
"482",2021-05-22,118061,28,13,42162,41,160223,44.8571428571429
"483",2021-05-23,118079,18,10,42172,28,160251,42.4285714285714
"484",2021-05-24,118103,24,17,42189,41,160292,42.7142857142857
"485",2021-05-25,118134,31,10,42199,41,160333,39.2857142857143
"486",2021-05-26,118157,23,10,42209,33,160366,38.4285714285714
"487",2021-05-27,118187,30,8,42217,38,160404,36.4285714285714
"488",2021-05-28,118209,22,9,42226,31,160435,36.1428571428571
"489",2021-05-29,118225,16,6,42232,22,160457,33.4285714285714
"490",2021-05-30,118249,24,8,42240,32,160489,34
"491",2021-05-31,118256,7,8,42248,15,160504,30.2857142857143
"492",2021-06-01,118298,42,16,42264,58,160562,32.7142857142857
"493",2021-06-02,118336,38,16,42280,54,160616,35.7142857142857
"494",2021-06-03,118370,34,10,42290,44,160660,36.5714285714286
"495",2021-06-04,118410,40,12,42302,52,160712,39.5714285714286
"496",2021-06-05,118431,21,11,42313,32,160744,41
"497",2021-06-06,118450,19,10,42323,29,160773,40.5714285714286
"498",2021-06-07,118478,28,17,42340,45,160818,44.8571428571429
"499",2021-06-08,118501,23,16,42356,39,160857,42.1428571428571
"500",2021-06-09,118527,26,12,42368,38,160895,39.8571428571429
"501",2021-06-10,118565,38,16,42384,54,160949,41.2857142857143
"502",2021-06-11,118598,33,7,42391,40,160989,39.5714285714286
"503",2021-06-12,118619,21,14,42405,35,161024,40
"504",2021-06-13,118640,21,6,42411,27,161051,39.7142857142857
"505",2021-06-14,118658,18,14,42425,32,161083,37.8571428571429
"506",2021-06-15,118692,34,14,42439,48,161131,39.1428571428571
"507",2021-06-16,118721,29,13,42452,42,161173,39.7142857142857
"508",2021-06-17,118764,43,17,42469,60,161233,40.5714285714286
"509",2021-06-18,118790,26,6,42475,32,161265,39.4285714285714
"510",2021-06-19,118806,16,12,42487,28,161293,38.4285714285714
"511",2021-06-20,118822,16,16,42503,32,161325,39.1428571428571
"512",2021-06-21,118864,42,27,42530,69,161394,44.4285714285714
"513",2021-06-22,118902,38,16,42546,54,161448,45.2857142857143
"514",2021-06-23,118932,30,14,42560,44,161492,45.5714285714286
"515",2021-06-24,118966,34,16,42576,50,161542,44.1428571428571
"516",2021-06-25,118993,27,26,42602,53,161595,47.1428571428571
"517",2021-06-26,119011,18,18,42620,36,161631,48.2857142857143
"518",2021-06-27,119033,22,20,42640,42,161673,49.7142857142857
"519",2021-06-28,119081,48,28,42668,76,161749,50.7142857142857
"520",2021-06-29,119125,44,35,42703,79,161828,54.2857142857143
"521",2021-06-30,119171,46,32,42735,78,161906,59.1428571428571
"522",2021-07-01,119224,53,37,42772,90,161996,64.8571428571429
"523",2021-07-02,119267,43,26,42798,69,162065,67.1428571428571
"524",2021-07-03,119333,66,35,42833,101,162166,76.4285714285714
"525",2021-07-04,119353,20,25,42858,45,162211,76.8571428571429
"526",2021-07-05,119409,56,34,42892,90,162301,78.8571428571429
"527",2021-07-06,119516,107,51,42943,158,162459,90.1428571428571
"528",2021-07-07,119604,88,75,43018,163,162622,102.285714285714
"529",2021-07-08,119695,91,54,43072,145,162767,110.142857142857
"530",2021-07-09,119793,98,49,43121,147,162914,121.285714285714
"531",2021-07-10,119899,106,43,43164,149,163063,128.142857142857
"532",2021-07-11,119967,68,51,43215,119,163182,138.714285714286
"533",2021-07-12,120095,128,81,43296,209,163391,155.714285714286
"534",2021-07-13,120242,147,93,43389,240,163631,167.428571428571
"535",2021-07-14,120403,161,71,43460,232,163863,177.285714285714
"536",2021-07-15,120569,166,99,43559,265,164128,194.428571428571
"537",2021-07-16,120708,139,104,43663,243,164371,208.142857142857
"538",2021-07-17,120856,148,53,43716,201,164572,215.571428571429
"539",2021-07-18,120971,115,71,43787,186,164758,225.142857142857
"540",2021-07-19,121171,200,113,43900,313,165071,240
"541",2021-07-20,121400,229,142,44042,371,165442,258.714285714286
"542",2021-07-21,121655,255,118,44160,373,165815,278.857142857143
"543",2021-07-22,121874,219,91,44251,310,166125,285.285714285714
"544",2021-07-23,122109,235,112,44363,347,166472,300.142857142857
"545",2021-07-24,122288,179,104,44467,283,166755,311.857142857143
"546",2021-07-25,122447,159,115,44582,274,167029,324.428571428571
"547",2021-07-26,122753,306,164,44746,470,167499,346.857142857143
"548",2021-07-27,123090,337,150,44896,487,167986,363.428571428571
"549",2021-07-28,123436,346,151,45047,497,168483,381.142857142857
"550",2021-07-29,123758,322,148,45195,470,168953,404
"551",2021-07-30,124030,272,126,45321,398,169351,411.285714285714
"552",2021-07-31,124257,227,125,45446,352,169703,421.142857142857
"553",2021-08-01,124479,222,157,45603,379,170082,436.142857142857
"554",2021-08-02,124819,340,182,45785,522,170604,443.571428571429
"555",2021-08-03,125268,449,178,45963,627,171231,463.571428571429
"556",2021-08-04,125694,426,193,46156,619,171850,481
"557",2021-08-05,126137,443,177,46333,620,172470,502.428571428571
"558",2021-08-06,126493,356,175,46508,531,173001,521.428571428571
"559",2021-08-07,126758,265,153,46661,418,173419,530.857142857143
"560",2021-08-08,126994,236,128,46789,364,173783,528.714285714286
"561",2021-08-09,127428,434,193,46982,627,174410,543.714285714286
"562",2021-08-10,127919,491,175,47157,666,175076,549.285714285714
"563",2021-08-11,128367,448,178,47335,626,175702,550.285714285714
"564",2021-08-12,128831,464,168,47503,632,176334,552
"565",2021-08-13,129319,488,147,47650,635,176969,566.857142857143
"566",2021-08-14,129630,311,117,47767,428,177397,568.285714285714
"567",2021-08-15,129868,238,119,47886,357,177754,567.285714285714
"568",2021-08-16,130287,419,187,48073,606,178360,564.285714285714
"569",2021-08-17,130811,524,183,48256,707,179067,570.142857142857
"570",2021-08-18,131278,467,157,48413,624,179691,569.857142857143
"571",2021-08-19,131660,382,163,48576,545,180236,557.428571428571
"572",2021-08-20,132064,404,134,48710,538,180774,543.571428571429
"573",2021-08-21,132312,248,112,48822,360,181134,533.857142857143
"574",2021-08-22,132526,214,95,48917,309,181443,527
"575",2021-08-23,132942,416,174,49091,590,182033,524.714285714286
"576",2021-08-24,133358,416,140,49231,556,182589,503.142857142857
"577",2021-08-25,133813,455,150,49381,605,183194,500.428571428571
"578",2021-08-26,134211,398,127,49508,525,183719,497.571428571429
"579",2021-08-27,134585,374,128,49636,502,184221,492.428571428571
"580",2021-08-28,134797,212,77,49713,289,184510,482.285714285714
"581",2021-08-29,134989,192,74,49787,266,184776,476.142857142857
"582",2021-08-30,135366,377,113,49900,490,185266,461.857142857143
"583",2021-08-31,135718,352,129,50029,481,185747,451.142857142857
"584",2021-09-01,136057,339,112,50141,451,186198,429.142857142857
"585",2021-09-02,136393,336,120,50261,456,186654,419.285714285714
"586",2021-09-03,136726,333,98,50359,431,187085,409.142857142857
"587",2021-09-04,136899,173,96,50455,269,187354,406.285714285714
"588",2021-09-05,137059,160,50,50505,210,187564,398.285714285714
"589",2021-09-06,137227,168,70,50575,238,187802,362.285714285714
"590",2021-09-07,137557,330,131,50706,461,188263,359.428571428571
"591",2021-09-08,137855,298,96,50802,394,188657,351.285714285714
"592",2021-09-09,138135,280,105,50907,385,189042,341.142857142857
"593",2021-09-10,138380,245,121,51028,366,189408,331.857142857143
"594",2021-09-11,138572,192,70,51098,262,189670,330.857142857143
"595",2021-09-12,138668,96,73,51171,169,189839,325
"596",2021-09-13,138946,278,108,51279,386,190225,346.142857142857
"597",2021-09-14,139200,254,89,51368,343,190568,329.285714285714
"598",2021-09-15,139444,244,101,51469,345,190913,322.285714285714
"599",2021-09-16,139664,220,83,51552,303,191216,310.571428571429
"600",2021-09-17,139855,191,79,51631,270,191486,296.857142857143
"601",2021-09-18,139992,137,55,51686,192,191678,286.857142857143
"602",2021-09-19,140090,98,52,51738,150,191828,284.142857142857
"603",2021-09-20,140302,212,98,51836,310,192138,273.285714285714
"604",2021-09-21,140496,194,86,51922,280,192418,264.285714285714
"605",2021-09-22,140727,231,69,51991,300,192718,257.857142857143
"606",2021-09-23,140899,172,71,52062,243,192961,249.285714285714
"607",2021-09-24,141071,172,75,52137,247,193208,246
"608",2021-09-25,141192,121,60,52197,181,193389,244.428571428571
"609",2021-09-26,141270,78,64,52261,142,193531,243.285714285714
"610",2021-09-27,141473,203,69,52330,272,193803,237.857142857143
"611",2021-09-28,141659,186,76,52406,262,194065,235.285714285714
"612",2021-09-29,141834,175,45,52451,220,194285,223.857142857143
"613",2021-09-30,141981,147,61,52512,208,194493,218.857142857143
"614",2021-10-01,142119,138,49,52561,187,194680,210.285714285714
"615",2021-10-02,142229,110,40,52601,150,194830,205.857142857143
"616",2021-10-03,142342,113,41,52642,154,194984,207.571428571429
"617",2021-10-04,142506,164,68,52710,232,195216,201.857142857143
"618",2021-10-05,142647,141,60,52770,201,195417,193.142857142857
"619",2021-10-06,142805,158,47,52817,205,195622,191
"620",2021-10-07,142957,152,49,52866,201,195823,190
"621",2021-10-08,143110,153,40,52906,193,196016,190.857142857143
"622",2021-10-09,143201,91,29,52935,120,196136,186.571428571429
"623",2021-10-10,143292,91,32,52967,123,196259,182.142857142857
"624",2021-10-11,143455,163,42,53009,205,196464,178.285714285714
"625",2021-10-12,143650,195,47,53056,242,196706,184.142857142857
"626",2021-10-13,143820,170,51,53107,221,196927,186.428571428571
"627",2021-10-14,143948,128,50,53157,178,197105,183.142857142857
"628",2021-10-15,144084,136,49,53206,185,197290,182
"629",2021-10-16,144189,105,43,53249,148,197438,186
"630",2021-10-17,144280,91,52,53301,143,197581,188.857142857143
"631",2021-10-18,144453,173,49,53350,222,197803,191.285714285714
"632",2021-10-19,144625,172,66,53416,238,198041,190.714285714286
"633",2021-10-20,144794,169,61,53477,230,198271,192
"634",2021-10-21,144947,153,70,53547,223,198494,198.428571428571
"635",2021-10-22,145119,172,47,53594,219,198713,203.285714285714
"636",2021-10-23,145260,141,51,53645,192,198905,209.571428571429
"637",2021-10-24,145344,84,39,53684,123,199028,206.714285714286
"638",2021-10-25,145535,191,74,53758,265,199293,212.857142857143
"639",2021-10-26,145714,179,60,53818,239,199532,213
"640",2021-10-27,145902,188,72,53890,260,199792,217.285714285714
"641",2021-10-28,146106,204,56,53946,260,200052,222.571428571429
"642",2021-10-29,146263,157,45,53991,202,200254,220.142857142857
"643",2021-10-30,146397,134,44,54035,178,200432,218.142857142857
"644",2021-10-31,146485,88,39,54074,127,200559,218.714285714286
"645",2021-11-01,146688,203,58,54132,261,200820,218.142857142857
"646",2021-11-02,146889,201,65,54197,266,201086,222
"647",2021-11-03,147091,202,72,54269,274,201360,224
"648",2021-11-04,147269,178,65,54334,243,201603,221.571428571429
"649",2021-11-05,147448,179,56,54390,235,201838,226.285714285714
"650",2021-11-06,147572,124,44,54434,168,202006,224.857142857143
"651",2021-11-07,147679,107,36,54470,143,202149,227.142857142857
"652",2021-11-08,147905,226,60,54530,286,202435,230.714285714286
"653",2021-11-09,148147,242,76,54606,318,202753,238.142857142857
"654",2021-11-10,148325,178,46,54652,224,202977,231
"655",2021-11-11,148469,144,54,54706,198,203175,224.571428571429
"656",2021-11-12,148689,220,47,54753,267,203442,229.142857142857
"657",2021-11-13,148805,116,49,54802,165,203607,228.714285714286
"658",2021-11-14,148922,117,37,54839,154,203761,230.285714285714
"659",2021-11-15,149132,210,54,54893,264,204025,227.142857142857
"660",2021-11-16,149350,218,52,54945,270,204295,220.285714285714
"661",2021-11-17,149535,185,63,55008,248,204543,223.714285714286
"662",2021-11-18,149684,149,69,55077,218,204761,226.571428571429
"663",2021-11-19,149909,225,60,55137,285,205046,229.142857142857
"664",2021-11-20,150029,120,47,55184,167,205213,229.428571428571
"665",2021-11-21,150122,93,35,55219,128,205341,225.714285714286
"666",2021-11-22,150335,213,54,55273,267,205608,226.142857142857
"667",2021-11-23,150501,166,57,55330,223,205831,219.428571428571
"668",2021-11-24,150682,181,51,55381,232,206063,217.142857142857
"669",2021-11-25,150707,25,31,55412,56,206119,194
"670",2021-11-26,150865,158,49,55461,207,206326,182.857142857143
"671",2021-11-27,151008,143,63,55524,206,206532,188.428571428571
"672",2021-11-28,151166,158,58,55582,216,206748,201
"673",2021-11-29,151484,318,94,55676,412,207160,221.714285714286
"674",2021-11-30,151781,297,100,55776,397,207557,246.571428571429
"675",2021-12-01,152053,272,105,55881,377,207934,267.285714285714
"676",2021-12-02,152303,250,80,55961,330,208264,306.428571428571
"677",2021-12-03,152562,259,83,56044,342,208606,325.714285714286
"678",2021-12-04,152726,164,62,56106,226,208832,328.571428571429
"679",2021-12-05,152875,149,53,56159,202,209034,326.571428571429
"680",2021-12-06,153172,297,94,56253,391,209425,323.571428571429
"681",2021-12-07,153399,227,75,56328,302,209727,310
"682",2021-12-08,153595,196,91,56419,287,210014,297.142857142857
"683",2021-12-09,153777,182,71,56490,253,210267,286.142857142857
"684",2021-12-10,153971,194,88,56578,282,210549,277.571428571429
"685",2021-12-11,154133,162,57,56635,219,210768,276.571428571429
"686",2021-12-12,154261,128,78,56713,206,210974,277.142857142857
"687",2021-12-13,154469,208,115,56828,323,211297,267.428571428571
"688",2021-12-14,154700,231,160,56988,391,211688,280.142857142857
"689",2021-12-15,154977,277,165,57153,442,212130,302.285714285714
"690",2021-12-16,155278,301,142,57295,443,212573,329.428571428571
"691",2021-12-17,155587,309,199,57494,508,213081,361.714285714286
"692",2021-12-18,155872,285,186,57680,471,213552,397.714285714286
"693",2021-12-19,156134,262,241,57921,503,214055,440.142857142857
"694",2021-12-20,156783,649,468,58389,1117,215172,553.571428571429
"695",2021-12-21,157516,733,554,58943,1287,216459,681.571428571429
"696",2021-12-22,158534,1018,625,59568,1643,218102,853.142857142857
"697",2021-12-23,159655,1121,692,60260,1813,219915,1048.85714285714
"698",2021-12-24,160254,599,574,60834,1173,221088,1143.85714285714
"699",2021-12-25,160445,191,438,61272,629,221717,1166.42857142857
"700",2021-12-26,161409,964,1049,62321,2013,223730,1382.14285714286
"701",2021-12-27,164013,2604,1433,63754,4037,227767,1799.28571428571
"702",2021-12-28,167187,3174,1559,65313,4733,232500,2291.57142857143
"703",2021-12-29,170553,3366,1531,66844,4897,237397,2756.42857142857
"704",2021-12-30,173762,3209,1641,68485,4850,242247,3190.28571428571
"705",2021-12-31,175874,2112,1040,69525,3152,245399,3473
"706",2022-01-01,176748,874,902,70427,1776,247175,3636.85714285714
"707",2022-01-02,179212,2464,1481,71908,3945,251120,3912.85714285714
"708",2022-01-03,185144,5932,2614,74522,8546,259666,4557
"709",2022-01-04,191431,6287,2744,77266,9031,268697,5171
"710",2022-01-05,197966,6535,2352,79618,8887,277584,5741
"711",2022-01-06,204102,6136,2222,81840,8358,285942,6242.14285714286
"712",2022-01-07,209221,5119,2513,84353,7632,293574,6882.14285714286
"713",2022-01-08,212300,3079,1518,85871,4597,298171,7285.14285714286
"714",2022-01-09,215159,2859,1423,87294,4282,302453,7333.28571428571
"715",2022-01-10,221025,5866,2615,89909,8481,310934,7324
"716",2022-01-11,226850,5825,2726,92635,8551,319485,7255.42857142857
"717",2022-01-12,232483,5633,2346,94981,7979,327464,7125.71428571429
"718",2022-01-13,237378,4895,2076,97057,6971,334435,6927.57142857143
"719",2022-01-14,241887,4509,1804,98861,6313,340748,6739.14285714286
"720",2022-01-15,244266,2379,1259,100120,3638,344386,6602.14285714286
"721",2022-01-16,246295,2029,980,101100,3009,347395,6420.28571428571
"722",2022-01-17,250037,3742,1552,102652,5294,352689,5965
"723",2022-01-18,254740,4703,1981,104633,6684,359373,5698.28571428571
"724",2022-01-19,259019,4279,1544,106177,5823,365196,5390.28571428571
"725",2022-01-20,263098,4079,1432,107609,5511,370707,5181.71428571429
"726",2022-01-21,266532,3434,1226,108835,4660,375367,4945.57142857143
"727",2022-01-22,268267,1735,678,109513,2413,377780,4770.57142857143
"728",2022-01-23,269884,1617,597,110110,2214,379994,4657
"729",2022-01-24,273500,3616,1135,111245,4751,384745,4579.42857142857
"730",2022-01-25,276538,3038,1016,112261,4054,388799,4203.71428571429
"731",2022-01-26,279326,2788,856,113117,3644,392443,3892.42857142857
"732",2022-01-27,281721,2395,689,113806,3084,395527,3545.71428571429
"733",2022-01-28,283997,2276,603,114409,2879,398406,3291.28571428571
"734",2022-01-29,285261,1264,362,114771,1626,400032,3178.85714285714
"735",2022-01-30,286223,962,342,115113,1304,401336,3048.85714285714
"736",2022-01-31,288413,2190,581,115694,2771,404107,2766
"737",2022-02-01,290077,1664,518,116212,2182,406289,2498.57142857143
"738",2022-02-02,291722,1645,474,116686,2119,408408,2280.71428571429
"739",2022-02-03,292979,1257,373,117059,1630,410038,2073
"740",2022-02-04,294180,1201,355,117414,1556,411594,1884
"741",2022-02-05,294792,612,235,117649,847,412441,1772.71428571429
"742",2022-02-06,295395,603,191,117840,794,413235,1699.85714285714
"743",2022-02-07,296578,1183,350,118190,1533,414768,1523
"744",2022-02-08,297552,974,293,118483,1267,416035,1392.28571428571
"745",2022-02-09,298535,983,217,118700,1200,417235,1261
"746",2022-02-10,299312,777,193,118893,970,418205,1166.71428571429
"747",2022-02-11,300017,705,185,119078,890,419095,1071.57142857143
"748",2022-02-12,300480,463,121,119199,584,419679,1034
"749",2022-02-13,300824,344,92,119291,436,420115,982.857142857143
"750",2022-02-14,301485,661,229,119520,890,421005,891
"751",2022-02-15,302040,555,169,119689,724,421729,813.428571428571
"752",2022-02-16,302583,543,144,119833,687,422416,740.142857142857
"753",2022-02-17,302972,389,122,119955,511,422927,674.571428571429
"754",2022-02-18,303347,375,93,120048,468,423395,614.285714285714
"755",2022-02-19,303588,241,65,120113,306,423701,574.571428571429
"756",2022-02-20,303776,188,41,120154,229,423930,545
"757",2022-02-21,304053,277,75,120229,352,424282,468.142857142857
"758",2022-02-22,304444,391,94,120323,485,424767,434
"759",2022-02-23,304717,273,97,120420,370,425137,388.714285714286
"760",2022-02-24,304987,270,94,120514,364,425501,367.714285714286
"761",2022-02-25,305260,273,92,120606,365,425866,353
"762",2022-02-26,305433,173,63,120669,236,426102,343
"763",2022-02-27,305567,134,55,120724,189,426291,337.285714285714
"764",2022-02-28,305878,311,110,120834,421,426712,347.142857142857
"765",2022-03-01,306151,273,101,120935,374,427086,331.285714285714
"766",2022-03-02,306393,242,72,121007,314,427400,323.285714285714
"767",2022-03-03,306644,251,88,121095,339,427739,319.714285714286
"768",2022-03-04,306835,191,75,121170,266,428005,305.571428571429
"769",2022-03-05,306966,131,58,121228,189,428194,298.857142857143
"770",2022-03-06,307070,104,54,121282,158,428352,294.428571428571
"771",2022-03-07,307317,247,86,121368,333,428685,281.857142857143
"772",2022-03-08,307528,211,76,121444,287,428972,269.428571428571
"773",2022-03-09,307750,222,82,121526,304,429276,268
"774",2022-03-10,307892,142,59,121585,201,429477,248.285714285714
"775",2022-03-11,308033,141,60,121645,201,429678,239
"776",2022-03-12,308132,99,50,121695,149,429827,233.285714285714
"777",2022-03-13,308203,71,35,121730,106,429933,225.857142857143
"778",2022-03-14,308383,180,81,121811,261,430194,215.571428571429
"779",2022-03-15,308555,172,73,121884,245,430439,209.571428571429
"780",2022-03-16,308737,182,52,121936,234,430673,199.571428571429
"781",2022-03-17,308916,179,63,121999,242,430915,205.428571428571
"782",2022-03-18,309064,148,50,122049,198,431113,205
"783",2022-03-19,309157,93,35,122084,128,431241,202
"784",2022-03-20,309253,96,37,122121,133,431374,205.857142857143
"785",2022-03-21,309437,184,61,122182,245,431619,203.571428571429
"786",2022-03-22,309671,234,159,122341,393,432012,224.714285714286
"787",2022-03-23,309833,162,79,122420,241,432253,225.714285714286
"788",2022-03-24,310019,186,82,122502,268,432521,229.428571428571
"789",2022-03-25,310167,148,52,122554,200,432721,229.714285714286
"790",2022-03-26,310309,142,56,122610,198,432919,239.714285714286
"791",2022-03-27,310450,141,60,122670,201,433120,249.428571428571
"792",2022-03-28,310661,211,110,122780,321,433441,260.285714285714
"793",2022-03-29,310906,245,115,122895,360,433801,255.571428571429
"794",2022-03-30,311167,261,96,122991,357,434158,272.142857142857
"795",2022-03-31,311367,200,104,123095,304,434462,277.285714285714
"796",2022-04-01,311568,201,114,123209,315,434777,293.714285714286
"797",2022-04-02,311696,128,63,123272,191,434968,292.714285714286
"798",2022-04-03,311840,144,96,123368,240,435208,298.285714285714
"799",2022-04-04,312140,300,146,123514,446,435654,316.142857142857
"800",2022-04-05,312402,262,142,123656,404,436058,322.428571428571
"801",2022-04-06,312684,282,121,123777,403,436461,329
"802",2022-04-07,312907,223,108,123885,331,436792,332.857142857143
"803",2022-04-08,313133,226,122,124007,348,437140,337.571428571429
"804",2022-04-09,313285,152,106,124113,258,437398,347.142857142857
"805",2022-04-10,313451,166,93,124206,259,437657,349.857142857143
"806",2022-04-11,313730,279,170,124376,449,438106,350.285714285714
"807",2022-04-12,314082,352,189,124565,541,438647,369.857142857143
"808",2022-04-13,314372,290,156,124721,446,439093,376
"809",2022-04-14,314641,269,153,124874,422,439515,389
"810",2022-04-15,314945,304,166,125040,470,439985,406.428571428571
"811",2022-04-16,315206,261,137,125177,398,440383,426.428571428571
"812",2022-04-17,315405,199,96,125273,295,440678,431.571428571429
"813",2022-04-18,315860,455,244,125517,699,441377,467.285714285714
"814",2022-04-19,316308,448,236,125753,684,442061,487.714285714286
"815",2022-04-20,316734,426,236,125989,662,442723,518.571428571429
"816",2022-04-21,317149,415,219,126208,634,443357,548.857142857143
"817",2022-04-22,317612,463,202,126410,665,444022,576.714285714286
"818",2022-04-23,317918,306,163,126573,469,444491,586.857142857143
"819",2022-04-24,318252,334,161,126734,495,444986,615.428571428571
"820",2022-04-25,318939,687,309,127043,996,445982,657.857142857143
"821",2022-04-26,319579,640,269,127312,909,446891,690
"822",2022-04-27,320157,578,273,127585,851,447742,717
"823",2022-04-28,320701,544,237,127822,781,448523,738
"824",2022-04-29,321264,563,245,128067,808,449331,758.428571428571
"825",2022-04-30,321716,452,201,128268,653,449984,784.714285714286
"826",2022-05-01,322105,389,222,128490,611,450595,801.285714285714
"827",2022-05-02,322994,889,374,128864,1263,451858,839.428571428571
"828",2022-05-03,323918,924,324,129188,1248,453106,887.857142857143
"829",2022-05-04,324765,847,347,129535,1194,454300,936.857142857143
"830",2022-05-05,325578,813,325,129860,1138,455438,987.857142857143
"831",2022-05-06,326361,783,343,130203,1126,456564,1033.28571428571
"832",2022-05-07,326912,551,231,130434,782,457346,1051.71428571429
"833",2022-05-08,327381,469,286,130720,755,458101,1072.28571428571
"834",2022-05-09,328421,1040,468,131188,1508,459609,1107.28571428571
"835",2022-05-10,329624,1203,433,131621,1636,461245,1162.71428571429
"836",2022-05-11,330682,1058,383,132004,1441,462686,1198
"837",2022-05-12,331721,1039,401,132405,1440,464126,1241.14285714286
"838",2022-05-13,332688,967,406,132811,1373,465499,1276.42857142857
"839",2022-05-14,333398,710,288,133099,998,466497,1307.28571428571
"840",2022-05-15,334138,740,322,133421,1062,467559,1351.14285714286
"841",2022-05-16,335517,1379,536,133957,1915,469474,1409.28571428571
"842",2022-05-17,336860,1343,548,134505,1891,471365,1445.71428571429
"843",2022-05-18,338120,1260,496,135001,1756,473121,1490.71428571429
"844",2022-05-19,339378,1258,428,135429,1686,474807,1525.85714285714
"845",2022-05-20,340477,1099,474,135903,1573,476380,1554.42857142857
"846",2022-05-21,341204,727,319,136222,1046,477426,1561.28571428571
"847",2022-05-22,341952,748,315,136537,1063,478489,1561.42857142857
"848",2022-05-23,343362,1410,578,137115,1988,480477,1571.85714285714
"849",2022-05-24,344780,1418,575,137690,1993,482470,1586.42857142857
"850",2022-05-25,346154,1374,533,138223,1907,484377,1608
"851",2022-05-26,347316,1162,471,138694,1633,486010,1600.42857142857
"852",2022-05-27,348354,1038,389,139083,1427,487437,1579.57142857143
"853",2022-05-28,349076,722,254,139337,976,488413,1569.57142857143
"854",2022-05-29,349792,716,272,139609,988,489401,1558.85714285714
"855",2022-05-30,350504,712,250,139859,962,490363,1412.28571428571
"856",2022-05-31,352151,1647,691,140550,2338,492701,1461.57142857143
"857",2022-06-01,353580,1429,556,141106,1985,494686,1472.71428571429
"858",2022-06-02,354783,1203,488,141594,1691,496377,1481
"859",2022-06-03,355928,1145,382,141976,1527,497904,1495.28571428571
"860",2022-06-04,356787,859,285,142261,1144,499048,1519.28571428571
"861",2022-06-05,357571,784,315,142576,1099,500147,1535.14285714286
"862",2022-06-06,358993,1422,519,143095,1941,502088,1675
"863",2022-06-07,360257,1264,480,143575,1744,503832,1590.14285714286
"864",2022-06-08,361457,1200,422,143997,1622,505454,1538.28571428571
"865",2022-06-09,362530,1073,395,144392,1468,506922,1506.42857142857
"866",2022-06-10,363586,1056,388,144780,1444,508366,1494.57142857143
"867",2022-06-11,364285,699,254,145034,953,509319,1467.28571428571
"868",2022-06-12,364938,653,226,145260,879,510198,1435.85714285714
"869",2022-06-13,366044,1106,471,145731,1577,511775,1383.85714285714
"870",2022-06-14,367161,1117,430,146161,1547,513322,1355.71428571429
"871",2022-06-15,368281,1120,383,146544,1503,514825,1338.71428571429
"872",2022-06-16,369250,969,403,146947,1372,516197,1325
"873",2022-06-17,370215,965,362,147309,1327,517524,1308.28571428571
"874",2022-06-18,370972,757,300,147609,1057,518581,1323.14285714286
"875",2022-06-19,371639,667,266,147875,933,519514,1330.85714285714
"876",2022-06-20,372784,1145,454,148329,1599,521113,1334
"877",2022-06-21,374066,1282,513,148842,1795,522908,1369.42857142857
"878",2022-06-22,375248,1182,489,149331,1671,524579,1393.42857142857
"879",2022-06-23,376358,1110,403,149734,1513,526092,1413.57142857143
"880",2022-06-24,377386,1028,352,150086,1380,527472,1421.14285714286
"881",2022-06-25,378165,779,329,150415,1108,528580,1428.42857142857
"882",2022-06-26,378900,735,273,150688,1008,529588,1439.14285714286
"883",2022-06-27,380233,1333,496,151184,1829,531417,1472
"884",2022-06-28,381754,1521,463,151647,1984,533401,1499
"885",2022-06-29,382974,1220,438,152085,1658,535059,1497.14285714286
"886",2022-06-30,384039,1065,359,152444,1424,536483,1484.42857142857
"887",2022-07-01,385075,1036,353,152797,1389,537872,1485.71428571429
"888",2022-07-02,385737,662,242,153039,904,538776,1456.57142857143
"889",2022-07-03,386387,650,228,153267,878,539654,1438
"890",2022-07-04,386913,526,243,153510,769,540423,1286.57142857143
"891",2022-07-05,388463,1550,408,153918,1958,542381,1282.85714285714
"892",2022-07-06,389645,1182,380,154298,1562,543943,1269.14285714286
"893",2022-07-07,390770,1125,71,154369,1196,545139,1236.57142857143
"894",2022-07-08,391721,951,0,154369,951,546090,1174
"895",2022-07-09,392284,563,0,154369,563,546653,1125.28571428571
"896",2022-07-10,392381,97,0,154369,97,546750,1013.71428571429
