"","date","total_cases_scc","new_cases_scc","new_cases_smc","total_cases_smc","new_cases","total_cases","new_cases_mov7"
"1",2020-01-27,1,1,0,0,1,1,1
"2",2020-01-28,2,1,0,0,1,2,1
"3",2020-01-29,3,1,0,0,1,3,1
"4",2020-01-30,4,1,0,0,1,4,1
"5",2020-01-31,6,2,0,0,2,6,1.2
"6",2020-02-01,6,0,0,0,0,6,1
"7",2020-02-02,6,0,0,0,0,6,0.857142857142857
"8",2020-02-03,6,0,0,0,0,6,0.714285714285714
"9",2020-02-04,6,0,0,0,0,6,0.571428571428571
"10",2020-02-05,6,0,0,0,0,6,0.428571428571429
"11",2020-02-06,6,0,0,0,0,6,0.285714285714286
"12",2020-02-07,6,0,0,0,0,6,0
"13",2020-02-08,6,0,0,0,0,6,0
"14",2020-02-09,6,0,0,0,0,6,0
"15",2020-02-10,6,0,0,0,0,6,0
"16",2020-02-11,6,0,0,0,0,6,0
"17",2020-02-12,6,0,0,0,0,6,0
"18",2020-02-13,6,0,0,0,0,6,0
"19",2020-02-14,6,0,0,0,0,6,0
"20",2020-02-15,6,0,0,0,0,6,0
"21",2020-02-16,6,0,0,0,0,6,0
"22",2020-02-17,7,1,0,0,1,7,0.142857142857143
"23",2020-02-18,7,0,0,0,0,7,0.142857142857143
"24",2020-02-19,7,0,0,0,0,7,0.142857142857143
"25",2020-02-20,8,1,10,10,11,18,1.71428571428571
"26",2020-02-21,9,1,1,11,2,20,2
"27",2020-02-22,9,0,0,11,0,20,2
"28",2020-02-23,9,0,1,12,1,21,2.14285714285714
"29",2020-02-24,9,0,3,15,3,24,2.42857142857143
"30",2020-02-25,9,0,4,19,4,28,3
"31",2020-02-26,11,2,2,21,4,32,3.57142857142857
"32",2020-02-27,11,0,2,23,2,34,2.28571428571429
"33",2020-02-28,13,2,4,27,6,40,2.85714285714286
"34",2020-02-29,17,4,5,32,9,49,4.14285714285714
"35",2020-03-01,17,0,7,39,7,56,5
"36",2020-03-02,22,5,8,47,13,69,6.42857142857143
"37",2020-03-03,24,2,8,55,10,79,7.28571428571429
"38",2020-03-04,29,5,7,62,12,91,8.42857142857143
"39",2020-03-05,36,7,4,66,11,102,9.71428571428571
"40",2020-03-06,46,10,14,80,24,126,12.2857142857143
"41",2020-03-07,54,8,8,88,16,142,13.2857142857143
"42",2020-03-08,58,4,10,98,14,156,14.2857142857143
"43",2020-03-09,75,17,14,112,31,187,16.8571428571429
"44",2020-03-10,91,16,13,125,29,216,19.5714285714286
"45",2020-03-11,117,26,14,139,40,256,23.5714285714286
"46",2020-03-12,140,23,16,155,39,295,27.5714285714286
"47",2020-03-13,188,48,32,187,80,375,35.5714285714286
"48",2020-03-14,231,43,19,206,62,437,42.1428571428571
"49",2020-03-15,263,32,25,231,57,494,48.2857142857143
"50",2020-03-16,300,37,33,264,70,564,53.8571428571429
"51",2020-03-17,353,53,36,300,89,653,62.4285714285714
"52",2020-03-18,398,45,27,327,72,725,67
"53",2020-03-19,444,46,22,349,68,793,71.1428571428571
"54",2020-03-20,508,64,31,380,95,888,73.2857142857143
"55",2020-03-21,544,36,30,410,66,954,73.8571428571429
"56",2020-03-22,585,41,36,446,77,1031,76.7142857142857
"57",2020-03-23,664,79,29,475,108,1139,82.1428571428571
"58",2020-03-24,736,72,37,512,109,1248,85
"59",2020-03-25,814,78,38,550,116,1364,91.2857142857143
"60",2020-03-26,889,75,37,587,112,1476,97.5714285714286
"61",2020-03-27,956,67,35,622,102,1578,98.5714285714286
"62",2020-03-28,996,40,28,650,68,1646,98.8571428571429
"63",2020-03-29,1020,24,19,669,43,1689,94
"64",2020-03-30,1098,78,25,694,103,1792,93.2857142857143
"65",2020-03-31,1149,51,22,716,73,1865,88.1428571428571
"66",2020-04-01,1199,50,18,734,68,1933,81.2857142857143
"67",2020-04-02,1252,53,18,752,71,2004,75.4285714285714
"68",2020-04-03,1295,43,21,773,64,2068,70
"69",2020-04-04,1328,33,16,789,49,2117,67.2857142857143
"70",2020-04-05,1371,43,12,801,55,2172,69
"71",2020-04-06,1424,53,22,823,75,2247,65
"72",2020-04-07,1465,41,20,843,61,2308,63.2857142857143
"73",2020-04-08,1537,72,19,862,91,2399,66.5714285714286
"74",2020-04-09,1605,68,13,875,81,2480,68
"75",2020-04-10,1687,82,16,891,98,2578,72.8571428571429
"76",2020-04-11,1728,41,15,906,56,2634,73.8571428571429
"77",2020-04-12,1752,24,11,917,35,2669,71
"78",2020-04-13,1793,41,26,943,67,2736,69.8571428571429
"79",2020-04-14,1837,44,40,983,84,2820,73.1428571428571
"80",2020-04-15,1869,32,36,1019,68,2888,69.8571428571429
"81",2020-04-16,1896,27,49,1068,76,2964,69.1428571428571
"82",2020-04-17,1938,42,28,1096,70,3034,65.1428571428571
"83",2020-04-18,1953,15,16,1112,31,3065,61.5714285714286
"84",2020-04-19,1967,14,21,1133,35,3100,61.5714285714286
"85",2020-04-20,1992,25,38,1171,63,3163,61
"86",2020-04-21,2018,26,23,1194,49,3212,56
"87",2020-04-22,2067,49,42,1236,91,3303,59.2857142857143
"88",2020-04-23,2087,20,23,1259,43,3346,54.5714285714286
"89",2020-04-24,2117,30,38,1297,68,3414,54.2857142857143
"90",2020-04-25,2131,14,20,1317,34,3448,54.7142857142857
"91",2020-04-26,2142,11,18,1335,29,3477,53.8571428571429
"92",2020-04-27,2166,24,26,1361,50,3527,52
"93",2020-04-28,2188,22,21,1382,43,3570,51.1428571428571
"94",2020-04-29,2216,28,13,1395,41,3611,44
"95",2020-04-30,2227,11,27,1422,38,3649,43.2857142857143
"96",2020-05-01,2248,21,29,1451,50,3699,40.7142857142857
"97",2020-05-02,2260,12,17,1468,29,3728,40
"98",2020-05-03,2268,8,16,1484,24,3752,39.2857142857143
"99",2020-05-04,2287,19,27,1511,46,3798,38.7142857142857
"100",2020-05-05,2300,13,27,1538,40,3838,38.2857142857143
"101",2020-05-06,2328,28,28,1566,56,3894,40.4285714285714
"102",2020-05-07,2340,12,27,1593,39,3933,40.5714285714286
"103",2020-05-08,2364,24,20,1613,44,3977,39.7142857142857
"104",2020-05-09,2375,11,16,1629,27,4004,39.4285714285714
"105",2020-05-10,2378,3,19,1648,22,4026,39.1428571428571
"106",2020-05-11,2398,20,23,1671,43,4069,38.7142857142857
"107",2020-05-12,2413,15,29,1700,44,4113,39.2857142857143
"108",2020-05-13,2433,20,28,1728,48,4161,38.1428571428571
"109",2020-05-14,2457,24,32,1760,56,4217,40.5714285714286
"110",2020-05-15,2472,15,47,1807,62,4279,43.1428571428571
"111",2020-05-16,2487,15,23,1830,38,4317,44.7142857142857
"112",2020-05-17,2494,7,21,1851,28,4345,45.5714285714286
"113",2020-05-18,2533,39,41,1892,80,4425,50.8571428571429
"114",2020-05-19,2577,44,40,1932,84,4509,56.5714285714286
"115",2020-05-20,2613,36,41,1973,77,4586,60.7142857142857
"116",2020-05-21,2634,21,73,2046,94,4680,66.1428571428571
"117",2020-05-22,2661,27,33,2079,60,4740,65.8571428571429
"118",2020-05-23,2678,17,18,2097,35,4775,65.4285714285714
"119",2020-05-24,2680,2,31,2128,33,4808,66.1428571428571
"120",2020-05-25,2687,7,35,2163,42,4850,60.7142857142857
"121",2020-05-26,2719,32,39,2202,71,4921,58.8571428571429
"122",2020-05-27,2758,39,38,2240,77,4998,58.8571428571429
"123",2020-05-28,2781,23,39,2279,62,5060,54.2857142857143
"124",2020-05-29,2825,44,31,2310,75,5135,56.4285714285714
"125",2020-05-30,2841,16,20,2330,36,5171,56.5714285714286
"126",2020-05-31,2851,10,25,2355,35,5206,56.8571428571429
"127",2020-06-01,2885,34,53,2408,87,5293,63.2857142857143
"128",2020-06-02,2910,25,46,2454,71,5364,63.2857142857143
"129",2020-06-03,2953,43,36,2490,79,5443,63.5714285714286
"130",2020-06-04,2990,37,27,2517,64,5507,63.8571428571429
"131",2020-06-05,3026,36,25,2542,61,5568,61.8571428571429
"132",2020-06-06,3039,13,24,2566,37,5605,62
"133",2020-06-07,3057,18,13,2579,31,5636,61.4285714285714
"134",2020-06-08,3095,38,32,2611,70,5706,59
"135",2020-06-09,3142,47,31,2642,78,5784,60
"136",2020-06-10,3205,63,32,2674,95,5879,62.2857142857143
"137",2020-06-11,3255,50,39,2713,89,5968,65.8571428571429
"138",2020-06-12,3313,58,37,2750,95,6063,70.7142857142857
"139",2020-06-13,3334,21,36,2786,57,6120,73.5714285714286
"140",2020-06-14,3347,13,21,2807,34,6154,74
"141",2020-06-15,3408,61,60,2867,121,6275,81.2857142857143
"142",2020-06-16,3503,95,44,2911,139,6414,90
"143",2020-06-17,3597,94,54,2965,148,6562,97.5714285714286
"144",2020-06-18,3699,102,46,3011,148,6710,106
"145",2020-06-19,3809,110,40,3051,150,6860,113.857142857143
"146",2020-06-20,3859,50,39,3090,89,6949,118.428571428571
"147",2020-06-21,3896,37,49,3139,86,7035,125.857142857143
"148",2020-06-22,4002,106,61,3200,167,7202,132.428571428571
"149",2020-06-23,4192,190,76,3276,266,7468,150.571428571429
"150",2020-06-24,4338,146,68,3344,214,7682,160
"151",2020-06-25,4476,138,59,3403,197,7879,167
"152",2020-06-26,4611,135,70,3473,205,8084,174.857142857143
"153",2020-06-27,4722,111,52,3525,163,8247,185.428571428571
"154",2020-06-28,4782,60,56,3581,116,8363,189.714285714286
"155",2020-06-29,4925,143,74,3655,217,8580,196.857142857143
"156",2020-06-30,5114,189,59,3714,248,8828,194.285714285714
"157",2020-07-01,5298,184,80,3794,264,9092,201.428571428571
"158",2020-07-02,5483,185,64,3858,249,9341,208.857142857143
"159",2020-07-03,5563,80,79,3937,159,9500,202.285714285714
"160",2020-07-04,5607,44,58,3995,102,9602,193.571428571429
"161",2020-07-05,5704,97,63,4058,160,9762,199.857142857143
"162",2020-07-06,5958,254,108,4166,362,10124,220.571428571429
"163",2020-07-07,6249,291,87,4253,378,10502,239.142857142857
"164",2020-07-08,6537,288,115,4368,403,10905,259
"165",2020-07-09,6819,282,118,4486,400,11305,280.571428571429
"166",2020-07-10,7063,244,129,4615,373,11678,311.142857142857
"167",2020-07-11,7245,182,65,4680,247,11925,331.857142857143
"168",2020-07-12,7364,119,73,4753,192,12117,336.428571428571
"169",2020-07-13,7570,206,120,4873,326,12443,331.285714285714
"170",2020-07-14,7924,354,133,5006,487,12930,346.857142857143
"171",2020-07-15,8310,386,91,5097,477,13407,357.428571428571
"172",2020-07-16,8650,340,115,5212,455,13862,365.285714285714
"173",2020-07-17,8949,299,111,5323,410,14272,370.571428571429
"174",2020-07-18,9119,170,94,5417,264,14536,373
"175",2020-07-19,9207,88,59,5476,147,14683,366.571428571429
"176",2020-07-20,9422,215,104,5580,319,15002,365.571428571429
"177",2020-07-21,9734,312,106,5686,418,15420,355.714285714286
"178",2020-07-22,10035,301,86,5772,387,15807,342.857142857143
"179",2020-07-23,10317,282,81,5853,363,16170,329.714285714286
"180",2020-07-24,10564,247,100,5953,347,16517,320.714285714286
"181",2020-07-25,10691,127,61,6014,188,16705,309.857142857143
"182",2020-07-26,10777,86,63,6077,149,16854,310.142857142857
"183",2020-07-27,10953,176,102,6179,278,17132,304.285714285714
"184",2020-07-28,11251,298,99,6278,397,17529,301.285714285714
"185",2020-07-29,11524,273,68,6346,341,17870,294.714285714286
"186",2020-07-30,11766,242,90,6436,332,18202,290.285714285714
"187",2020-07-31,12028,262,99,6535,361,18563,292.285714285714
"188",2020-08-01,12201,173,72,6607,245,18808,300.428571428571
"189",2020-08-02,12285,84,54,6661,138,18946,298.857142857143
"190",2020-08-03,12456,171,113,6774,284,19230,299.714285714286
"191",2020-08-04,12758,302,82,6856,384,19614,297.857142857143
"192",2020-08-05,13091,333,113,6969,446,20060,312.857142857143
"193",2020-08-06,13337,246,99,7068,345,20405,314.714285714286
"194",2020-08-07,13597,260,98,7166,358,20763,314.285714285714
"195",2020-08-08,13804,207,63,7229,270,21033,317.857142857143
"196",2020-08-09,13915,111,56,7285,167,21200,322
"197",2020-08-10,14139,224,98,7383,322,21522,327.428571428571
"198",2020-08-11,14471,332,83,7466,415,21937,331.857142857143
"199",2020-08-12,14755,284,79,7545,363,22300,320
"200",2020-08-13,14998,243,79,7624,322,22622,316.714285714286
"201",2020-08-14,15253,255,56,7680,311,22933,310
"202",2020-08-15,15409,156,58,7738,214,23147,302
"203",2020-08-16,15480,71,39,7777,110,23257,293.857142857143
"204",2020-08-17,15666,186,76,7853,262,23519,285.285714285714
"205",2020-08-18,15933,267,57,7910,324,23843,272.285714285714
"206",2020-08-19,16105,172,61,7971,233,24076,253.714285714286
"207",2020-08-20,16267,162,69,8040,231,24307,240.714285714286
"208",2020-08-21,16434,167,62,8102,229,24536,229
"209",2020-08-22,16573,139,60,8162,199,24735,226.857142857143
"210",2020-08-23,16633,60,47,8209,107,24842,226.428571428571
"211",2020-08-24,16788,155,96,8305,251,25093,224.857142857143
"212",2020-08-25,17077,289,67,8372,356,25449,229.428571428571
"213",2020-08-26,17305,228,60,8432,288,25737,237.285714285714
"214",2020-08-27,17504,199,67,8499,266,26003,242.285714285714
"215",2020-08-28,17695,191,106,8605,297,26300,252
"216",2020-08-29,17835,140,47,8652,187,26487,250.285714285714
"217",2020-08-30,17891,56,41,8693,97,26584,248.857142857143
"218",2020-08-31,18039,148,80,8773,228,26812,245.571428571429
"219",2020-09-01,18272,233,67,8840,300,27112,237.571428571429
"220",2020-09-02,18502,230,80,8920,310,27422,240.714285714286
"221",2020-09-03,18671,169,63,8983,232,27654,235.857142857143
"222",2020-09-04,18848,177,76,9059,253,27907,229.571428571429
"223",2020-09-05,18938,90,48,9107,138,28045,222.571428571429
"224",2020-09-06,18983,45,46,9153,91,28136,221.714285714286
"225",2020-09-07,19024,41,55,9208,96,28232,202.857142857143
"226",2020-09-08,19215,191,77,9285,268,28500,198.285714285714
"227",2020-09-09,19422,207,76,9361,283,28783,194.428571428571
"228",2020-09-10,19567,145,61,9422,206,28989,190.714285714286
"229",2020-09-11,19699,132,47,9469,179,29168,180.142857142857
"230",2020-09-12,19784,85,42,9511,127,29295,178.571428571429
"231",2020-09-13,19817,33,40,9551,73,29368,176
"232",2020-09-14,19941,124,62,9613,186,29554,188.857142857143
"233",2020-09-15,20166,225,62,9675,287,29841,191.571428571429
"234",2020-09-16,20316,150,69,9744,219,30060,182.428571428571
"235",2020-09-17,20492,176,64,9808,240,30300,187.285714285714
"236",2020-09-18,20622,130,45,9853,175,30475,186.714285714286
"237",2020-09-19,20693,71,38,9891,109,30584,184.142857142857
"238",2020-09-20,20735,42,31,9922,73,30657,184.142857142857
"239",2020-09-21,20858,123,68,9990,191,30848,184.857142857143
"240",2020-09-22,21004,146,53,10043,199,31047,172.285714285714
"241",2020-09-23,21142,138,38,10081,176,31223,166.142857142857
"242",2020-09-24,21258,116,38,10119,154,31377,153.857142857143
"243",2020-09-25,21362,104,48,10167,152,31529,150.571428571429
"244",2020-09-26,21414,52,40,10207,92,31621,148.142857142857
"245",2020-09-27,21454,40,33,10240,73,31694,148.142857142857
"246",2020-09-28,21551,97,72,10312,169,31863,145
"247",2020-09-29,21695,144,46,10358,190,32053,143.714285714286
"248",2020-09-30,21813,118,48,10406,166,32219,142.285714285714
"249",2020-10-01,21935,122,42,10448,164,32383,143.714285714286
"250",2020-10-02,22056,121,48,10496,169,32552,146.142857142857
"251",2020-10-03,22121,65,42,10538,107,32659,148.285714285714
"252",2020-10-04,22164,43,27,10565,70,32729,147.857142857143
"253",2020-10-05,22249,85,60,10625,145,32874,144.428571428571
"254",2020-10-06,22398,149,28,10653,177,33051,142.571428571429
"255",2020-10-07,22528,130,30,10683,160,33211,141.714285714286
"256",2020-10-08,22655,127,43,10726,170,33381,142.571428571429
"257",2020-10-09,22768,113,32,10758,145,33526,139.142857142857
"258",2020-10-10,22856,88,29,10787,117,33643,140.571428571429
"259",2020-10-11,22900,44,34,10821,78,33721,141.714285714286
"260",2020-10-12,23035,135,34,10855,169,33890,145.142857142857
"261",2020-10-13,23185,150,48,10903,198,34088,148.142857142857
"262",2020-10-14,23329,144,43,10946,187,34275,152
"263",2020-10-15,23489,160,51,10997,211,34486,157.857142857143
"264",2020-10-16,23599,110,41,11038,151,34637,158.714285714286
"265",2020-10-17,23665,66,27,11065,93,34730,155.285714285714
"266",2020-10-18,23705,40,28,11093,68,34798,153.857142857143
"267",2020-10-19,23845,140,60,11153,200,34998,158.285714285714
"268",2020-10-20,24045,200,49,11202,249,35247,165.571428571429
"269",2020-10-21,24192,147,46,11248,193,35440,166.428571428571
"270",2020-10-22,24325,133,47,11295,180,35620,162
"271",2020-10-23,24470,145,56,11351,201,35821,169.142857142857
"272",2020-10-24,24539,69,49,11400,118,35939,172.714285714286
"273",2020-10-25,24595,56,39,11439,95,36034,176.571428571429
"274",2020-10-26,24753,158,51,11490,209,36243,177.857142857143
"275",2020-10-27,24953,200,42,11532,242,36485,176.857142857143
"276",2020-10-28,25122,169,46,11578,215,36700,180
"277",2020-10-29,25265,143,66,11644,209,36909,184.142857142857
"278",2020-10-30,25412,147,48,11692,195,37104,183.285714285714
"279",2020-10-31,25510,98,61,11753,159,37263,189.142857142857
"280",2020-11-01,25565,55,53,11806,108,37371,191
"281",2020-11-02,25785,220,80,11886,300,37671,204
"282",2020-11-03,26065,280,112,11998,392,38063,225.428571428571
"283",2020-11-04,26365,300,94,12092,394,38457,251
"284",2020-11-05,26629,264,98,12190,362,38819,272.857142857143
"285",2020-11-06,26887,258,98,12288,356,39175,295.857142857143
"286",2020-11-07,27098,211,77,12365,288,39463,314.285714285714
"287",2020-11-08,27184,86,62,12427,148,39611,320
"288",2020-11-09,27481,297,127,12554,424,40035,337.714285714286
"289",2020-11-10,27911,430,111,12665,541,40576,359
"290",2020-11-11,28257,346,102,12767,448,41024,366.714285714286
"291",2020-11-12,28702,445,115,12882,560,41584,395
"292",2020-11-13,29081,379,120,13002,499,42083,415.428571428571
"293",2020-11-14,29346,265,89,13091,354,42437,424.857142857143
"294",2020-11-15,29464,118,102,13193,220,42657,435.142857142857
"295",2020-11-16,29780,316,181,13374,497,43154,445.571428571429
"296",2020-11-17,30348,568,163,13537,731,43885,472.714285714286
"297",2020-11-18,30926,578,164,13701,742,44627,514.714285714286
"298",2020-11-19,31439,513,152,13853,665,45292,529.714285714286
"299",2020-11-20,31992,553,133,13986,686,45978,556.428571428571
"300",2020-11-21,32336,344,132,14118,476,46454,573.857142857143
"301",2020-11-22,32609,273,101,14219,374,46828,595.857142857143
"302",2020-11-23,33243,634,200,14419,834,47662,644
"303",2020-11-24,33934,691,197,14616,888,48550,666.428571428571
"304",2020-11-25,34778,844,197,14813,1041,49591,709.142857142857
"305",2020-11-26,34930,152,120,14933,272,49863,653
"306",2020-11-27,35459,529,185,15118,714,50577,657
"307",2020-11-28,36018,559,197,15315,756,51333,697
"308",2020-11-29,36533,515,187,15502,702,52035,743.857142857143
"309",2020-11-30,37475,942,334,15836,1276,53311,807
"310",2020-12-01,38779,1304,355,16191,1659,54970,917.142857142857
"311",2020-12-02,40139,1360,327,16518,1687,56657,1009.42857142857
"312",2020-12-03,41381,1242,353,16871,1595,58252,1198.42857142857
"313",2020-12-04,42611,1230,351,17222,1581,59833,1322.28571428571
"314",2020-12-05,43430,819,292,17514,1111,60944,1373
"315",2020-12-06,43927,497,245,17759,742,61686,1378.71428571429
"316",2020-12-07,45214,1287,502,18261,1789,63475,1452
"317",2020-12-08,46775,1561,439,18700,2000,65475,1500.71428571429
"318",2020-12-09,48317,1542,392,19092,1934,67409,1536
"319",2020-12-10,49656,1339,440,19532,1779,69188,1562.28571428571
"320",2020-12-11,50771,1115,447,19979,1562,70750,1559.57142857143
"321",2020-12-12,51595,824,272,20251,1096,71846,1557.42857142857
"322",2020-12-13,52361,766,209,20460,975,72821,1590.71428571429
"323",2020-12-14,53628,1267,477,20937,1744,74565,1584.28571428571
"324",2020-12-15,55496,1868,481,21418,2349,76914,1634.14285714286
"325",2020-12-16,57179,1683,390,21808,2073,78987,1654
"326",2020-12-17,58713,1534,353,22161,1887,80874,1669.42857142857
"327",2020-12-18,59926,1213,357,22518,1570,82444,1670.57142857143
"328",2020-12-19,60699,773,305,22823,1078,83522,1668
"329",2020-12-20,61305,606,211,23034,817,84339,1645.42857142857
"330",2020-12-21,62847,1542,422,23456,1964,86303,1676.85714285714
"331",2020-12-22,64319,1472,399,23855,1871,88174,1608.57142857143
"332",2020-12-23,65782,1463,328,24183,1791,89965,1568.28571428571
"333",2020-12-24,66546,764,318,24501,1082,91047,1453.28571428571
"334",2020-12-25,66762,216,187,24688,403,91450,1286.57142857143
"335",2020-12-26,67773,1011,315,25003,1326,92776,1322
"336",2020-12-27,68588,815,329,25332,1144,93920,1368.71428571429
"337",2020-12-28,70428,1840,543,25875,2383,96303,1428.57142857143
"338",2020-12-29,72261,1833,450,26325,2283,98586,1487.42857142857
"339",2020-12-30,74182,1921,445,26770,2366,100952,1569.57142857143
"340",2020-12-31,75359,1177,369,27139,1546,102498,1635.85714285714
"341",2021-01-01,75635,276,298,27437,574,103072,1660.28571428571
"342",2021-01-02,76621,986,447,27884,1433,104505,1675.57142857143
"343",2021-01-03,77541,920,337,28221,1257,105762,1691.71428571429
"344",2021-01-04,79156,1615,571,28792,2186,107948,1663.57142857143
"345",2021-01-05,81409,2253,556,29348,2809,110757,1738.71428571429
"346",2021-01-06,83226,1817,500,29848,2317,113074,1731.71428571429
"347",2021-01-07,84859,1633,427,30275,2060,115134,1805.14285714286
"348",2021-01-08,86008,1149,522,30797,1671,116805,1961.85714285714
"349",2021-01-09,86885,877,353,31150,1230,118035,1932.85714285714
"350",2021-01-10,87585,700,308,31458,1008,119043,1897.28571428571
"351",2021-01-11,88869,1284,499,31957,1783,120826,1839.71428571429
"352",2021-01-12,90359,1490,440,32397,1930,122756,1714.14285714286
"353",2021-01-13,91670,1311,399,32796,1710,124466,1627.42857142857
"354",2021-01-14,92845,1175,345,33141,1520,125986,1550.28571428571
"355",2021-01-15,93856,1011,369,33510,1380,127366,1508.71428571429
"356",2021-01-16,94487,631,243,33753,874,128240,1457.85714285714
"357",2021-01-17,94955,468,172,33925,640,128880,1405.28571428571
"358",2021-01-18,95701,746,254,34179,1000,129880,1293.42857142857
"359",2021-01-19,96728,1027,306,34485,1333,131213,1208.14285714286
"360",2021-01-20,97630,902,298,34783,1200,132413,1135.28571428571
"361",2021-01-21,98415,785,229,35012,1014,133427,1063
"362",2021-01-22,99045,630,245,35257,875,134302,990.857142857143
"363",2021-01-23,99476,431,225,35482,656,134958,959.714285714286
"364",2021-01-24,99827,351,175,35657,526,135484,943.428571428571
"365",2021-01-25,100474,647,245,35902,892,136376,928
"366",2021-01-26,101023,549,236,36138,785,137161,849.714285714286
"367",2021-01-27,101561,538,202,36340,740,137901,784
"368",2021-01-28,101989,428,154,36494,582,138483,722.285714285714
"369",2021-01-29,102510,521,167,36661,688,139171,695.571428571429
"370",2021-01-30,102897,387,129,36790,516,139687,675.571428571429
"371",2021-01-31,103181,284,142,36932,426,140113,661.285714285714
"372",2021-02-01,103742,561,193,37125,754,140867,641.571428571429
"373",2021-02-02,104205,463,152,37277,615,141482,617.285714285714
"374",2021-02-03,104709,504,170,37447,674,142156,607.857142857143
"375",2021-02-04,105113,404,141,37588,545,142701,602.571428571429
"376",2021-02-05,105519,406,120,37708,526,143227,579.428571428571
"377",2021-02-06,105773,254,84,37792,338,143565,554
"378",2021-02-07,105956,183,73,37865,256,143821,529.714285714286
"379",2021-02-08,106317,361,138,38003,499,144320,493.285714285714
"380",2021-02-09,106735,418,112,38115,530,144850,481.142857142857
"381",2021-02-10,107123,388,130,38245,518,145368,458.857142857143
"382",2021-02-11,107432,309,90,38335,399,145767,438
"383",2021-02-12,107706,274,95,38430,369,146136,415.571428571429
"384",2021-02-13,107863,157,73,38503,230,146366,400.142857142857
"385",2021-02-14,108053,190,52,38555,242,146608,398.142857142857
"386",2021-02-15,108251,198,82,38637,280,146888,366.857142857143
"387",2021-02-16,108506,255,79,38716,334,147222,338.857142857143
"388",2021-02-17,108775,269,58,38774,327,147549,311.571428571429
"389",2021-02-18,109057,282,71,38845,353,147902,305
"390",2021-02-19,109300,243,66,38911,309,148211,296.428571428571
"391",2021-02-20,109482,182,58,38969,240,148451,297.857142857143
"392",2021-02-21,109654,172,40,39009,212,148663,293.571428571429
"393",2021-02-22,109922,268,64,39073,332,148995,301
"394",2021-02-23,110150,228,52,39125,280,149275,293.285714285714
"395",2021-02-24,110419,269,60,39185,329,149604,293.571428571429
"396",2021-02-25,110587,168,40,39225,208,149812,272.857142857143
"397",2021-02-26,110750,163,48,39273,211,150023,258.857142857143
"398",2021-02-27,110885,135,42,39315,177,150200,249.857142857143
"399",2021-02-28,111010,125,43,39358,168,150368,243.571428571429
"400",2021-03-01,111220,210,54,39412,264,150632,233.857142857143
"401",2021-03-02,111410,190,50,39462,240,150872,228.142857142857
"402",2021-03-03,111611,201,51,39513,252,151124,217.142857142857
"403",2021-03-04,111780,169,51,39564,220,151344,218.857142857143
"404",2021-03-05,111938,158,45,39609,203,151547,217.714285714286
"405",2021-03-06,112028,90,33,39642,123,151670,210
"406",2021-03-07,112112,84,23,39665,107,151777,201.285714285714
"407",2021-03-08,112287,175,38,39703,213,151990,194
"408",2021-03-09,112441,154,49,39752,203,152193,188.714285714286
"409",2021-03-10,112584,143,46,39798,189,152382,179.714285714286
"410",2021-03-11,112707,123,27,39825,150,152532,169.714285714286
"411",2021-03-12,112824,117,38,39863,155,152687,162.857142857143
"412",2021-03-13,112923,99,34,39897,133,152820,164.285714285714
"413",2021-03-14,112996,73,27,39924,100,152920,163.285714285714
"414",2021-03-15,113141,145,39,39963,184,153104,159.142857142857
"415",2021-03-16,113262,121,53,40016,174,153278,155
"416",2021-03-17,113419,157,34,40050,191,153469,155.285714285714
"417",2021-03-18,113528,109,31,40081,140,153609,153.857142857143
"418",2021-03-19,113647,119,40,40121,159,153768,154.428571428571
"419",2021-03-20,113716,69,24,40145,93,153861,148.714285714286
"420",2021-03-21,113795,79,32,40177,111,153972,150.285714285714
"421",2021-03-22,113909,114,44,40221,158,154130,146.571428571429
"422",2021-03-23,114032,123,50,40271,173,154303,146.428571428571
"423",2021-03-24,114159,127,58,40329,185,154488,145.571428571429
"424",2021-03-25,114299,140,49,40378,189,154677,152.571428571429
"425",2021-03-26,114428,129,40,40418,169,154846,154
"426",2021-03-27,114498,70,35,40453,105,154951,155.714285714286
"427",2021-03-28,114565,67,25,40478,92,155043,153
"428",2021-03-29,114686,121,44,40522,165,155208,154
"429",2021-03-30,114784,98,41,40563,139,155347,149.142857142857
"430",2021-03-31,114928,144,44,40607,188,155535,149.571428571429
"431",2021-04-01,115054,126,28,40635,154,155689,144.571428571429
"432",2021-04-02,115157,103,41,40676,144,155833,141
"433",2021-04-03,115231,74,43,40719,117,155950,142.714285714286
"434",2021-04-04,115288,57,21,40740,78,156028,140.714285714286
"435",2021-04-05,115489,201,38,40778,239,156267,151.285714285714
"436",2021-04-06,115658,169,36,40814,205,156472,160.714285714286
"437",2021-04-07,115826,168,45,40859,213,156685,164.285714285714
"438",2021-04-08,115991,165,25,40884,190,156875,169.428571428571
"439",2021-04-09,116126,135,32,40916,167,157042,172.714285714286
"440",2021-04-10,116231,105,27,40943,132,157174,174.857142857143
"441",2021-04-11,116298,67,17,40960,84,157258,175.714285714286
"442",2021-04-12,116444,146,34,40994,180,157438,167.285714285714
"443",2021-04-13,116565,121,22,41016,143,157581,158.428571428571
"444",2021-04-14,116716,151,0,41016,151,157732,149.571428571429
"445",2021-04-15,116849,133,0,41016,133,157865,141.428571428571
"446",2021-04-16,116896,47,0,41016,47,157912,124.285714285714
"447",2021-04-17,116898,2,0,41016,2,157914,105.714285714286
