"","date","total_cases_scc","new_cases_scc","new_cases_smc","total_cases_smc","new_cases","total_cases","new_cases_mov7"
"1",2020-01-27,1,1,0,0,1,1,1
"2",2020-01-28,2,1,0,0,1,2,1
"3",2020-01-29,3,1,0,0,1,3,1
"4",2020-01-30,4,1,0,0,1,4,1
"5",2020-01-31,6,2,0,0,2,6,1.2
"6",2020-02-01,6,0,0,0,0,6,1
"7",2020-02-02,6,0,0,0,0,6,0.857142857142857
"8",2020-02-03,6,0,0,0,0,6,0.714285714285714
"9",2020-02-04,6,0,0,0,0,6,0.571428571428571
"10",2020-02-05,6,0,0,0,0,6,0.428571428571429
"11",2020-02-06,6,0,0,0,0,6,0.285714285714286
"12",2020-02-07,6,0,0,0,0,6,0
"13",2020-02-08,6,0,0,0,0,6,0
"14",2020-02-09,6,0,0,0,0,6,0
"15",2020-02-10,6,0,0,0,0,6,0
"16",2020-02-11,6,0,0,0,0,6,0
"17",2020-02-12,6,0,0,0,0,6,0
"18",2020-02-13,6,0,0,0,0,6,0
"19",2020-02-14,6,0,0,0,0,6,0
"20",2020-02-15,6,0,0,0,0,6,0
"21",2020-02-16,6,0,0,0,0,6,0
"22",2020-02-17,7,1,0,0,1,7,0.142857142857143
"23",2020-02-18,7,0,0,0,0,7,0.142857142857143
"24",2020-02-19,7,0,0,0,0,7,0.142857142857143
"25",2020-02-20,8,1,11,11,12,19,1.85714285714286
"26",2020-02-21,8,0,2,13,2,21,2.14285714285714
"27",2020-02-22,8,0,0,13,0,21,2.14285714285714
"28",2020-02-23,8,0,2,15,2,23,2.42857142857143
"29",2020-02-24,8,0,3,18,3,26,2.71428571428571
"30",2020-02-25,8,0,4,22,4,30,3.28571428571429
"31",2020-02-26,10,2,1,23,3,33,3.71428571428571
"32",2020-02-27,10,0,2,25,2,35,2.28571428571429
"33",2020-02-28,12,2,4,29,6,41,2.85714285714286
"34",2020-02-29,16,4,5,34,9,50,4.14285714285714
"35",2020-03-01,16,0,8,42,8,58,5
"36",2020-03-02,21,5,8,50,13,71,6.42857142857143
"37",2020-03-03,23,2,9,59,11,82,7.42857142857143
"38",2020-03-04,28,5,7,66,12,94,8.71428571428571
"39",2020-03-05,35,7,4,70,11,105,10
"40",2020-03-06,45,10,14,84,24,129,12.5714285714286
"41",2020-03-07,53,8,8,92,16,145,13.5714285714286
"42",2020-03-08,57,4,10,102,14,159,14.4285714285714
"43",2020-03-09,74,17,14,116,31,190,17
"44",2020-03-10,89,15,13,129,28,218,19.4285714285714
"45",2020-03-11,115,26,14,143,40,258,23.4285714285714
"46",2020-03-12,138,23,16,159,39,297,27.4285714285714
"47",2020-03-13,186,48,33,192,81,378,35.5714285714286
"48",2020-03-14,229,43,19,211,62,440,42.1428571428571
"49",2020-03-15,261,32,25,236,57,497,48.2857142857143
"50",2020-03-16,298,37,33,269,70,567,53.8571428571429
"51",2020-03-17,349,51,36,305,87,654,62.2857142857143
"52",2020-03-18,391,42,26,331,68,722,66.2857142857143
"53",2020-03-19,434,43,21,352,64,786,69.8571428571429
"54",2020-03-20,497,63,33,385,96,882,72
"55",2020-03-21,533,36,30,415,66,948,72.5714285714286
"56",2020-03-22,575,42,37,452,79,1027,75.7142857142857
"57",2020-03-23,653,78,29,481,107,1134,81
"58",2020-03-24,723,70,38,519,108,1242,84
"59",2020-03-25,802,79,38,557,117,1359,91
"60",2020-03-26,875,73,37,594,110,1469,97.5714285714286
"61",2020-03-27,941,66,34,628,100,1569,98.1428571428571
"62",2020-03-28,981,40,27,655,67,1636,98.2857142857143
"63",2020-03-29,1006,25,19,674,44,1680,93.2857142857143
"64",2020-03-30,1080,74,25,699,99,1779,92.1428571428571
"65",2020-03-31,1132,52,23,722,75,1854,87.4285714285714
"66",2020-04-01,1182,50,18,740,68,1922,80.4285714285714
"67",2020-04-02,1234,52,18,758,70,1992,74.7142857142857
"68",2020-04-03,1277,43,20,778,63,2055,69.4285714285714
"69",2020-04-04,1309,32,16,794,48,2103,66.7142857142857
"70",2020-04-05,1351,42,12,806,54,2157,68.1428571428571
"71",2020-04-06,1404,53,21,827,74,2231,64.5714285714286
"72",2020-04-07,1445,41,20,847,61,2292,62.5714285714286
"73",2020-04-08,1515,70,19,866,89,2381,65.5714285714286
"74",2020-04-09,1583,68,13,879,81,2462,67.1428571428571
"75",2020-04-10,1664,81,16,895,97,2559,72
"76",2020-04-11,1705,41,15,910,56,2615,73.1428571428571
"77",2020-04-12,1729,24,11,921,35,2650,70.4285714285714
"78",2020-04-13,1769,40,26,947,66,2716,69.2857142857143
"79",2020-04-14,1813,44,40,987,84,2800,72.5714285714286
"80",2020-04-15,1844,31,36,1023,67,2867,69.4285714285714
"81",2020-04-16,1870,26,48,1071,74,2941,68.4285714285714
"82",2020-04-17,1910,40,28,1099,68,3009,64.2857142857143
"83",2020-04-18,1925,15,16,1115,31,3040,60.7142857142857
"84",2020-04-19,1939,14,21,1136,35,3075,60.7142857142857
"85",2020-04-20,1964,25,38,1174,63,3138,60.2857142857143
"86",2020-04-21,1990,26,23,1197,49,3187,55.2857142857143
"87",2020-04-22,2039,49,43,1240,92,3279,58.8571428571429
"88",2020-04-23,2059,20,22,1262,42,3321,54.2857142857143
"89",2020-04-24,2088,29,38,1300,67,3388,54.1428571428571
"90",2020-04-25,2102,14,20,1320,34,3422,54.5714285714286
"91",2020-04-26,2113,11,18,1338,29,3451,53.7142857142857
"92",2020-04-27,2137,24,26,1364,50,3501,51.8571428571429
"93",2020-04-28,2158,21,21,1385,42,3543,50.8571428571429
"94",2020-04-29,2186,28,13,1398,41,3584,43.5714285714286
"95",2020-04-30,2197,11,27,1425,38,3622,43
"96",2020-05-01,2219,22,30,1455,52,3674,40.8571428571429
"97",2020-05-02,2231,12,17,1472,29,3703,40.1428571428571
"98",2020-05-03,2239,8,16,1488,24,3727,39.4285714285714
"99",2020-05-04,2258,19,28,1516,47,3774,39
"100",2020-05-05,2271,13,22,1538,35,3809,38
"101",2020-05-06,2298,27,29,1567,56,3865,40.1428571428571
"102",2020-05-07,2311,13,26,1593,39,3904,40.2857142857143
"103",2020-05-08,2335,24,23,1616,47,3951,39.5714285714286
"104",2020-05-09,2346,11,16,1632,27,3978,39.2857142857143
"105",2020-05-10,2349,3,19,1651,22,4000,39
"106",2020-05-11,2369,20,23,1674,43,4043,38.4285714285714
"107",2020-05-12,2384,15,29,1703,44,4087,39.7142857142857
"108",2020-05-13,2404,20,28,1731,48,4135,38.5714285714286
"109",2020-05-14,2428,24,34,1765,58,4193,41.2857142857143
"110",2020-05-15,2443,15,55,1820,70,4263,44.5714285714286
"111",2020-05-16,2458,15,23,1843,38,4301,46.1428571428571
"112",2020-05-17,2465,7,17,1860,24,4325,46.4285714285714
"113",2020-05-18,2504,39,41,1901,80,4405,51.7142857142857
"114",2020-05-19,2548,44,39,1940,83,4488,57.2857142857143
"115",2020-05-20,2584,36,42,1982,78,4566,61.5714285714286
"116",2020-05-21,2605,21,70,2052,91,4657,66.2857142857143
"117",2020-05-22,2631,26,35,2087,61,4718,65
"118",2020-05-23,2648,17,19,2106,36,4754,64.7142857142857
"119",2020-05-24,2650,2,29,2135,31,4785,65.7142857142857
"120",2020-05-25,2657,7,34,2169,41,4826,60.1428571428571
"121",2020-05-26,2687,30,39,2208,69,4895,58.1428571428571
"122",2020-05-27,2726,39,38,2246,77,4972,58
"123",2020-05-28,2749,23,41,2287,64,5036,54.1428571428571
"124",2020-05-29,2793,44,31,2318,75,5111,56.1428571428571
"125",2020-05-30,2809,16,20,2338,36,5147,56.1428571428571
"126",2020-05-31,2819,10,25,2363,35,5182,56.7142857142857
"127",2020-06-01,2853,34,52,2415,86,5268,63.1428571428571
"128",2020-06-02,2878,25,46,2461,71,5339,63.4285714285714
"129",2020-06-03,2919,41,36,2497,77,5416,63.4285714285714
"130",2020-06-04,2955,36,27,2524,63,5479,63.2857142857143
"131",2020-06-05,2992,37,25,2549,62,5541,61.4285714285714
"132",2020-06-06,3005,13,25,2574,38,5579,61.7142857142857
"133",2020-06-07,3023,18,13,2587,31,5610,61.1428571428571
"134",2020-06-08,3062,39,31,2618,70,5680,58.8571428571429
"135",2020-06-09,3108,46,32,2650,78,5758,59.8571428571429
"136",2020-06-10,3171,63,31,2681,94,5852,62.2857142857143
"137",2020-06-11,3221,50,40,2721,90,5942,66.1428571428571
"138",2020-06-12,3279,58,37,2758,95,6037,70.8571428571429
"139",2020-06-13,3300,21,37,2795,58,6095,73.7142857142857
"140",2020-06-14,3313,13,21,2816,34,6129,74.1428571428571
"141",2020-06-15,3375,62,59,2875,121,6250,81.4285714285714
"142",2020-06-16,3469,94,43,2918,137,6387,89.8571428571429
"143",2020-06-17,3560,91,53,2971,144,6531,97
"144",2020-06-18,3662,102,46,3017,148,6679,105.285714285714
"145",2020-06-19,3773,111,40,3057,151,6830,113.285714285714
"146",2020-06-20,3823,50,39,3096,89,6919,117.714285714286
"147",2020-06-21,3860,37,49,3145,86,7005,125.142857142857
"148",2020-06-22,3964,104,62,3207,166,7171,131.571428571429
"149",2020-06-23,4153,189,77,3284,266,7437,150
"150",2020-06-24,4299,146,68,3352,214,7651,160
"151",2020-06-25,4432,133,56,3408,189,7840,165.857142857143
"152",2020-06-26,4569,137,70,3478,207,8047,173.857142857143
"153",2020-06-27,4680,111,50,3528,161,8208,184.142857142857
"154",2020-06-28,4740,60,56,3584,116,8324,188.428571428571
"155",2020-06-29,4884,144,76,3660,220,8544,196.142857142857
"156",2020-06-30,5073,189,59,3719,248,8792,193.571428571429
"157",2020-07-01,5258,185,80,3799,265,9057,200.857142857143
"158",2020-07-02,5442,184,66,3865,250,9307,209.571428571429
"159",2020-07-03,5520,78,79,3944,157,9464,202.428571428571
"160",2020-07-04,5564,44,58,4002,102,9566,194
"161",2020-07-05,5659,95,63,4065,158,9724,200
"162",2020-07-06,5910,251,109,4174,360,10084,220
"163",2020-07-07,6200,290,92,4266,382,10466,239.142857142857
"164",2020-07-08,6483,283,117,4383,400,10866,258.428571428571
"165",2020-07-09,6764,281,120,4503,401,11267,280
"166",2020-07-10,7008,244,125,4628,369,11636,310.285714285714
"167",2020-07-11,7189,181,65,4693,246,11882,330.857142857143
"168",2020-07-12,7308,119,70,4763,189,12071,335.285714285714
"169",2020-07-13,7513,205,120,4883,325,12396,330.285714285714
"170",2020-07-14,7864,351,132,5015,483,12879,344.714285714286
"171",2020-07-15,8245,381,95,5110,476,13355,355.571428571429
"172",2020-07-16,8584,339,114,5224,453,13808,363
"173",2020-07-17,8879,295,109,5333,404,14212,368
"174",2020-07-18,9051,172,95,5428,267,14479,371
"175",2020-07-19,9139,88,58,5486,146,14625,364.857142857143
"176",2020-07-20,9356,217,101,5587,318,14943,363.857142857143
"177",2020-07-21,9664,308,103,5690,411,15354,353.571428571429
"178",2020-07-22,9963,299,85,5775,384,15738,340.428571428571
"179",2020-07-23,10244,281,81,5856,362,16100,327.428571428571
"180",2020-07-24,10490,246,102,5958,348,16448,319.428571428571
"181",2020-07-25,10616,126,61,6019,187,16635,308
"182",2020-07-26,10702,86,63,6082,149,16784,308.428571428571
"183",2020-07-27,10878,176,102,6184,278,17062,302.714285714286
"184",2020-07-28,11176,298,100,6284,398,17460,300.857142857143
"185",2020-07-29,11447,271,69,6353,340,17800,294.571428571429
"186",2020-07-30,11687,240,91,6444,331,18131,290.142857142857
"187",2020-07-31,11946,259,97,6541,356,18487,291.285714285714
"188",2020-08-01,12119,173,73,6614,246,18733,299.714285714286
"189",2020-08-02,12203,84,54,6668,138,18871,298.142857142857
"190",2020-08-03,12373,170,113,6781,283,19154,298.857142857143
"191",2020-08-04,12675,302,82,6863,384,19538,296.857142857143
"192",2020-08-05,13008,333,114,6977,447,19985,312.142857142857
"193",2020-08-06,13254,246,97,7074,343,20328,313.857142857143
"194",2020-08-07,13512,258,98,7172,356,20684,313.857142857143
"195",2020-08-08,13718,206,63,7235,269,20953,317.142857142857
"196",2020-08-09,13826,108,55,7290,163,21116,320.714285714286
"197",2020-08-10,14047,221,98,7388,319,21435,325.857142857143
"198",2020-08-11,14376,329,81,7469,410,21845,329.571428571429
"199",2020-08-12,14660,284,78,7547,362,22207,317.428571428571
"200",2020-08-13,14902,242,78,7625,320,22527,314.142857142857
"201",2020-08-14,15155,253,57,7682,310,22837,307.571428571429
"202",2020-08-15,15311,156,58,7740,214,23051,299.714285714286
"203",2020-08-16,15382,71,38,7778,109,23160,292
"204",2020-08-17,15567,185,77,7855,262,23422,283.857142857143
"205",2020-08-18,15835,268,55,7910,323,23745,271.428571428571
"206",2020-08-19,16007,172,60,7970,232,23977,252.857142857143
"207",2020-08-20,16169,162,69,8039,231,24208,240.142857142857
"208",2020-08-21,16335,166,62,8101,228,24436,228.428571428571
"209",2020-08-22,16472,137,60,8161,197,24633,226
"210",2020-08-23,16532,60,47,8208,107,24740,225.714285714286
"211",2020-08-24,16686,154,96,8304,250,24990,224
"212",2020-08-25,16973,287,67,8371,354,25344,228.428571428571
"213",2020-08-26,17201,228,59,8430,287,25631,236.285714285714
"214",2020-08-27,17399,198,67,8497,265,25896,241.142857142857
"215",2020-08-28,17589,190,106,8603,296,26192,250.857142857143
"216",2020-08-29,17730,141,47,8650,188,26380,249.571428571429
"217",2020-08-30,17786,56,41,8691,97,26477,248.142857142857
"218",2020-08-31,17934,148,80,8771,228,26705,245
"219",2020-09-01,18168,234,68,8839,302,27007,237.571428571429
"220",2020-09-02,18399,231,81,8920,312,27319,241.142857142857
"221",2020-09-03,18567,168,63,8983,231,27550,236.285714285714
"222",2020-09-04,18744,177,78,9061,255,27805,230.428571428571
"223",2020-09-05,18834,90,48,9109,138,27943,223.285714285714
"224",2020-09-06,18879,45,46,9155,91,28034,222.428571428571
"225",2020-09-07,18920,41,55,9210,96,28130,203.571428571429
"226",2020-09-08,19112,192,76,9286,268,28398,198.714285714286
"227",2020-09-09,19319,207,76,9362,283,28681,194.571428571429
"228",2020-09-10,19463,144,61,9423,205,28886,190.857142857143
"229",2020-09-11,19595,132,46,9469,178,29064,179.857142857143
"230",2020-09-12,19678,83,42,9511,125,29189,178
"231",2020-09-13,19711,33,41,9552,74,29263,175.571428571429
"232",2020-09-14,19836,125,61,9613,186,29449,188.428571428571
"233",2020-09-15,20062,226,64,9677,290,29739,191.571428571429
"234",2020-09-16,20212,150,68,9745,218,29957,182.285714285714
"235",2020-09-17,20388,176,64,9809,240,30197,187.285714285714
"236",2020-09-18,20520,132,45,9854,177,30374,187.142857142857
"237",2020-09-19,20591,71,39,9893,110,30484,185
"238",2020-09-20,20633,42,30,9923,72,30556,184.714285714286
"239",2020-09-21,20755,122,68,9991,190,30746,185.285714285714
"240",2020-09-22,20900,145,53,10044,198,30944,172.142857142857
"241",2020-09-23,21038,138,40,10084,178,31122,166.428571428571
"242",2020-09-24,21156,118,38,10122,156,31278,154.428571428571
"243",2020-09-25,21259,103,49,10171,152,31430,150.857142857143
"244",2020-09-26,21311,52,39,10210,91,31521,148.142857142857
"245",2020-09-27,21351,40,33,10243,73,31594,148.285714285714
"246",2020-09-28,21448,97,71,10314,168,31762,145.142857142857
"247",2020-09-29,21594,146,46,10360,192,31954,144.285714285714
"248",2020-09-30,21712,118,48,10408,166,32120,142.571428571429
"249",2020-10-01,21832,120,42,10450,162,32282,143.428571428571
"250",2020-10-02,21953,121,47,10497,168,32450,145.714285714286
"251",2020-10-03,22019,66,41,10538,107,32557,148
"252",2020-10-04,22062,43,26,10564,69,32626,147.428571428571
"253",2020-10-05,22147,85,60,10624,145,32771,144.142857142857
"254",2020-10-06,22296,149,27,10651,176,32947,141.857142857143
"255",2020-10-07,22426,130,31,10682,161,33108,141.142857142857
"256",2020-10-08,22553,127,43,10725,170,33278,142.285714285714
"257",2020-10-09,22665,112,33,10758,145,33423,139
"258",2020-10-10,22752,87,29,10787,116,33539,140.285714285714
"259",2020-10-11,22796,44,36,10823,80,33619,141.857142857143
"260",2020-10-12,22930,134,32,10855,166,33785,144.857142857143
"261",2020-10-13,23080,150,49,10904,199,33984,148.142857142857
"262",2020-10-14,23223,143,43,10947,186,34170,151.714285714286
"263",2020-10-15,23383,160,51,10998,211,34381,157.571428571429
"264",2020-10-16,23494,111,40,11038,151,34532,158.428571428571
"265",2020-10-17,23560,66,26,11064,92,34624,155
"266",2020-10-18,23600,40,29,11093,69,34693,153.428571428571
"267",2020-10-19,23740,140,61,11154,201,34894,158.428571428571
"268",2020-10-20,23937,197,48,11202,245,35139,165
"269",2020-10-21,24084,147,45,11247,192,35331,165.857142857143
"270",2020-10-22,24216,132,47,11294,179,35510,161.285714285714
"271",2020-10-23,24361,145,56,11350,201,35711,168.428571428571
"272",2020-10-24,24430,69,49,11399,118,35829,172.142857142857
"273",2020-10-25,24486,56,39,11438,95,35924,175.857142857143
"274",2020-10-26,24644,158,51,11489,209,36133,177
"275",2020-10-27,24846,202,43,11532,245,36378,177
"276",2020-10-28,25015,169,47,11579,216,36594,180.428571428571
"277",2020-10-29,25158,143,68,11647,211,36805,185
"278",2020-10-30,25306,148,47,11694,195,37000,184.142857142857
"279",2020-10-31,25404,98,60,11754,158,37158,189.857142857143
"280",2020-11-01,25460,56,53,11807,109,37267,191.857142857143
"281",2020-11-02,25680,220,82,11889,302,37569,205.142857142857
"282",2020-11-03,25961,281,112,12001,393,37962,226.285714285714
"283",2020-11-04,26260,299,97,12098,396,38358,252
"284",2020-11-05,26526,266,99,12197,365,38723,274
"285",2020-11-06,26783,257,99,12296,356,39079,297
"286",2020-11-07,26994,211,76,12372,287,39366,315.428571428571
"287",2020-11-08,27080,86,60,12432,146,39512,320.714285714286
"288",2020-11-09,27377,297,128,12560,425,39937,338.285714285714
"289",2020-11-10,27805,428,109,12669,537,40474,358.857142857143
"290",2020-11-11,28149,344,103,12772,447,40921,366.142857142857
"291",2020-11-12,28594,445,116,12888,561,41482,394.142857142857
"292",2020-11-13,28975,381,120,13008,501,41983,414.857142857143
"293",2020-11-14,29242,267,90,13098,357,42340,424.857142857143
"294",2020-11-15,29359,117,102,13200,219,42559,435.285714285714
"295",2020-11-16,29676,317,181,13381,498,43057,445.714285714286
"296",2020-11-17,30241,565,165,13546,730,43787,473.285714285714
"297",2020-11-18,30816,575,161,13707,736,44523,514.571428571429
"298",2020-11-19,31329,513,153,13860,666,45189,529.571428571429
"299",2020-11-20,31881,552,133,13993,685,45874,555.857142857143
"300",2020-11-21,32222,341,132,14125,473,46347,572.428571428571
"301",2020-11-22,32496,274,102,14227,376,46723,594.857142857143
"302",2020-11-23,33127,631,199,14426,830,47553,642.285714285714
"303",2020-11-24,33817,690,196,14622,886,48439,664.571428571429
"304",2020-11-25,34659,842,195,14817,1037,49476,707.571428571429
"305",2020-11-26,34810,151,120,14937,271,49747,651.142857142857
"306",2020-11-27,35339,529,185,15122,714,50461,655.285714285714
"307",2020-11-28,35899,560,196,15318,756,51217,695.714285714286
"308",2020-11-29,36411,512,186,15504,698,51915,741.714285714286
"309",2020-11-30,37354,943,335,15839,1278,53193,805.714285714286
"310",2020-12-01,38651,1297,354,16193,1651,54844,915
"311",2020-12-02,40003,1352,324,16517,1676,56520,1006.28571428571
"312",2020-12-03,41232,1229,352,16869,1581,58101,1193.42857142857
"313",2020-12-04,42457,1225,348,17217,1573,59674,1316.14285714286
"314",2020-12-05,43271,814,290,17507,1104,60778,1365.85714285714
"315",2020-12-06,43764,493,246,17753,739,61517,1371.71428571429
"316",2020-12-07,45045,1281,507,18260,1788,63305,1444.57142857143
"317",2020-12-08,46598,1553,434,18694,1987,65292,1492.57142857143
"318",2020-12-09,48137,1539,391,19085,1930,67222,1528.85714285714
"319",2020-12-10,49468,1331,440,19525,1771,68993,1556
"320",2020-12-11,50581,1113,440,19965,1553,70546,1553.14285714286
"321",2020-12-12,51400,819,272,20237,1091,71637,1551.28571428571
"322",2020-12-13,52166,766,214,20451,980,72617,1585.71428571429
"323",2020-12-14,53414,1248,489,20940,1737,74354,1578.42857142857
"324",2020-12-15,55251,1837,494,21434,2331,76685,1627.57142857143
"325",2020-12-16,56893,1642,399,21833,2041,78726,1643.42857142857
"326",2020-12-17,58389,1496,324,22157,1820,80546,1650.42857142857
"327",2020-12-18,59574,1185,367,22524,1552,82098,1650.28571428571
"328",2020-12-19,60321,747,306,22830,1053,83151,1644.85714285714
"329",2020-12-20,60923,602,213,23043,815,83966,1621.28571428571
"330",2020-12-21,62450,1527,430,23473,1957,85923,1652.71428571429
"331",2020-12-22,63887,1437,399,23872,1836,87759,1582
"332",2020-12-23,65321,1434,322,24194,1756,89515,1541.28571428571
"333",2020-12-24,66062,741,300,24494,1041,90556,1430
"334",2020-12-25,66271,209,197,24691,406,90962,1266.28571428571
"335",2020-12-26,67261,990,317,25008,1307,92269,1302.57142857143
"336",2020-12-27,68067,806,332,25340,1138,93407,1348.71428571429
"337",2020-12-28,69889,1822,541,25881,2363,95770,1406.71428571429
"338",2020-12-29,71705,1816,442,26323,2258,98028,1467
"339",2020-12-30,73617,1912,441,26764,2353,100381,1552.28571428571
"340",2020-12-31,74794,1177,373,27137,1550,101931,1625
"341",2021-01-01,75068,274,306,27443,580,102511,1649.85714285714
"342",2021-01-02,76057,989,452,27895,1441,103952,1669
"343",2021-01-03,76985,928,346,28241,1274,105226,1688.42857142857
"344",2021-01-04,78594,1609,608,28849,2217,107443,1667.57142857143
"345",2021-01-05,80848,2254,566,29415,2820,110263,1747.85714285714
"346",2021-01-06,82659,1811,498,29913,2309,112572,1741.57142857143
"347",2021-01-07,84284,1625,430,30343,2055,114627,1813.71428571429
"348",2021-01-08,85426,1142,529,30872,1671,116298,1969.57142857143
"349",2021-01-09,86297,871,352,31224,1223,117521,1938.42857142857
"350",2021-01-10,86992,695,307,31531,1002,118523,1899.57142857143
"351",2021-01-11,88275,1283,494,32025,1777,120300,1836.71428571429
"352",2021-01-12,89760,1485,453,32478,1938,122238,1710.71428571429
"353",2021-01-13,91073,1313,397,32875,1710,123948,1625.14285714286
"354",2021-01-14,92237,1164,349,33224,1513,125461,1547.71428571429
"355",2021-01-15,93291,1054,369,33593,1423,126884,1512.28571428571
"356",2021-01-16,93911,620,243,33836,863,127747,1460.85714285714
"357",2021-01-17,94381,470,172,34008,642,128389,1409.42857142857
"358",2021-01-18,95119,738,253,34261,991,129380,1297.14285714286
"359",2021-01-19,96139,1020,316,34577,1336,130716,1211.14285714286
"360",2021-01-20,97022,883,297,34874,1180,131896,1135.42857142857
"361",2021-01-21,97800,778,231,35105,1009,132905,1063.42857142857
"362",2021-01-22,98419,619,247,35352,866,133771,983.857142857143
"363",2021-01-23,98841,422,226,35578,648,134419,953.142857142857
"364",2021-01-24,99186,345,177,35755,522,134941,936
"365",2021-01-25,99812,626,248,36003,874,135815,919.285714285714
"366",2021-01-26,100353,541,241,36244,782,136597,840.142857142857
"367",2021-01-27,100884,531,202,36446,733,137330,776.285714285714
"368",2021-01-28,101299,415,156,36602,571,137901,713.714285714286
"369",2021-01-29,101806,507,168,36770,675,138576,686.428571428571
"370",2021-01-30,102188,382,129,36899,511,139087,666.857142857143
"371",2021-01-31,102463,275,143,37042,418,139505,652
"372",2021-02-01,103010,547,193,37235,740,140245,632.857142857143
"373",2021-02-02,103463,453,153,37388,606,140851,607.714285714286
"374",2021-02-03,103954,491,169,37557,660,141511,597.285714285714
"375",2021-02-04,104350,396,140,37697,536,142047,592.285714285714
"376",2021-02-05,104743,393,121,37818,514,142561,569.285714285714
"377",2021-02-06,104986,243,84,37902,327,142888,543
"378",2021-02-07,105167,181,72,37974,253,143141,519.428571428571
"379",2021-02-08,105517,350,138,38112,488,143629,483.428571428571
"380",2021-02-09,105927,410,114,38226,524,144153,471.714285714286
"381",2021-02-10,106302,375,129,38355,504,144657,449.428571428571
"382",2021-02-11,106605,303,90,38445,393,145050,429
"383",2021-02-12,106868,263,96,38541,359,145409,406.857142857143
"384",2021-02-13,107020,152,74,38615,226,145635,392.428571428571
"385",2021-02-14,107205,185,53,38668,238,145873,390.285714285714
"386",2021-02-15,107392,187,83,38751,270,146143,359.142857142857
"387",2021-02-16,107634,242,81,38832,323,146466,330.428571428571
"388",2021-02-17,107897,263,60,38892,323,146789,304.571428571429
"389",2021-02-18,108167,270,67,38959,337,147126,296.571428571429
"390",2021-02-19,108400,233,63,39022,296,147422,287.571428571429
"391",2021-02-20,108575,175,60,39082,235,147657,288.857142857143
"392",2021-02-21,108740,165,43,39125,208,147865,284.571428571429
"393",2021-02-22,109004,264,65,39190,329,148194,293
"394",2021-02-23,109221,217,55,39245,272,148466,285.714285714286
"395",2021-02-24,109481,260,60,39305,320,148786,285.285714285714
"396",2021-02-25,109645,164,39,39344,203,148989,266.142857142857
"397",2021-02-26,109801,156,46,39390,202,149191,252.714285714286
"398",2021-02-27,109938,137,43,39433,180,149371,244.857142857143
"399",2021-02-28,110061,123,42,39475,165,149536,238.714285714286
"400",2021-03-01,110266,205,55,39530,260,149796,228.857142857143
"401",2021-03-02,110449,183,50,39580,233,150029,223.285714285714
"402",2021-03-03,110642,193,53,39633,246,150275,212.714285714286
"403",2021-03-04,110806,164,51,39684,215,150490,214.428571428571
"404",2021-03-05,110959,153,43,39727,196,150686,213.571428571429
"405",2021-03-06,111044,85,33,39760,118,150804,204.714285714286
"406",2021-03-07,111121,77,23,39783,100,150904,195.428571428571
"407",2021-03-08,111285,164,40,39823,204,151108,187.428571428571
"408",2021-03-09,111436,151,48,39871,199,151307,182.571428571429
"409",2021-03-10,111571,135,47,39918,182,151489,173.428571428571
"410",2021-03-11,111694,123,26,39944,149,151638,164
"411",2021-03-12,111806,112,38,39982,150,151788,157.428571428571
"412",2021-03-13,111902,96,36,40018,132,151920,159.428571428571
"413",2021-03-14,111968,66,27,40045,93,152013,158.428571428571
"414",2021-03-15,112105,137,39,40084,176,152189,154.428571428571
"415",2021-03-16,112221,116,53,40137,169,152358,150.142857142857
"416",2021-03-17,112374,153,34,40171,187,152545,150.857142857143
"417",2021-03-18,112481,107,31,40202,138,152683,149.285714285714
"418",2021-03-19,112595,114,40,40242,154,152837,149.857142857143
"419",2021-03-20,112662,67,25,40267,92,152929,144.142857142857
"420",2021-03-21,112738,76,34,40301,110,153039,146.571428571429
"421",2021-03-22,112852,114,44,40345,158,153197,144
"422",2021-03-23,112972,120,50,40395,170,153367,144.142857142857
"423",2021-03-24,113096,124,59,40454,183,153550,143.571428571429
"424",2021-03-25,113231,135,49,40503,184,153734,150.142857142857
"425",2021-03-26,113358,127,41,40544,168,153902,152.142857142857
"426",2021-03-27,113425,67,34,40578,101,154003,153.428571428571
"427",2021-03-28,113491,66,25,40603,91,154094,150.714285714286
"428",2021-03-29,113605,114,45,40648,159,154253,150.857142857143
"429",2021-03-30,113696,91,42,40690,133,154386,145.571428571429
"430",2021-03-31,113838,142,46,40736,188,154574,146.285714285714
"431",2021-04-01,113963,125,31,40767,156,154730,142.285714285714
"432",2021-04-02,114067,104,41,40808,145,154875,139
"433",2021-04-03,114138,71,42,40850,113,154988,140.714285714286
"434",2021-04-04,114197,59,25,40875,84,155072,139.714285714286
"435",2021-04-05,114393,196,42,40917,238,155310,151
"436",2021-04-06,114560,167,42,40959,209,155519,161.857142857143
"437",2021-04-07,114728,168,49,41008,217,155736,166
"438",2021-04-08,114887,159,45,41053,204,155940,172.857142857143
"439",2021-04-09,115017,130,39,41092,169,156109,176.285714285714
"440",2021-04-10,115117,100,38,41130,138,156247,179.857142857143
"441",2021-04-11,115184,67,30,41160,97,156344,181.714285714286
"442",2021-04-12,115328,144,54,41214,198,156542,176
"443",2021-04-13,115448,120,43,41257,163,156705,169.428571428571
"444",2021-04-14,115596,148,45,41302,193,156898,166
"445",2021-04-15,115736,140,38,41340,178,157076,162.285714285714
"446",2021-04-16,115851,115,38,41378,153,157229,160
"447",2021-04-17,115945,94,30,41408,124,157353,158
"448",2021-04-18,116025,80,23,41431,103,157456,158.857142857143
"449",2021-04-19,116159,134,30,41461,164,157620,154
"450",2021-04-20,116283,124,33,41494,157,157777,153.142857142857
"451",2021-04-21,116404,121,32,41526,153,157930,147.428571428571
"452",2021-04-22,116482,78,30,41556,108,158038,137.428571428571
"453",2021-04-23,116576,94,27,41583,121,158159,132.857142857143
"454",2021-04-24,116638,62,25,41608,87,158246,127.571428571429
"455",2021-04-25,116689,51,13,41621,64,158310,122
"456",2021-04-26,116765,76,36,41657,112,158422,114.571428571429
"457",2021-04-27,116871,106,30,41687,136,158558,111.571428571429
"458",2021-04-28,116934,63,35,41722,98,158656,103.714285714286
"459",2021-04-29,117017,83,27,41749,110,158766,104
"460",2021-04-30,117081,64,28,41777,92,158858,99.8571428571429
"461",2021-05-01,117128,47,14,41791,61,158919,96.1428571428571
"462",2021-05-02,117176,48,29,41820,77,158996,98
"463",2021-05-03,117248,72,16,41836,88,159084,94.5714285714286
"464",2021-05-04,117333,85,24,41860,109,159193,90.7142857142857
"465",2021-05-05,117404,71,25,41885,96,159289,90.4285714285714
"466",2021-05-06,117450,46,28,41913,74,159363,85.2857142857143
"467",2021-05-07,117502,52,18,41931,70,159433,82.1428571428571
"468",2021-05-08,117528,26,14,41945,40,159473,79.1428571428571
"469",2021-05-09,117554,26,11,41956,37,159510,73.4285714285714
"470",2021-05-10,117596,42,29,41985,71,159581,71
"471",2021-05-11,117666,70,19,42004,89,159670,68.1428571428571
"472",2021-05-12,117716,50,18,42022,68,159738,64.1428571428571
"473",2021-05-13,117777,61,9,42031,70,159808,63.5714285714286
"474",2021-05-14,117821,44,18,42049,62,159870,62.4285714285714
"475",2021-05-15,117844,23,10,42059,33,159903,61.4285714285714
"476",2021-05-16,117873,29,16,42075,45,159948,62.5714285714286
"477",2021-05-17,117901,28,11,42086,39,159987,58
"478",2021-05-18,117940,39,26,42112,65,160052,54.5714285714286
"479",2021-05-19,117967,27,12,42124,39,160091,50.4285714285714
"480",2021-05-20,118012,45,7,42131,52,160143,47.8571428571429
"481",2021-05-21,118031,19,14,42145,33,160176,43.7142857142857
"482",2021-05-22,118059,28,13,42158,41,160217,44.8571428571429
"483",2021-05-23,118077,18,10,42168,28,160245,42.4285714285714
"484",2021-05-24,118101,24,17,42185,41,160286,42.7142857142857
"485",2021-05-25,118132,31,10,42195,41,160327,39.2857142857143
"486",2021-05-26,118155,23,10,42205,33,160360,38.4285714285714
"487",2021-05-27,118185,30,8,42213,38,160398,36.4285714285714
"488",2021-05-28,118207,22,9,42222,31,160429,36.1428571428571
"489",2021-05-29,118223,16,6,42228,22,160451,33.4285714285714
"490",2021-05-30,118247,24,8,42236,32,160483,34
"491",2021-05-31,118254,7,8,42244,15,160498,30.2857142857143
"492",2021-06-01,118296,42,16,42260,58,160556,32.7142857142857
"493",2021-06-02,118334,38,16,42276,54,160610,35.7142857142857
"494",2021-06-03,118368,34,10,42286,44,160654,36.5714285714286
"495",2021-06-04,118408,40,12,42298,52,160706,39.5714285714286
"496",2021-06-05,118429,21,11,42309,32,160738,41
"497",2021-06-06,118448,19,10,42319,29,160767,40.5714285714286
"498",2021-06-07,118476,28,17,42336,45,160812,44.8571428571429
"499",2021-06-08,118499,23,16,42352,39,160851,42.1428571428571
"500",2021-06-09,118525,26,12,42364,38,160889,39.8571428571429
"501",2021-06-10,118563,38,16,42380,54,160943,41.2857142857143
"502",2021-06-11,118596,33,7,42387,40,160983,39.5714285714286
"503",2021-06-12,118617,21,14,42401,35,161018,40
"504",2021-06-13,118638,21,6,42407,27,161045,39.7142857142857
"505",2021-06-14,118656,18,14,42421,32,161077,37.8571428571429
"506",2021-06-15,118690,34,14,42435,48,161125,39.1428571428571
"507",2021-06-16,118719,29,13,42448,42,161167,39.7142857142857
"508",2021-06-17,118762,43,17,42465,60,161227,40.5714285714286
"509",2021-06-18,118788,26,6,42471,32,161259,39.4285714285714
"510",2021-06-19,118804,16,12,42483,28,161287,38.4285714285714
"511",2021-06-20,118820,16,16,42499,32,161319,39.1428571428571
"512",2021-06-21,118862,42,27,42526,69,161388,44.4285714285714
"513",2021-06-22,118900,38,16,42542,54,161442,45.2857142857143
"514",2021-06-23,118930,30,14,42556,44,161486,45.5714285714286
"515",2021-06-24,118964,34,16,42572,50,161536,44.1428571428571
"516",2021-06-25,118991,27,26,42598,53,161589,47.1428571428571
"517",2021-06-26,119009,18,18,42616,36,161625,48.2857142857143
"518",2021-06-27,119031,22,20,42636,42,161667,49.7142857142857
"519",2021-06-28,119079,48,28,42664,76,161743,50.7142857142857
"520",2021-06-29,119123,44,35,42699,79,161822,54.2857142857143
"521",2021-06-30,119169,46,32,42731,78,161900,59.1428571428571
"522",2021-07-01,119222,53,37,42768,90,161990,64.8571428571429
"523",2021-07-02,119265,43,26,42794,69,162059,67.1428571428571
"524",2021-07-03,119331,66,35,42829,101,162160,76.4285714285714
"525",2021-07-04,119351,20,25,42854,45,162205,76.8571428571429
"526",2021-07-05,119407,56,34,42888,90,162295,78.8571428571429
"527",2021-07-06,119514,107,51,42939,158,162453,90.1428571428571
"528",2021-07-07,119602,88,75,43014,163,162616,102.285714285714
"529",2021-07-08,119693,91,54,43068,145,162761,110.142857142857
"530",2021-07-09,119791,98,49,43117,147,162908,121.285714285714
"531",2021-07-10,119897,106,43,43160,149,163057,128.142857142857
"532",2021-07-11,119965,68,51,43211,119,163176,138.714285714286
"533",2021-07-12,120093,128,81,43292,209,163385,155.714285714286
"534",2021-07-13,120240,147,93,43385,240,163625,167.428571428571
"535",2021-07-14,120401,161,71,43456,232,163857,177.285714285714
"536",2021-07-15,120567,166,99,43555,265,164122,194.428571428571
"537",2021-07-16,120706,139,104,43659,243,164365,208.142857142857
"538",2021-07-17,120854,148,53,43712,201,164566,215.571428571429
"539",2021-07-18,120969,115,71,43783,186,164752,225.142857142857
"540",2021-07-19,121169,200,113,43896,313,165065,240
"541",2021-07-20,121398,229,142,44038,371,165436,258.714285714286
"542",2021-07-21,121653,255,117,44155,372,165808,278.714285714286
"543",2021-07-22,121872,219,91,44246,310,166118,285.142857142857
"544",2021-07-23,122107,235,112,44358,347,166465,300
"545",2021-07-24,122286,179,104,44462,283,166748,311.714285714286
"546",2021-07-25,122445,159,115,44577,274,167022,324.285714285714
"547",2021-07-26,122751,306,164,44741,470,167492,346.714285714286
"548",2021-07-27,123088,337,150,44891,487,167979,363.285714285714
"549",2021-07-28,123434,346,151,45042,497,168476,381.142857142857
"550",2021-07-29,123756,322,148,45190,470,168946,404
"551",2021-07-30,124028,272,126,45316,398,169344,411.285714285714
"552",2021-07-31,124255,227,125,45441,352,169696,421.142857142857
"553",2021-08-01,124477,222,157,45598,379,170075,436.142857142857
"554",2021-08-02,124817,340,182,45780,522,170597,443.571428571429
"555",2021-08-03,125266,449,178,45958,627,171224,463.571428571429
"556",2021-08-04,125692,426,193,46151,619,171843,481
"557",2021-08-05,126135,443,177,46328,620,172463,502.428571428571
"558",2021-08-06,126491,356,175,46503,531,172994,521.428571428571
"559",2021-08-07,126756,265,153,46656,418,173412,530.857142857143
"560",2021-08-08,126992,236,128,46784,364,173776,528.714285714286
"561",2021-08-09,127426,434,193,46977,627,174403,543.714285714286
"562",2021-08-10,127917,491,175,47152,666,175069,549.285714285714
"563",2021-08-11,128365,448,178,47330,626,175695,550.285714285714
"564",2021-08-12,128829,464,168,47498,632,176327,552
"565",2021-08-13,129317,488,147,47645,635,176962,566.857142857143
"566",2021-08-14,129628,311,117,47762,428,177390,568.285714285714
"567",2021-08-15,129866,238,119,47881,357,177747,567.285714285714
"568",2021-08-16,130285,419,187,48068,606,178353,564.285714285714
"569",2021-08-17,130809,524,183,48251,707,179060,570.142857142857
"570",2021-08-18,131276,467,157,48408,624,179684,569.857142857143
"571",2021-08-19,131658,382,163,48571,545,180229,557.428571428571
"572",2021-08-20,132062,404,134,48705,538,180767,543.571428571429
"573",2021-08-21,132310,248,112,48817,360,181127,533.857142857143
"574",2021-08-22,132524,214,95,48912,309,181436,527
"575",2021-08-23,132940,416,174,49086,590,182026,524.714285714286
"576",2021-08-24,133356,416,140,49226,556,182582,503.142857142857
"577",2021-08-25,133811,455,150,49376,605,183187,500.428571428571
"578",2021-08-26,134209,398,127,49503,525,183712,497.571428571429
"579",2021-08-27,134583,374,128,49631,502,184214,492.428571428571
"580",2021-08-28,134795,212,77,49708,289,184503,482.285714285714
"581",2021-08-29,134987,192,74,49782,266,184769,476.142857142857
"582",2021-08-30,135364,377,113,49895,490,185259,461.857142857143
"583",2021-08-31,135716,352,129,50024,481,185740,451.142857142857
"584",2021-09-01,136055,339,112,50136,451,186191,429.142857142857
"585",2021-09-02,136391,336,120,50256,456,186647,419.285714285714
"586",2021-09-03,136724,333,98,50354,431,187078,409.142857142857
"587",2021-09-04,136897,173,96,50450,269,187347,406.285714285714
"588",2021-09-05,137057,160,50,50500,210,187557,398.285714285714
"589",2021-09-06,137225,168,70,50570,238,187795,362.285714285714
"590",2021-09-07,137555,330,131,50701,461,188256,359.428571428571
"591",2021-09-08,137853,298,96,50797,394,188650,351.285714285714
"592",2021-09-09,138133,280,105,50902,385,189035,341.142857142857
"593",2021-09-10,138378,245,121,51023,366,189401,331.857142857143
"594",2021-09-11,138570,192,70,51093,262,189663,330.857142857143
"595",2021-09-12,138666,96,73,51166,169,189832,325
"596",2021-09-13,138944,278,108,51274,386,190218,346.142857142857
"597",2021-09-14,139198,254,89,51363,343,190561,329.285714285714
"598",2021-09-15,139442,244,101,51464,345,190906,322.285714285714
"599",2021-09-16,139662,220,83,51547,303,191209,310.571428571429
"600",2021-09-17,139853,191,79,51626,270,191479,296.857142857143
"601",2021-09-18,139990,137,55,51681,192,191671,286.857142857143
"602",2021-09-19,140088,98,52,51733,150,191821,284.142857142857
"603",2021-09-20,140300,212,98,51831,310,192131,273.285714285714
"604",2021-09-21,140494,194,86,51917,280,192411,264.285714285714
"605",2021-09-22,140725,231,69,51986,300,192711,257.857142857143
"606",2021-09-23,140897,172,71,52057,243,192954,249.285714285714
"607",2021-09-24,141069,172,75,52132,247,193201,246
"608",2021-09-25,141190,121,60,52192,181,193382,244.428571428571
"609",2021-09-26,141268,78,64,52256,142,193524,243.285714285714
"610",2021-09-27,141471,203,69,52325,272,193796,237.857142857143
"611",2021-09-28,141657,186,76,52401,262,194058,235.285714285714
"612",2021-09-29,141832,175,45,52446,220,194278,223.857142857143
"613",2021-09-30,141979,147,61,52507,208,194486,218.857142857143
"614",2021-10-01,142117,138,49,52556,187,194673,210.285714285714
"615",2021-10-02,142227,110,40,52596,150,194823,205.857142857143
"616",2021-10-03,142340,113,41,52637,154,194977,207.571428571429
"617",2021-10-04,142504,164,68,52705,232,195209,201.857142857143
"618",2021-10-05,142645,141,60,52765,201,195410,193.142857142857
"619",2021-10-06,142803,158,47,52812,205,195615,191
"620",2021-10-07,142955,152,49,52861,201,195816,190
"621",2021-10-08,143108,153,40,52901,193,196009,190.857142857143
"622",2021-10-09,143199,91,29,52930,120,196129,186.571428571429
"623",2021-10-10,143290,91,32,52962,123,196252,182.142857142857
"624",2021-10-11,143453,163,42,53004,205,196457,178.285714285714
"625",2021-10-12,143648,195,47,53051,242,196699,184.142857142857
"626",2021-10-13,143818,170,51,53102,221,196920,186.428571428571
"627",2021-10-14,143946,128,50,53152,178,197098,183.142857142857
"628",2021-10-15,144082,136,49,53201,185,197283,182
"629",2021-10-16,144187,105,43,53244,148,197431,186
"630",2021-10-17,144278,91,52,53296,143,197574,188.857142857143
"631",2021-10-18,144451,173,49,53345,222,197796,191.285714285714
"632",2021-10-19,144623,172,66,53411,238,198034,190.714285714286
"633",2021-10-20,144792,169,61,53472,230,198264,192
"634",2021-10-21,144945,153,70,53542,223,198487,198.428571428571
"635",2021-10-22,145117,172,47,53589,219,198706,203.285714285714
"636",2021-10-23,145258,141,51,53640,192,198898,209.571428571429
"637",2021-10-24,145342,84,39,53679,123,199021,206.714285714286
"638",2021-10-25,145533,191,74,53753,265,199286,212.857142857143
"639",2021-10-26,145712,179,60,53813,239,199525,213
"640",2021-10-27,145900,188,72,53885,260,199785,217.285714285714
"641",2021-10-28,146104,204,56,53941,260,200045,222.571428571429
"642",2021-10-29,146261,157,45,53986,202,200247,220.142857142857
"643",2021-10-30,146395,134,44,54030,178,200425,218.142857142857
"644",2021-10-31,146483,88,39,54069,127,200552,218.714285714286
"645",2021-11-01,146686,203,58,54127,261,200813,218.142857142857
"646",2021-11-02,146887,201,65,54192,266,201079,222
"647",2021-11-03,147089,202,72,54264,274,201353,224
"648",2021-11-04,147267,178,65,54329,243,201596,221.571428571429
"649",2021-11-05,147446,179,56,54385,235,201831,226.285714285714
"650",2021-11-06,147570,124,44,54429,168,201999,224.857142857143
"651",2021-11-07,147677,107,36,54465,143,202142,227.142857142857
"652",2021-11-08,147903,226,60,54525,286,202428,230.714285714286
"653",2021-11-09,148145,242,76,54601,318,202746,238.142857142857
"654",2021-11-10,148323,178,46,54647,224,202970,231
"655",2021-11-11,148467,144,54,54701,198,203168,224.571428571429
"656",2021-11-12,148687,220,47,54748,267,203435,229.142857142857
"657",2021-11-13,148803,116,49,54797,165,203600,228.714285714286
"658",2021-11-14,148920,117,37,54834,154,203754,230.285714285714
"659",2021-11-15,149130,210,54,54888,264,204018,227.142857142857
"660",2021-11-16,149348,218,52,54940,270,204288,220.285714285714
"661",2021-11-17,149533,185,63,55003,248,204536,223.714285714286
"662",2021-11-18,149682,149,69,55072,218,204754,226.571428571429
"663",2021-11-19,149907,225,60,55132,285,205039,229.142857142857
"664",2021-11-20,150027,120,47,55179,167,205206,229.428571428571
"665",2021-11-21,150120,93,35,55214,128,205334,225.714285714286
"666",2021-11-22,150333,213,54,55268,267,205601,226.142857142857
"667",2021-11-23,150499,166,57,55325,223,205824,219.428571428571
"668",2021-11-24,150680,181,51,55376,232,206056,217.142857142857
"669",2021-11-25,150705,25,31,55407,56,206112,194
"670",2021-11-26,150863,158,49,55456,207,206319,182.857142857143
"671",2021-11-27,151006,143,63,55519,206,206525,188.428571428571
"672",2021-11-28,151164,158,58,55577,216,206741,201
"673",2021-11-29,151482,318,94,55671,412,207153,221.714285714286
"674",2021-11-30,151779,297,100,55771,397,207550,246.571428571429
"675",2021-12-01,152051,272,105,55876,377,207927,267.285714285714
"676",2021-12-02,152301,250,80,55956,330,208257,306.428571428571
"677",2021-12-03,152560,259,83,56039,342,208599,325.714285714286
"678",2021-12-04,152724,164,62,56101,226,208825,328.571428571429
"679",2021-12-05,152873,149,53,56154,202,209027,326.571428571429
"680",2021-12-06,153170,297,94,56248,391,209418,323.571428571429
"681",2021-12-07,153397,227,75,56323,302,209720,310
"682",2021-12-08,153593,196,91,56414,287,210007,297.142857142857
"683",2021-12-09,153775,182,71,56485,253,210260,286.142857142857
"684",2021-12-10,153969,194,88,56573,282,210542,277.571428571429
"685",2021-12-11,154131,162,57,56630,219,210761,276.571428571429
"686",2021-12-12,154259,128,78,56708,206,210967,277.142857142857
"687",2021-12-13,154467,208,115,56823,323,211290,267.428571428571
"688",2021-12-14,154698,231,160,56983,391,211681,280.142857142857
"689",2021-12-15,154975,277,165,57148,442,212123,302.285714285714
"690",2021-12-16,155276,301,142,57290,443,212566,329.428571428571
"691",2021-12-17,155585,309,199,57489,508,213074,361.714285714286
"692",2021-12-18,155870,285,186,57675,471,213545,397.714285714286
"693",2021-12-19,156132,262,241,57916,503,214048,440.142857142857
"694",2021-12-20,156781,649,468,58384,1117,215165,553.571428571429
"695",2021-12-21,157515,734,554,58938,1288,216453,681.714285714286
"696",2021-12-22,158533,1018,625,59563,1643,218096,853.285714285714
"697",2021-12-23,159654,1121,692,60255,1813,219909,1049
"698",2021-12-24,160253,599,574,60829,1173,221082,1144
"699",2021-12-25,160444,191,438,61267,629,221711,1166.57142857143
"700",2021-12-26,161408,964,1049,62316,2013,223724,1382.28571428571
"701",2021-12-27,164012,2604,1433,63749,4037,227761,1799.42857142857
"702",2021-12-28,167186,3174,1559,65308,4733,232494,2291.57142857143
"703",2021-12-29,170552,3366,1531,66839,4897,237391,2756.42857142857
"704",2021-12-30,173761,3209,1641,68480,4850,242241,3190.28571428571
"705",2021-12-31,175872,2111,1040,69520,3151,245392,3472.85714285714
"706",2022-01-01,176746,874,902,70422,1776,247168,3636.71428571429
"707",2022-01-02,179209,2463,1481,71903,3944,251112,3912.57142857143
"708",2022-01-03,185142,5933,2614,74517,8547,259659,4556.85714285714
"709",2022-01-04,191427,6285,2744,77261,9029,268688,5170.57142857143
"710",2022-01-05,197958,6531,2352,79613,8883,277571,5740
"711",2022-01-06,204094,6136,2222,81835,8358,285929,6241.14285714286
"712",2022-01-07,209213,5119,2513,84348,7632,293561,6881.28571428571
"713",2022-01-08,212292,3079,1518,85866,4597,298158,7284.28571428571
"714",2022-01-09,215150,2858,1423,87289,4281,302439,7332.42857142857
"715",2022-01-10,221016,5866,2615,89904,8481,310920,7323
"716",2022-01-11,226842,5826,2726,92630,8552,319472,7254.85714285714
"717",2022-01-12,232475,5633,2346,94976,7979,327451,7125.71428571429
"718",2022-01-13,237369,4894,2076,97052,6970,334421,6927.42857142857
"719",2022-01-14,241878,4509,1804,98856,6313,340734,6739
"720",2022-01-15,244258,2380,1259,100115,3639,344373,6602.14285714286
"721",2022-01-16,246287,2029,980,101095,3009,347382,6420.42857142857
"722",2022-01-17,250030,3743,1552,102647,5295,352677,5965.28571428571
"723",2022-01-18,254734,4704,1981,104628,6685,359362,5698.57142857143
"724",2022-01-19,259013,4279,1544,106172,5823,365185,5390.57142857143
"725",2022-01-20,263092,4079,1432,107604,5511,370696,5182.14285714286
"726",2022-01-21,266526,3434,1226,108830,4660,375356,4946
"727",2022-01-22,268260,1734,678,109508,2412,377768,4770.71428571429
"728",2022-01-23,269877,1617,597,110105,2214,379982,4657.14285714286
"729",2022-01-24,273493,3616,1135,111240,4751,384733,4579.42857142857
"730",2022-01-25,276531,3038,1016,112256,4054,388787,4203.57142857143
"731",2022-01-26,279319,2788,856,113112,3644,392431,3892.28571428571
"732",2022-01-27,281714,2395,689,113801,3084,395515,3545.57142857143
"733",2022-01-28,283990,2276,603,114404,2879,398394,3291.14285714286
"734",2022-01-29,285254,1264,362,114766,1626,400020,3178.85714285714
"735",2022-01-30,286216,962,342,115108,1304,401324,3048.85714285714
"736",2022-01-31,288406,2190,581,115689,2771,404095,2766
"737",2022-02-01,290071,1665,518,116207,2183,406278,2498.71428571429
"738",2022-02-02,291716,1645,474,116681,2119,408397,2280.85714285714
"739",2022-02-03,292973,1257,373,117054,1630,410027,2073.14285714286
"740",2022-02-04,294174,1201,355,117409,1556,411583,1884.14285714286
"741",2022-02-05,294786,612,235,117644,847,412430,1772.85714285714
"742",2022-02-06,295389,603,191,117835,794,413224,1700
"743",2022-02-07,296572,1183,350,118185,1533,414757,1523.14285714286
"744",2022-02-08,297546,974,293,118478,1267,416024,1392.28571428571
"745",2022-02-09,298529,983,217,118695,1200,417224,1261
"746",2022-02-10,299306,777,193,118888,970,418194,1166.71428571429
"747",2022-02-11,300011,705,185,119073,890,419084,1071.57142857143
"748",2022-02-12,300474,463,121,119194,584,419668,1034
"749",2022-02-13,300818,344,92,119286,436,420104,982.857142857143
"750",2022-02-14,301479,661,229,119515,890,420994,891
"751",2022-02-15,302034,555,169,119684,724,421718,813.428571428571
"752",2022-02-16,302577,543,144,119828,687,422405,740.142857142857
"753",2022-02-17,302966,389,122,119950,511,422916,674.571428571429
"754",2022-02-18,303341,375,93,120043,468,423384,614.285714285714
"755",2022-02-19,303582,241,65,120108,306,423690,574.571428571429
"756",2022-02-20,303770,188,41,120149,229,423919,545
"757",2022-02-21,304047,277,75,120224,352,424271,468.142857142857
"758",2022-02-22,304438,391,94,120318,485,424756,434
"759",2022-02-23,304711,273,97,120415,370,425126,388.714285714286
"760",2022-02-24,304981,270,94,120509,364,425490,367.714285714286
"761",2022-02-25,305254,273,92,120601,365,425855,353
"762",2022-02-26,305427,173,63,120664,236,426091,343
"763",2022-02-27,305561,134,55,120719,189,426280,337.285714285714
"764",2022-02-28,305872,311,110,120829,421,426701,347.142857142857
"765",2022-03-01,306145,273,101,120930,374,427075,331.285714285714
"766",2022-03-02,306387,242,72,121002,314,427389,323.285714285714
"767",2022-03-03,306638,251,88,121090,339,427728,319.714285714286
"768",2022-03-04,306829,191,75,121165,266,427994,305.571428571429
"769",2022-03-05,306960,131,58,121223,189,428183,298.857142857143
"770",2022-03-06,307064,104,54,121277,158,428341,294.428571428571
"771",2022-03-07,307311,247,86,121363,333,428674,281.857142857143
"772",2022-03-08,307522,211,76,121439,287,428961,269.428571428571
"773",2022-03-09,307744,222,82,121521,304,429265,268
"774",2022-03-10,307886,142,59,121580,201,429466,248.285714285714
"775",2022-03-11,308027,141,60,121640,201,429667,239
"776",2022-03-12,308126,99,50,121690,149,429816,233.285714285714
"777",2022-03-13,308197,71,35,121725,106,429922,225.857142857143
"778",2022-03-14,308377,180,81,121806,261,430183,215.571428571429
"779",2022-03-15,308549,172,73,121879,245,430428,209.571428571429
"780",2022-03-16,308731,182,52,121931,234,430662,199.571428571429
"781",2022-03-17,308910,179,63,121994,242,430904,205.428571428571
"782",2022-03-18,309058,148,50,122044,198,431102,205
"783",2022-03-19,309151,93,35,122079,128,431230,202
"784",2022-03-20,309247,96,37,122116,133,431363,205.857142857143
"785",2022-03-21,309430,183,61,122177,244,431607,203.428571428571
"786",2022-03-22,309666,236,159,122336,395,432002,224.857142857143
"787",2022-03-23,309828,162,79,122415,241,432243,225.857142857143
"788",2022-03-24,310014,186,82,122497,268,432511,229.571428571429
"789",2022-03-25,310162,148,52,122549,200,432711,229.857142857143
"790",2022-03-26,310304,142,56,122605,198,432909,239.857142857143
"791",2022-03-27,310445,141,60,122665,201,433110,249.571428571429
"792",2022-03-28,310656,211,110,122775,321,433431,260.571428571429
"793",2022-03-29,310901,245,115,122890,360,433791,255.571428571429
"794",2022-03-30,311162,261,96,122986,357,434148,272.142857142857
"795",2022-03-31,311362,200,104,123090,304,434452,277.285714285714
"796",2022-04-01,311563,201,114,123204,315,434767,293.714285714286
"797",2022-04-02,311691,128,63,123267,191,434958,292.714285714286
"798",2022-04-03,311835,144,96,123363,240,435198,298.285714285714
"799",2022-04-04,312135,300,146,123509,446,435644,316.142857142857
"800",2022-04-05,312397,262,142,123651,404,436048,322.428571428571
"801",2022-04-06,312679,282,121,123772,403,436451,329
"802",2022-04-07,312902,223,108,123880,331,436782,332.857142857143
"803",2022-04-08,313128,226,122,124002,348,437130,337.571428571429
"804",2022-04-09,313280,152,106,124108,258,437388,347.142857142857
"805",2022-04-10,313446,166,93,124201,259,437647,349.857142857143
"806",2022-04-11,313725,279,170,124371,449,438096,350.285714285714
"807",2022-04-12,314077,352,189,124560,541,438637,369.857142857143
"808",2022-04-13,314367,290,156,124716,446,439083,376
"809",2022-04-14,314636,269,153,124869,422,439505,389
"810",2022-04-15,314940,304,166,125035,470,439975,406.428571428571
"811",2022-04-16,315201,261,137,125172,398,440373,426.428571428571
"812",2022-04-17,315400,199,96,125268,295,440668,431.571428571429
"813",2022-04-18,315855,455,244,125512,699,441367,467.285714285714
"814",2022-04-19,316303,448,236,125748,684,442051,487.714285714286
"815",2022-04-20,316728,425,236,125984,661,442712,518.428571428571
"816",2022-04-21,317143,415,219,126203,634,443346,548.714285714286
"817",2022-04-22,317603,460,202,126405,662,444008,576.142857142857
"818",2022-04-23,317907,304,163,126568,467,444475,586
"819",2022-04-24,318241,334,161,126729,495,444970,614.571428571429
"820",2022-04-25,318924,683,309,127038,992,445962,656.428571428571
"821",2022-04-26,319564,640,269,127307,909,446871,688.571428571429
"822",2022-04-27,320139,575,273,127580,848,447719,715.285714285714
"823",2022-04-28,320684,545,236,127816,781,448500,736.285714285714
"824",2022-04-29,321244,560,244,128060,804,449304,756.571428571429
"825",2022-04-30,321694,450,201,128261,651,449955,782.857142857143
"826",2022-05-01,322083,389,222,128483,611,450566,799.428571428571
"827",2022-05-02,322972,889,374,128857,1263,451829,838.142857142857
"828",2022-05-03,323896,924,324,129181,1248,453077,886.571428571429
"829",2022-05-04,324744,848,347,129528,1195,454272,936.142857142857
"830",2022-05-05,325557,813,325,129853,1138,455410,987.142857142857
"831",2022-05-06,326340,783,343,130196,1126,456536,1033.14285714286
"832",2022-05-07,326891,551,231,130427,782,457318,1051.85714285714
"833",2022-05-08,327361,470,286,130713,756,458074,1072.57142857143
"834",2022-05-09,328401,1040,468,131181,1508,459582,1107.57142857143
"835",2022-05-10,329605,1204,432,131613,1636,461218,1163
"836",2022-05-11,330663,1058,383,131996,1441,462659,1198.14285714286
"837",2022-05-12,331701,1038,400,132396,1438,464097,1241
"838",2022-05-13,332668,967,405,132801,1372,465469,1276.14285714286
"839",2022-05-14,333378,710,288,133089,998,466467,1307
"840",2022-05-15,334118,740,319,133408,1059,467526,1350.28571428571
"841",2022-05-16,335496,1378,536,133944,1914,469440,1408.28571428571
"842",2022-05-17,336839,1343,547,134491,1890,471330,1444.57142857143
"843",2022-05-18,338100,1261,496,134987,1757,473087,1489.71428571429
"844",2022-05-19,339355,1255,428,135415,1683,474770,1524.71428571429
"845",2022-05-20,340455,1100,474,135889,1574,476344,1553.57142857143
"846",2022-05-21,341181,726,319,136208,1045,477389,1560.28571428571
"847",2022-05-22,341929,748,315,136523,1063,478452,1560.85714285714
"848",2022-05-23,343336,1407,578,137101,1985,480437,1571
"849",2022-05-24,344753,1417,574,137675,1991,482428,1585.42857142857
"850",2022-05-25,346125,1372,532,138207,1904,484332,1606.42857142857
"851",2022-05-26,347285,1160,471,138678,1631,485963,1599
"852",2022-05-27,348323,1038,389,139067,1427,487390,1578
"853",2022-05-28,349045,722,254,139321,976,488366,1568.14285714286
"854",2022-05-29,349761,716,272,139593,988,489354,1557.42857142857
"855",2022-05-30,350473,712,250,139843,962,490316,1411.28571428571
"856",2022-05-31,352120,1647,691,140534,2338,492654,1460.85714285714
"857",2022-06-01,353548,1428,556,141090,1984,494638,1472.28571428571
"858",2022-06-02,354750,1202,486,141576,1688,496326,1480.42857142857
"859",2022-06-03,355894,1144,382,141958,1526,497852,1494.57142857143
"860",2022-06-04,356753,859,285,142243,1144,498996,1518.57142857143
"861",2022-06-05,357538,785,315,142558,1100,500096,1534.57142857143
"862",2022-06-06,358961,1423,519,143077,1942,502038,1674.57142857143
"863",2022-06-07,360227,1266,479,143556,1745,503783,1589.85714285714
"864",2022-06-08,361427,1200,422,143978,1622,505405,1538.14285714286
"865",2022-06-09,362500,1073,393,144371,1466,506871,1506.42857142857
"866",2022-06-10,363557,1057,387,144758,1444,508315,1494.71428571429
"867",2022-06-11,364256,699,253,145011,952,509267,1467.28571428571
"868",2022-06-12,364908,652,226,145237,878,510145,1435.57142857143
"869",2022-06-13,366014,1106,470,145707,1576,511721,1383.28571428571
"870",2022-06-14,367129,1115,428,146135,1543,513264,1354.42857142857
"871",2022-06-15,368250,1121,381,146516,1502,514766,1337.28571428571
"872",2022-06-16,369217,967,399,146915,1366,516132,1323
"873",2022-06-17,370184,967,359,147274,1326,517458,1306.14285714286
"874",2022-06-18,370939,755,294,147568,1049,518507,1320
"875",2022-06-19,371607,668,255,147823,923,519430,1326.42857142857
"876",2022-06-20,372749,1142,439,148262,1581,521011,1327.14285714286
"877",2022-06-21,374025,1276,491,148753,1767,522778,1359.14285714286
"878",2022-06-22,375197,1172,467,149220,1639,524417,1378.71428571429
"879",2022-06-23,376291,1094,381,149601,1475,525892,1394.28571428571
"880",2022-06-24,377309,1018,312,149913,1330,527222,1394.85714285714
"881",2022-06-25,378077,768,273,150186,1041,528263,1393.71428571429
"882",2022-06-26,378783,706,198,150384,904,529167,1391
"883",2022-06-27,379762,979,369,150753,1348,530515,1357.71428571429
"884",2022-06-28,379871,109,99,150852,208,530723,1135
"885",2022-06-29,379871,0,4,150856,4,530727,901.428571428571
