"","date","total_cases_scc","new_cases_scc","new_cases_smc","total_cases_smc","new_cases","total_cases","new_cases_mov7"
"1",2020-01-27,1,1,0,0,1,1,1
"2",2020-01-28,2,1,0,0,1,2,1
"3",2020-01-29,3,1,0,0,1,3,1
"4",2020-01-30,4,1,0,0,1,4,1
"5",2020-01-31,6,2,0,0,2,6,1.2
"6",2020-02-01,6,0,0,0,0,6,1
"7",2020-02-02,6,0,0,0,0,6,0.857142857142857
"8",2020-02-03,6,0,0,0,0,6,0.714285714285714
"9",2020-02-04,6,0,0,0,0,6,0.571428571428571
"10",2020-02-05,6,0,0,0,0,6,0.428571428571429
"11",2020-02-06,6,0,0,0,0,6,0.285714285714286
"12",2020-02-07,6,0,0,0,0,6,0
"13",2020-02-08,6,0,0,0,0,6,0
"14",2020-02-09,6,0,0,0,0,6,0
"15",2020-02-10,6,0,0,0,0,6,0
"16",2020-02-11,6,0,0,0,0,6,0
"17",2020-02-12,6,0,0,0,0,6,0
"18",2020-02-13,6,0,0,0,0,6,0
"19",2020-02-14,6,0,0,0,0,6,0
"20",2020-02-15,6,0,0,0,0,6,0
"21",2020-02-16,6,0,0,0,0,6,0
"22",2020-02-17,7,1,0,0,1,7,0.142857142857143
"23",2020-02-18,7,0,0,0,0,7,0.142857142857143
"24",2020-02-19,7,0,0,0,0,7,0.142857142857143
"25",2020-02-20,8,1,9,9,10,17,1.57142857142857
"26",2020-02-21,8,0,2,11,2,19,1.85714285714286
"27",2020-02-22,8,0,0,11,0,19,1.85714285714286
"28",2020-02-23,8,0,2,13,2,21,2.14285714285714
"29",2020-02-24,8,0,3,16,3,24,2.42857142857143
"30",2020-02-25,8,0,4,20,4,28,3
"31",2020-02-26,10,2,1,21,3,31,3.42857142857143
"32",2020-02-27,10,0,2,23,2,33,2.28571428571429
"33",2020-02-28,12,2,4,27,6,39,2.85714285714286
"34",2020-02-29,16,4,5,32,9,48,4.14285714285714
"35",2020-03-01,16,0,8,40,8,56,5
"36",2020-03-02,21,5,8,48,13,69,6.42857142857143
"37",2020-03-03,23,2,9,57,11,80,7.42857142857143
"38",2020-03-04,28,5,7,64,12,92,8.71428571428571
"39",2020-03-05,35,7,4,68,11,103,10
"40",2020-03-06,45,10,14,82,24,127,12.5714285714286
"41",2020-03-07,53,8,8,90,16,143,13.5714285714286
"42",2020-03-08,57,4,10,100,14,157,14.4285714285714
"43",2020-03-09,74,17,14,114,31,188,17
"44",2020-03-10,89,15,13,127,28,216,19.4285714285714
"45",2020-03-11,115,26,14,141,40,256,23.4285714285714
"46",2020-03-12,138,23,16,157,39,295,27.4285714285714
"47",2020-03-13,186,48,33,190,81,376,35.5714285714286
"48",2020-03-14,229,43,19,209,62,438,42.1428571428571
"49",2020-03-15,261,32,25,234,57,495,48.2857142857143
"50",2020-03-16,298,37,33,267,70,565,53.8571428571429
"51",2020-03-17,351,53,36,303,89,654,62.5714285714286
"52",2020-03-18,393,42,26,329,68,722,66.5714285714286
"53",2020-03-19,436,43,21,350,64,786,70.1428571428571
"54",2020-03-20,499,63,33,383,96,882,72.2857142857143
"55",2020-03-21,535,36,30,413,66,948,72.8571428571429
"56",2020-03-22,577,42,37,450,79,1027,76
"57",2020-03-23,655,78,29,479,107,1134,81.2857142857143
"58",2020-03-24,726,71,39,518,110,1244,84.2857142857143
"59",2020-03-25,805,79,38,556,117,1361,91.2857142857143
"60",2020-03-26,878,73,37,593,110,1471,97.8571428571429
"61",2020-03-27,944,66,34,627,100,1571,98.4285714285714
"62",2020-03-28,984,40,27,654,67,1638,98.5714285714286
"63",2020-03-29,1009,25,19,673,44,1682,93.5714285714286
"64",2020-03-30,1083,74,25,698,99,1781,92.4285714285714
"65",2020-03-31,1135,52,23,721,75,1856,87.4285714285714
"66",2020-04-01,1185,50,18,739,68,1924,80.4285714285714
"67",2020-04-02,1236,51,18,757,69,1993,74.5714285714286
"68",2020-04-03,1279,43,20,777,63,2056,69.2857142857143
"69",2020-04-04,1311,32,16,793,48,2104,66.5714285714286
"70",2020-04-05,1353,42,12,805,54,2158,68
"71",2020-04-06,1406,53,21,826,74,2232,64.4285714285714
"72",2020-04-07,1448,42,20,846,62,2294,62.5714285714286
"73",2020-04-08,1518,70,19,865,89,2383,65.5714285714286
"74",2020-04-09,1586,68,13,878,81,2464,67.2857142857143
"75",2020-04-10,1667,81,16,894,97,2561,72.1428571428571
"76",2020-04-11,1708,41,15,909,56,2617,73.2857142857143
"77",2020-04-12,1732,24,11,920,35,2652,70.5714285714286
"78",2020-04-13,1772,40,26,946,66,2718,69.4285714285714
"79",2020-04-14,1816,44,40,986,84,2802,72.5714285714286
"80",2020-04-15,1847,31,36,1022,67,2869,69.4285714285714
"81",2020-04-16,1873,26,48,1070,74,2943,68.4285714285714
"82",2020-04-17,1913,40,28,1098,68,3011,64.2857142857143
"83",2020-04-18,1928,15,16,1114,31,3042,60.7142857142857
"84",2020-04-19,1942,14,21,1135,35,3077,60.7142857142857
"85",2020-04-20,1967,25,38,1173,63,3140,60.2857142857143
"86",2020-04-21,1993,26,23,1196,49,3189,55.2857142857143
"87",2020-04-22,2042,49,43,1239,92,3281,58.8571428571429
"88",2020-04-23,2062,20,22,1261,42,3323,54.2857142857143
"89",2020-04-24,2091,29,38,1299,67,3390,54.1428571428571
"90",2020-04-25,2105,14,20,1319,34,3424,54.5714285714286
"91",2020-04-26,2116,11,18,1337,29,3453,53.7142857142857
"92",2020-04-27,2140,24,26,1363,50,3503,51.8571428571429
"93",2020-04-28,2161,21,21,1384,42,3545,50.8571428571429
"94",2020-04-29,2189,28,13,1397,41,3586,43.5714285714286
"95",2020-04-30,2200,11,27,1424,38,3624,43
"96",2020-05-01,2222,22,30,1454,52,3676,40.8571428571429
"97",2020-05-02,2234,12,17,1471,29,3705,40.1428571428571
"98",2020-05-03,2242,8,16,1487,24,3729,39.4285714285714
"99",2020-05-04,2261,19,28,1515,47,3776,39
"100",2020-05-05,2274,13,22,1537,35,3811,38
"101",2020-05-06,2301,27,29,1566,56,3867,40.1428571428571
"102",2020-05-07,2314,13,26,1592,39,3906,40.2857142857143
"103",2020-05-08,2338,24,23,1615,47,3953,39.5714285714286
"104",2020-05-09,2349,11,16,1631,27,3980,39.2857142857143
"105",2020-05-10,2352,3,19,1650,22,4002,39
"106",2020-05-11,2372,20,23,1673,43,4045,38.4285714285714
"107",2020-05-12,2387,15,29,1702,44,4089,39.7142857142857
"108",2020-05-13,2407,20,28,1730,48,4137,38.5714285714286
"109",2020-05-14,2431,24,34,1764,58,4195,41.2857142857143
"110",2020-05-15,2446,15,55,1819,70,4265,44.5714285714286
"111",2020-05-16,2461,15,23,1842,38,4303,46.1428571428571
"112",2020-05-17,2468,7,17,1859,24,4327,46.4285714285714
"113",2020-05-18,2507,39,41,1900,80,4407,51.7142857142857
"114",2020-05-19,2551,44,39,1939,83,4490,57.2857142857143
"115",2020-05-20,2587,36,42,1981,78,4568,61.5714285714286
"116",2020-05-21,2608,21,70,2051,91,4659,66.2857142857143
"117",2020-05-22,2635,27,35,2086,62,4721,65.1428571428571
"118",2020-05-23,2652,17,19,2105,36,4757,64.8571428571429
"119",2020-05-24,2654,2,29,2134,31,4788,65.8571428571429
"120",2020-05-25,2661,7,34,2168,41,4829,60.2857142857143
"121",2020-05-26,2691,30,39,2207,69,4898,58.2857142857143
"122",2020-05-27,2730,39,38,2245,77,4975,58.1428571428571
"123",2020-05-28,2753,23,41,2286,64,5039,54.2857142857143
"124",2020-05-29,2797,44,31,2317,75,5114,56.1428571428571
"125",2020-05-30,2813,16,20,2337,36,5150,56.1428571428571
"126",2020-05-31,2823,10,25,2362,35,5185,56.7142857142857
"127",2020-06-01,2857,34,52,2414,86,5271,63.1428571428571
"128",2020-06-02,2882,25,46,2460,71,5342,63.4285714285714
"129",2020-06-03,2923,41,36,2496,77,5419,63.4285714285714
"130",2020-06-04,2959,36,27,2523,63,5482,63.2857142857143
"131",2020-06-05,2996,37,25,2548,62,5544,61.4285714285714
"132",2020-06-06,3009,13,25,2573,38,5582,61.7142857142857
"133",2020-06-07,3027,18,13,2586,31,5613,61.1428571428571
"134",2020-06-08,3066,39,31,2617,70,5683,58.8571428571429
"135",2020-06-09,3112,46,32,2649,78,5761,59.8571428571429
"136",2020-06-10,3175,63,31,2680,94,5855,62.2857142857143
"137",2020-06-11,3225,50,40,2720,90,5945,66.1428571428571
"138",2020-06-12,3283,58,37,2757,95,6040,70.8571428571429
"139",2020-06-13,3304,21,37,2794,58,6098,73.7142857142857
"140",2020-06-14,3317,13,21,2815,34,6132,74.1428571428571
"141",2020-06-15,3379,62,59,2874,121,6253,81.4285714285714
"142",2020-06-16,3472,93,43,2917,136,6389,89.7142857142857
"143",2020-06-17,3563,91,53,2970,144,6533,96.8571428571429
"144",2020-06-18,3665,102,46,3016,148,6681,105.142857142857
"145",2020-06-19,3776,111,40,3056,151,6832,113.142857142857
"146",2020-06-20,3826,50,39,3095,89,6921,117.571428571429
"147",2020-06-21,3863,37,49,3144,86,7007,125
"148",2020-06-22,3968,105,62,3206,167,7174,131.571428571429
"149",2020-06-23,4157,189,76,3282,265,7439,150
"150",2020-06-24,4303,146,68,3350,214,7653,160
"151",2020-06-25,4436,133,56,3406,189,7842,165.857142857143
"152",2020-06-26,4572,136,70,3476,206,8048,173.714285714286
"153",2020-06-27,4683,111,50,3526,161,8209,184
"154",2020-06-28,4743,60,56,3582,116,8325,188.285714285714
"155",2020-06-29,4883,140,76,3658,216,8541,195.285714285714
"156",2020-06-30,5072,189,59,3717,248,8789,192.857142857143
"157",2020-07-01,5257,185,80,3797,265,9054,200.142857142857
"158",2020-07-02,5441,184,66,3863,250,9304,208.857142857143
"159",2020-07-03,5519,78,79,3942,157,9461,201.857142857143
"160",2020-07-04,5563,44,58,4000,102,9563,193.428571428571
"161",2020-07-05,5658,95,63,4063,158,9721,199.428571428571
"162",2020-07-06,5909,251,109,4172,360,10081,220
"163",2020-07-07,6199,290,92,4264,382,10463,239.142857142857
"164",2020-07-08,6482,283,117,4381,400,10863,258.428571428571
"165",2020-07-09,6763,281,120,4501,401,11264,280
"166",2020-07-10,7007,244,125,4626,369,11633,310.285714285714
"167",2020-07-11,7188,181,65,4691,246,11879,330.857142857143
"168",2020-07-12,7307,119,70,4761,189,12068,335.285714285714
"169",2020-07-13,7512,205,120,4881,325,12393,330.285714285714
"170",2020-07-14,7863,351,132,5013,483,12876,344.714285714286
"171",2020-07-15,8246,383,95,5108,478,13354,355.857142857143
"172",2020-07-16,8585,339,114,5222,453,13807,363.285714285714
"173",2020-07-17,8880,295,109,5331,404,14211,368.285714285714
"174",2020-07-18,9052,172,95,5426,267,14478,371.285714285714
"175",2020-07-19,9137,85,58,5484,143,14621,364.714285714286
"176",2020-07-20,9353,216,101,5585,317,14938,363.571428571429
"177",2020-07-21,9661,308,103,5688,411,15349,353.285714285714
"178",2020-07-22,9961,300,85,5773,385,15734,340
"179",2020-07-23,10242,281,81,5854,362,16096,327
"180",2020-07-24,10488,246,102,5956,348,16444,319
"181",2020-07-25,10614,126,61,6017,187,16631,307.571428571429
"182",2020-07-26,10700,86,63,6080,149,16780,308.428571428571
"183",2020-07-27,10876,176,102,6182,278,17058,302.857142857143
"184",2020-07-28,11174,298,100,6282,398,17456,301
"185",2020-07-29,11445,271,69,6351,340,17796,294.571428571429
"186",2020-07-30,11685,240,91,6442,331,18127,290.142857142857
"187",2020-07-31,11945,260,97,6539,357,18484,291.428571428571
"188",2020-08-01,12118,173,73,6612,246,18730,299.857142857143
"189",2020-08-02,12202,84,54,6666,138,18868,298.285714285714
"190",2020-08-03,12372,170,113,6779,283,19151,299
"191",2020-08-04,12674,302,82,6861,384,19535,297
"192",2020-08-05,13007,333,114,6975,447,19982,312.285714285714
"193",2020-08-06,13252,245,97,7072,342,20324,313.857142857143
"194",2020-08-07,13510,258,98,7170,356,20680,313.714285714286
"195",2020-08-08,13716,206,63,7233,269,20949,317
"196",2020-08-09,13824,108,55,7288,163,21112,320.571428571429
"197",2020-08-10,14045,221,98,7386,319,21431,325.714285714286
"198",2020-08-11,14374,329,81,7467,410,21841,329.428571428571
"199",2020-08-12,14658,284,78,7545,362,22203,317.285714285714
"200",2020-08-13,14900,242,78,7623,320,22523,314.142857142857
"201",2020-08-14,15153,253,57,7680,310,22833,307.571428571429
"202",2020-08-15,15309,156,58,7738,214,23047,299.714285714286
"203",2020-08-16,15380,71,38,7776,109,23156,292
"204",2020-08-17,15565,185,77,7853,262,23418,283.857142857143
"205",2020-08-18,15833,268,55,7908,323,23741,271.428571428571
"206",2020-08-19,16005,172,60,7968,232,23973,252.857142857143
"207",2020-08-20,16167,162,69,8037,231,24204,240.142857142857
"208",2020-08-21,16333,166,62,8099,228,24432,228.428571428571
"209",2020-08-22,16470,137,60,8159,197,24629,226
"210",2020-08-23,16530,60,47,8206,107,24736,225.714285714286
"211",2020-08-24,16684,154,96,8302,250,24986,224
"212",2020-08-25,16971,287,67,8369,354,25340,228.428571428571
"213",2020-08-26,17199,228,59,8428,287,25627,236.285714285714
"214",2020-08-27,17398,199,67,8495,266,25893,241.285714285714
"215",2020-08-28,17589,191,106,8601,297,26190,251.142857142857
"216",2020-08-29,17730,141,47,8648,188,26378,249.857142857143
"217",2020-08-30,17786,56,41,8689,97,26475,248.428571428571
"218",2020-08-31,17934,148,80,8769,228,26703,245.285714285714
"219",2020-09-01,18168,234,68,8837,302,27005,237.857142857143
"220",2020-09-02,18399,231,81,8918,312,27317,241.428571428571
"221",2020-09-03,18567,168,63,8981,231,27548,236.428571428571
"222",2020-09-04,18744,177,78,9059,255,27803,230.428571428571
"223",2020-09-05,18834,90,48,9107,138,27941,223.285714285714
"224",2020-09-06,18879,45,46,9153,91,28032,222.428571428571
"225",2020-09-07,18920,41,55,9208,96,28128,203.571428571429
"226",2020-09-08,19112,192,76,9284,268,28396,198.714285714286
"227",2020-09-09,19319,207,76,9360,283,28679,194.571428571429
"228",2020-09-10,19463,144,61,9421,205,28884,190.857142857143
"229",2020-09-11,19595,132,46,9467,178,29062,179.857142857143
"230",2020-09-12,19678,83,42,9509,125,29187,178
"231",2020-09-13,19711,33,41,9550,74,29261,175.571428571429
"232",2020-09-14,19836,125,61,9611,186,29447,188.428571428571
"233",2020-09-15,20063,227,64,9675,291,29738,191.714285714286
"234",2020-09-16,20213,150,68,9743,218,29956,182.428571428571
"235",2020-09-17,20389,176,64,9807,240,30196,187.428571428571
"236",2020-09-18,20521,132,45,9852,177,30373,187.285714285714
"237",2020-09-19,20592,71,39,9891,110,30483,185.142857142857
"238",2020-09-20,20634,42,30,9921,72,30555,184.857142857143
"239",2020-09-21,20756,122,68,9989,190,30745,185.428571428571
"240",2020-09-22,20901,145,53,10042,198,30943,172.142857142857
"241",2020-09-23,21039,138,40,10082,178,31121,166.428571428571
"242",2020-09-24,21157,118,38,10120,156,31277,154.428571428571
"243",2020-09-25,21260,103,49,10169,152,31429,150.857142857143
"244",2020-09-26,21312,52,39,10208,91,31520,148.142857142857
"245",2020-09-27,21352,40,33,10241,73,31593,148.285714285714
"246",2020-09-28,21449,97,71,10312,168,31761,145.142857142857
"247",2020-09-29,21594,145,46,10358,191,31952,144.142857142857
"248",2020-09-30,21712,118,48,10406,166,32118,142.428571428571
"249",2020-10-01,21832,120,42,10448,162,32280,143.285714285714
"250",2020-10-02,21953,121,48,10496,169,32449,145.714285714286
"251",2020-10-03,22019,66,41,10537,107,32556,148
"252",2020-10-04,22062,43,26,10563,69,32625,147.428571428571
"253",2020-10-05,22147,85,60,10623,145,32770,144.142857142857
"254",2020-10-06,22295,148,27,10650,175,32945,141.857142857143
"255",2020-10-07,22425,130,31,10681,161,33106,141.142857142857
"256",2020-10-08,22552,127,43,10724,170,33276,142.285714285714
"257",2020-10-09,22665,113,33,10757,146,33422,139
"258",2020-10-10,22752,87,29,10786,116,33538,140.285714285714
"259",2020-10-11,22796,44,36,10822,80,33618,141.857142857143
"260",2020-10-12,22930,134,32,10854,166,33784,144.857142857143
"261",2020-10-13,23080,150,49,10903,199,33983,148.285714285714
"262",2020-10-14,23223,143,43,10946,186,34169,151.857142857143
"263",2020-10-15,23383,160,51,10997,211,34380,157.714285714286
"264",2020-10-16,23494,111,40,11037,151,34531,158.428571428571
"265",2020-10-17,23560,66,26,11063,92,34623,155
"266",2020-10-18,23600,40,29,11092,69,34692,153.428571428571
"267",2020-10-19,23740,140,61,11153,201,34893,158.428571428571
"268",2020-10-20,23938,198,48,11201,246,35139,165.142857142857
"269",2020-10-21,24085,147,45,11246,192,35331,166
"270",2020-10-22,24217,132,47,11293,179,35510,161.428571428571
"271",2020-10-23,24362,145,56,11349,201,35711,168.571428571429
"272",2020-10-24,24431,69,49,11398,118,35829,172.285714285714
"273",2020-10-25,24487,56,39,11437,95,35924,176
"274",2020-10-26,24645,158,51,11488,209,36133,177.142857142857
"275",2020-10-27,24848,203,43,11531,246,36379,177.142857142857
"276",2020-10-28,25017,169,47,11578,216,36595,180.571428571429
"277",2020-10-29,25160,143,68,11646,211,36806,185.142857142857
"278",2020-10-30,25308,148,47,11693,195,37001,184.285714285714
"279",2020-10-31,25406,98,60,11753,158,37159,190
"280",2020-11-01,25462,56,53,11806,109,37268,192
"281",2020-11-02,25682,220,81,11887,301,37569,205.142857142857
"282",2020-11-03,25962,280,112,11999,392,37961,226
"283",2020-11-04,26261,299,97,12096,396,38357,251.714285714286
"284",2020-11-05,26526,265,98,12194,363,38720,273.428571428571
"285",2020-11-06,26784,258,99,12293,357,39077,296.571428571429
"286",2020-11-07,26995,211,76,12369,287,39364,315
"287",2020-11-08,27081,86,60,12429,146,39510,320.285714285714
"288",2020-11-09,27378,297,128,12557,425,39935,338
"289",2020-11-10,27806,428,109,12666,537,40472,358.714285714286
"290",2020-11-11,28151,345,103,12769,448,40920,366.142857142857
"291",2020-11-12,28596,445,116,12885,561,41481,394.428571428571
"292",2020-11-13,28977,381,120,13005,501,41982,415
"293",2020-11-14,29243,266,90,13095,356,42338,424.857142857143
"294",2020-11-15,29360,117,102,13197,219,42557,435.285714285714
"295",2020-11-16,29676,316,181,13378,497,43054,445.571428571429
"296",2020-11-17,30241,565,165,13543,730,43784,473.142857142857
"297",2020-11-18,30816,575,161,13704,736,44520,514.285714285714
"298",2020-11-19,31329,513,153,13857,666,45186,529.285714285714
"299",2020-11-20,31880,551,133,13990,684,45870,555.428571428571
"300",2020-11-21,32221,341,132,14122,473,46343,572.142857142857
"301",2020-11-22,32495,274,102,14224,376,46719,594.571428571429
"302",2020-11-23,33127,632,199,14423,831,47550,642.285714285714
"303",2020-11-24,33817,690,196,14619,886,48436,664.571428571429
"304",2020-11-25,34657,840,195,14814,1035,49471,707.285714285714
"305",2020-11-26,34809,152,120,14934,272,49743,651
"306",2020-11-27,35338,529,185,15119,714,50457,655.285714285714
"307",2020-11-28,35896,558,196,15315,754,51211,695.428571428571
"308",2020-11-29,36408,512,186,15501,698,51909,741.428571428571
"309",2020-11-30,37350,942,335,15836,1277,53186,805.142857142857
"310",2020-12-01,38648,1298,354,16190,1652,54838,914.571428571429
"311",2020-12-02,40001,1353,323,16513,1676,56514,1006.14285714286
"312",2020-12-03,41232,1231,352,16865,1583,58097,1193.42857142857
"313",2020-12-04,42458,1226,348,17213,1574,59671,1316.28571428571
"314",2020-12-05,43272,814,290,17503,1104,60775,1366.28571428571
"315",2020-12-06,43765,493,246,17749,739,61514,1372.14285714286
"316",2020-12-07,45048,1283,507,18256,1790,63304,1445.42857142857
"317",2020-12-08,46600,1552,434,18690,1986,65290,1493.14285714286
"318",2020-12-09,48139,1539,391,19081,1930,67220,1529.42857142857
"319",2020-12-10,49468,1329,440,19521,1769,68989,1556
"320",2020-12-11,50581,1113,440,19961,1553,70542,1553
"321",2020-12-12,51401,820,272,20233,1092,71634,1551.28571428571
"322",2020-12-13,52167,766,214,20447,980,72614,1585.71428571429
"323",2020-12-14,53415,1248,489,20936,1737,74351,1578.14285714286
"324",2020-12-15,55250,1835,494,21430,2329,76680,1627.14285714286
"325",2020-12-16,56893,1643,399,21829,2042,78722,1643.14285714286
"326",2020-12-17,58389,1496,324,22153,1820,80542,1650.42857142857
"327",2020-12-18,59574,1185,367,22520,1552,82094,1650.28571428571
"328",2020-12-19,60321,747,306,22826,1053,83147,1644.71428571429
"329",2020-12-20,60922,601,213,23039,814,83961,1621
"330",2020-12-21,62447,1525,430,23469,1955,85916,1652.14285714286
"331",2020-12-22,63884,1437,399,23868,1836,87752,1581.71428571429
"332",2020-12-23,65317,1433,322,24190,1755,89507,1540.71428571429
"333",2020-12-24,66059,742,300,24490,1042,90549,1429.57142857143
"334",2020-12-25,66269,210,197,24687,407,90956,1266
"335",2020-12-26,67260,991,317,25004,1308,92264,1302.42857142857
"336",2020-12-27,68067,807,332,25336,1139,93403,1348.85714285714
"337",2020-12-28,69889,1822,539,25875,2361,95764,1406.85714285714
"338",2020-12-29,71704,1815,442,26317,2257,98021,1467
"339",2020-12-30,73614,1910,441,26758,2351,100372,1552.14285714286
"340",2020-12-31,74791,1177,372,27130,1549,101921,1624.57142857143
"341",2021-01-01,75066,275,305,27435,580,102501,1649.28571428571
"342",2021-01-02,76055,989,450,27885,1439,103940,1668
"343",2021-01-03,76983,928,344,28229,1272,105212,1687
"344",2021-01-04,78594,1611,578,28807,2189,107401,1662.42857142857
"345",2021-01-05,80847,2253,559,29366,2812,110213,1741.71428571429
"346",2021-01-06,82659,1812,497,29863,2309,112522,1735.71428571429
"347",2021-01-07,84284,1625,428,30291,2053,114575,1807.71428571429
"348",2021-01-08,85426,1142,528,30819,1670,116245,1963.42857142857
"349",2021-01-09,86296,870,350,31169,1220,117465,1932.14285714286
"350",2021-01-10,86992,696,307,31476,1003,118468,1893.71428571429
"351",2021-01-11,88274,1282,493,31969,1775,120243,1834.57142857143
"352",2021-01-12,89759,1485,446,32415,1931,122174,1708.71428571429
"353",2021-01-13,91071,1312,397,32812,1709,123883,1623
"354",2021-01-14,92235,1164,349,33161,1513,125396,1545.85714285714
"355",2021-01-15,93290,1055,369,33530,1424,126820,1510.71428571429
"356",2021-01-16,93910,620,243,33773,863,127683,1459.71428571429
"357",2021-01-17,94378,468,171,33944,639,128322,1407.71428571429
"358",2021-01-18,95119,741,252,34196,993,129315,1296
"359",2021-01-19,96139,1020,308,34504,1328,130643,1209.85714285714
"360",2021-01-20,97022,883,297,34801,1180,131823,1134.28571428571
"361",2021-01-21,97799,777,231,35032,1008,132831,1062.14285714286
"362",2021-01-22,98417,618,247,35279,865,133696,982.285714285714
"363",2021-01-23,98839,422,226,35505,648,134344,951.571428571429
"364",2021-01-24,99184,345,177,35682,522,134866,934.857142857143
"365",2021-01-25,99811,627,247,35929,874,135740,917.857142857143
"366",2021-01-26,100352,541,241,36170,782,136522,839.857142857143
"367",2021-01-27,100885,533,202,36372,735,137257,776.285714285714
"368",2021-01-28,101301,416,156,36528,572,137829,714
"369",2021-01-29,101808,507,168,36696,675,138504,686.857142857143
"370",2021-01-30,102190,382,129,36825,511,139015,667.285714285714
"371",2021-01-31,102465,275,143,36968,418,139433,652.428571428571
"372",2021-02-01,103011,546,192,37160,738,140171,633
"373",2021-02-02,103465,454,153,37313,607,140778,608
"374",2021-02-03,103955,490,170,37483,660,141438,597.285714285714
"375",2021-02-04,104352,397,140,37623,537,141975,592.285714285714
"376",2021-02-05,104746,394,121,37744,515,142490,569.428571428571
"377",2021-02-06,104989,243,84,37828,327,142817,543.142857142857
"378",2021-02-07,105170,181,72,37900,253,143070,519.571428571429
"379",2021-02-08,105520,350,138,38038,488,143558,483.857142857143
"380",2021-02-09,105930,410,114,38152,524,144082,472
"381",2021-02-10,106305,375,129,38281,504,144586,449.714285714286
"382",2021-02-11,106608,303,90,38371,393,144979,429.142857142857
"383",2021-02-12,106871,263,96,38467,359,145338,406.857142857143
"384",2021-02-13,107023,152,73,38540,225,145563,392.285714285714
"385",2021-02-14,107208,185,53,38593,238,145801,390.142857142857
"386",2021-02-15,107395,187,82,38675,269,146070,358.857142857143
"387",2021-02-16,107637,242,80,38755,322,146392,330
"388",2021-02-17,107900,263,60,38815,323,146715,304.142857142857
"389",2021-02-18,108171,271,67,38882,338,147053,296.285714285714
"390",2021-02-19,108404,233,63,38945,296,147349,287.285714285714
"391",2021-02-20,108579,175,60,39005,235,147584,288.714285714286
"392",2021-02-21,108744,165,43,39048,208,147792,284.428571428571
"393",2021-02-22,109008,264,64,39112,328,148120,292.857142857143
"394",2021-02-23,109226,218,55,39167,273,148393,285.857142857143
"395",2021-02-24,109485,259,60,39227,319,148712,285.285714285714
"396",2021-02-25,109649,164,39,39266,203,148915,266
"397",2021-02-26,109805,156,46,39312,202,149117,252.571428571429
"398",2021-02-27,109942,137,43,39355,180,149297,244.714285714286
"399",2021-02-28,110065,123,42,39397,165,149462,238.571428571429
"400",2021-03-01,110270,205,55,39452,260,149722,228.857142857143
"401",2021-03-02,110452,182,50,39502,232,149954,223
"402",2021-03-03,110645,193,53,39555,246,150200,212.571428571429
"403",2021-03-04,110808,163,51,39606,214,150414,214.142857142857
"404",2021-03-05,110961,153,43,39649,196,150610,213.285714285714
"405",2021-03-06,111047,86,33,39682,119,150729,204.571428571429
"406",2021-03-07,111125,78,23,39705,101,150830,195.428571428571
"407",2021-03-08,111290,165,40,39745,205,151035,187.571428571429
"408",2021-03-09,111441,151,48,39793,199,151234,182.857142857143
"409",2021-03-10,111576,135,47,39840,182,151416,173.714285714286
"410",2021-03-11,111695,119,26,39866,145,151561,163.857142857143
"411",2021-03-12,111808,113,38,39904,151,151712,157.428571428571
"412",2021-03-13,111903,95,36,39940,131,151843,159.142857142857
"413",2021-03-14,111969,66,27,39967,93,151936,158
"414",2021-03-15,112105,136,39,40006,175,152111,153.714285714286
"415",2021-03-16,112221,116,53,40059,169,152280,149.428571428571
"416",2021-03-17,112374,153,34,40093,187,152467,150.142857142857
"417",2021-03-18,112481,107,31,40124,138,152605,149.142857142857
"418",2021-03-19,112595,114,40,40164,154,152759,149.571428571429
"419",2021-03-20,112662,67,25,40189,92,152851,144
"420",2021-03-21,112738,76,34,40223,110,152961,146.428571428571
"421",2021-03-22,112851,113,44,40267,157,153118,143.857142857143
"422",2021-03-23,112970,119,50,40317,169,153287,143.857142857143
"423",2021-03-24,113095,125,59,40376,184,153471,143.428571428571
"424",2021-03-25,113230,135,49,40425,184,153655,150
"425",2021-03-26,113357,127,41,40466,168,153823,152
"426",2021-03-27,113424,67,34,40500,101,153924,153.285714285714
"427",2021-03-28,113490,66,25,40525,91,154015,150.571428571429
"428",2021-03-29,113604,114,45,40570,159,154174,150.857142857143
"429",2021-03-30,113695,91,42,40612,133,154307,145.714285714286
"430",2021-03-31,113838,143,46,40658,189,154496,146.428571428571
"431",2021-04-01,113963,125,31,40689,156,154652,142.428571428571
"432",2021-04-02,114067,104,41,40730,145,154797,139.142857142857
"433",2021-04-03,114138,71,42,40772,113,154910,140.857142857143
"434",2021-04-04,114197,59,25,40797,84,154994,139.857142857143
"435",2021-04-05,114394,197,42,40839,239,155233,151.285714285714
"436",2021-04-06,114561,167,41,40880,208,155441,162
"437",2021-04-07,114729,168,49,40929,217,155658,166
"438",2021-04-08,114888,159,45,40974,204,155862,172.857142857143
"439",2021-04-09,115020,132,39,41013,171,156033,176.571428571429
"440",2021-04-10,115120,100,38,41051,138,156171,180.142857142857
"441",2021-04-11,115185,65,30,41081,95,156266,181.714285714286
"442",2021-04-12,115328,143,54,41135,197,156463,175.714285714286
"443",2021-04-13,115448,120,43,41178,163,156626,169.285714285714
"444",2021-04-14,115596,148,45,41223,193,156819,165.857142857143
"445",2021-04-15,115736,140,38,41261,178,156997,162.142857142857
"446",2021-04-16,115851,115,38,41299,153,157150,159.571428571429
"447",2021-04-17,115945,94,30,41329,124,157274,157.571428571429
"448",2021-04-18,116025,80,23,41352,103,157377,158.714285714286
"449",2021-04-19,116158,133,30,41382,163,157540,153.857142857143
"450",2021-04-20,116282,124,33,41415,157,157697,153
"451",2021-04-21,116404,122,32,41447,154,157851,147.428571428571
"452",2021-04-22,116483,79,29,41476,108,157959,137.428571428571
"453",2021-04-23,116577,94,26,41502,120,158079,132.714285714286
"454",2021-04-24,116639,62,25,41527,87,158166,127.428571428571
"455",2021-04-25,116690,51,13,41540,64,158230,121.857142857143
"456",2021-04-26,116765,75,36,41576,111,158341,114.428571428571
"457",2021-04-27,116871,106,30,41606,136,158477,111.428571428571
"458",2021-04-28,116934,63,35,41641,98,158575,103.428571428571
"459",2021-04-29,117016,82,27,41668,109,158684,103.571428571429
"460",2021-04-30,117079,63,28,41696,91,158775,99.4285714285714
"461",2021-05-01,117127,48,14,41710,62,158837,95.8571428571429
"462",2021-05-02,117175,48,29,41739,77,158914,97.7142857142857
"463",2021-05-03,117247,72,16,41755,88,159002,94.4285714285714
"464",2021-05-04,117332,85,24,41779,109,159111,90.5714285714286
"465",2021-05-05,117402,70,25,41804,95,159206,90.1428571428571
"466",2021-05-06,117448,46,28,41832,74,159280,85.1428571428571
"467",2021-05-07,117500,52,18,41850,70,159350,82.1428571428571
"468",2021-05-08,117526,26,14,41864,40,159390,79
"469",2021-05-09,117552,26,11,41875,37,159427,73.2857142857143
"470",2021-05-10,117594,42,29,41904,71,159498,70.8571428571429
"471",2021-05-11,117664,70,19,41923,89,159587,68
"472",2021-05-12,117715,51,18,41941,69,159656,64.2857142857143
"473",2021-05-13,117773,58,9,41950,67,159723,63.2857142857143
"474",2021-05-14,117817,44,18,41968,62,159785,62.1428571428571
"475",2021-05-15,117840,23,10,41978,33,159818,61.1428571428571
"476",2021-05-16,117868,28,16,41994,44,159862,62.1428571428571
"477",2021-05-17,117896,28,11,42005,39,159901,57.5714285714286
"478",2021-05-18,117935,39,26,42031,65,159966,54.1428571428571
"479",2021-05-19,117962,27,12,42043,39,160005,49.8571428571429
"480",2021-05-20,118007,45,7,42050,52,160057,47.7142857142857
"481",2021-05-21,118026,19,14,42064,33,160090,43.5714285714286
"482",2021-05-22,118054,28,13,42077,41,160131,44.7142857142857
"483",2021-05-23,118071,17,10,42087,27,160158,42.2857142857143
"484",2021-05-24,118095,24,17,42104,41,160199,42.5714285714286
"485",2021-05-25,118126,31,10,42114,41,160240,39.1428571428571
"486",2021-05-26,118149,23,10,42124,33,160273,38.2857142857143
"487",2021-05-27,118180,31,8,42132,39,160312,36.4285714285714
"488",2021-05-28,118202,22,9,42141,31,160343,36.1428571428571
"489",2021-05-29,118218,16,6,42147,22,160365,33.4285714285714
"490",2021-05-30,118242,24,8,42155,32,160397,34.1428571428571
"491",2021-05-31,118249,7,8,42163,15,160412,30.4285714285714
"492",2021-06-01,118291,42,16,42179,58,160470,32.8571428571429
"493",2021-06-02,118329,38,16,42195,54,160524,35.8571428571429
"494",2021-06-03,118363,34,10,42205,44,160568,36.5714285714286
"495",2021-06-04,118402,39,12,42217,51,160619,39.4285714285714
"496",2021-06-05,118424,22,11,42228,33,160652,41
"497",2021-06-06,118442,18,10,42238,28,160680,40.4285714285714
"498",2021-06-07,118470,28,16,42254,44,160724,44.5714285714286
"499",2021-06-08,118493,23,16,42270,39,160763,41.8571428571429
"500",2021-06-09,118519,26,12,42282,38,160801,39.5714285714286
"501",2021-06-10,118557,38,16,42298,54,160855,41
"502",2021-06-11,118590,33,7,42305,40,160895,39.4285714285714
"503",2021-06-12,118611,21,14,42319,35,160930,39.7142857142857
"504",2021-06-13,118632,21,6,42325,27,160957,39.5714285714286
"505",2021-06-14,118650,18,14,42339,32,160989,37.8571428571429
"506",2021-06-15,118684,34,14,42353,48,161037,39.1428571428571
"507",2021-06-16,118713,29,13,42366,42,161079,39.7142857142857
"508",2021-06-17,118756,43,17,42383,60,161139,40.5714285714286
"509",2021-06-18,118782,26,6,42389,32,161171,39.4285714285714
"510",2021-06-19,118798,16,12,42401,28,161199,38.4285714285714
"511",2021-06-20,118814,16,16,42417,32,161231,39.1428571428571
"512",2021-06-21,118856,42,27,42444,69,161300,44.4285714285714
"513",2021-06-22,118894,38,16,42460,54,161354,45.2857142857143
"514",2021-06-23,118924,30,13,42473,43,161397,45.4285714285714
"515",2021-06-24,118958,34,16,42489,50,161447,44
"516",2021-06-25,118985,27,26,42515,53,161500,47
"517",2021-06-26,119003,18,18,42533,36,161536,48.1428571428571
"518",2021-06-27,119024,21,20,42553,41,161577,49.4285714285714
"519",2021-06-28,119073,49,28,42581,77,161654,50.5714285714286
"520",2021-06-29,119117,44,35,42616,79,161733,54.1428571428571
"521",2021-06-30,119163,46,32,42648,78,161811,59.1428571428571
"522",2021-07-01,119216,53,37,42685,90,161901,64.8571428571429
"523",2021-07-02,119259,43,26,42711,69,161970,67.1428571428571
"524",2021-07-03,119325,66,35,42746,101,162071,76.4285714285714
"525",2021-07-04,119345,20,25,42771,45,162116,77
"526",2021-07-05,119401,56,34,42805,90,162206,78.8571428571429
"527",2021-07-06,119507,106,51,42856,157,162363,90
"528",2021-07-07,119595,88,75,42931,163,162526,102.142857142857
"529",2021-07-08,119686,91,53,42984,144,162670,109.857142857143
"530",2021-07-09,119784,98,50,43034,148,162818,121.142857142857
"531",2021-07-10,119890,106,43,43077,149,162967,128
"532",2021-07-11,119957,67,51,43128,118,163085,138.428571428571
"533",2021-07-12,120085,128,81,43209,209,163294,155.428571428571
"534",2021-07-13,120231,146,93,43302,239,163533,167.142857142857
"535",2021-07-14,120392,161,71,43373,232,163765,177
"536",2021-07-15,120556,164,99,43472,263,164028,194
"537",2021-07-16,120695,139,104,43576,243,164271,207.571428571429
"538",2021-07-17,120842,147,53,43629,200,164471,214.857142857143
"539",2021-07-18,120957,115,70,43699,185,164656,224.428571428571
"540",2021-07-19,121156,199,113,43812,312,164968,239.142857142857
"541",2021-07-20,121386,230,142,43954,372,165340,258.142857142857
"542",2021-07-21,121641,255,116,44070,371,165711,278
"543",2021-07-22,121860,219,91,44161,310,166021,284.714285714286
"544",2021-07-23,122094,234,112,44273,346,166367,299.428571428571
"545",2021-07-24,122271,177,103,44376,280,166647,310.857142857143
"546",2021-07-25,122430,159,115,44491,274,166921,323.571428571429
"547",2021-07-26,122736,306,164,44655,470,167391,346.142857142857
"548",2021-07-27,123074,338,149,44804,487,167878,362.571428571429
"549",2021-07-28,123420,346,151,44955,497,168375,380.571428571429
"550",2021-07-29,123741,321,147,45102,468,168843,403.142857142857
"551",2021-07-30,124009,268,126,45228,394,169237,410
"552",2021-07-31,124235,226,123,45351,349,169586,419.857142857143
"553",2021-08-01,124457,222,149,45500,371,169957,433.714285714286
"554",2021-08-02,124796,339,173,45673,512,170469,439.714285714286
"555",2021-08-03,125245,449,168,45841,617,171086,458.285714285714
"556",2021-08-04,125670,425,180,46021,605,171691,473.714285714286
"557",2021-08-05,126113,443,168,46189,611,172302,494.142857142857
"558",2021-08-06,126470,357,162,46351,519,172821,512
"559",2021-08-07,126735,265,142,46493,407,173228,520.285714285714
"560",2021-08-08,126969,234,120,46613,354,173582,517.857142857143
"561",2021-08-09,127402,433,180,46793,613,174195,532.285714285714
"562",2021-08-10,127895,493,154,46947,647,174842,536.571428571429
"563",2021-08-11,128342,447,160,47107,607,175449,536.857142857143
"564",2021-08-12,128810,468,159,47266,627,176076,539.142857142857
"565",2021-08-13,129296,486,136,47402,622,176698,553.857142857143
"566",2021-08-14,129606,310,108,47510,418,177116,555.428571428571
"567",2021-08-15,129843,237,112,47622,349,177465,554.714285714286
"568",2021-08-16,130262,419,166,47788,585,178050,550.714285714286
"569",2021-08-17,130786,524,168,47956,692,178742,557.142857142857
"570",2021-08-18,131253,467,143,48099,610,179352,557.571428571429
"571",2021-08-19,131633,380,155,48254,535,179887,544.428571428571
"572",2021-08-20,132036,403,126,48380,529,180416,531.142857142857
"573",2021-08-21,132284,248,105,48485,353,180769,521.857142857143
"574",2021-08-22,132495,211,91,48576,302,181071,515.142857142857
"575",2021-08-23,132912,417,143,48719,560,181631,511.571428571429
"576",2021-08-24,133328,416,134,48853,550,182181,491.285714285714
"577",2021-08-25,133784,456,142,48995,598,182779,489.571428571429
"578",2021-08-26,134182,398,110,49105,508,183287,485.714285714286
"579",2021-08-27,134554,372,123,49228,495,183782,480.857142857143
"580",2021-08-28,134766,212,72,49300,284,184066,471
"581",2021-08-29,134959,193,68,49368,261,184327,465.142857142857
"582",2021-08-30,135336,377,107,49475,484,184811,454.285714285714
"583",2021-08-31,135688,352,118,49593,470,185281,442.857142857143
"584",2021-09-01,136025,337,105,49698,442,185723,420.571428571429
"585",2021-09-02,136355,330,110,49808,440,186163,410.857142857143
"586",2021-09-03,136687,332,88,49896,420,186583,400.142857142857
"587",2021-09-04,136860,173,83,49979,256,186839,396.142857142857
"588",2021-09-05,137020,160,45,50024,205,187044,388.142857142857
"589",2021-09-06,137185,165,66,50090,231,187275,352
"590",2021-09-07,137511,326,115,50205,441,187716,347.857142857143
"591",2021-09-08,137801,290,89,50294,379,188095,338.857142857143
"592",2021-09-09,138074,273,97,50391,370,188465,328.857142857143
"593",2021-09-10,138319,245,111,50502,356,188821,319.714285714286
"594",2021-09-11,138508,189,61,50563,250,189071,318.857142857143
"595",2021-09-12,138603,95,68,50631,163,189234,312.857142857143
"596",2021-09-13,138878,275,95,50726,370,189604,332.714285714286
"597",2021-09-14,139124,246,79,50805,325,189929,316.142857142857
"598",2021-09-15,139365,241,93,50898,334,190263,309.714285714286
"599",2021-09-16,139584,219,80,50978,299,190562,299.571428571429
"600",2021-09-17,139770,186,61,51039,247,190809,284
"601",2021-09-18,139906,136,50,51089,186,190995,274.857142857143
"602",2021-09-19,140003,97,50,51139,147,191142,272.571428571429
"603",2021-09-20,140211,208,83,51222,291,191433,261.285714285714
"604",2021-09-21,140401,190,76,51298,266,191699,252.857142857143
"605",2021-09-22,140628,227,62,51360,289,191988,246.428571428571
"606",2021-09-23,140798,170,65,51425,235,192223,237.285714285714
"607",2021-09-24,140969,171,67,51492,238,192461,236
"608",2021-09-25,141088,119,53,51545,172,192633,234
"609",2021-09-26,141166,78,56,51601,134,192767,232.142857142857
"610",2021-09-27,141366,200,55,51656,255,193022,227
"611",2021-09-28,141549,183,66,51722,249,193271,224.571428571429
"612",2021-09-29,141724,175,42,51764,217,193488,214.285714285714
"613",2021-09-30,141867,143,57,51821,200,193688,209.285714285714
"614",2021-10-01,142004,137,44,51865,181,193869,201.142857142857
"615",2021-10-02,142114,110,34,51899,144,194013,197.142857142857
"616",2021-10-03,142225,111,39,51938,150,194163,199.428571428571
"617",2021-10-04,142388,163,56,51994,219,194382,194.285714285714
"618",2021-10-05,142524,136,52,52046,188,194570,185.571428571429
"619",2021-10-06,142680,156,45,52091,201,194771,183.285714285714
"620",2021-10-07,142828,148,41,52132,189,194960,181.714285714286
"621",2021-10-08,142976,148,39,52171,187,195147,182.571428571429
"622",2021-10-09,143066,90,27,52198,117,195264,178.714285714286
"623",2021-10-10,143158,92,31,52229,123,195387,174.857142857143
"624",2021-10-11,143321,163,41,52270,204,195591,172.714285714286
"625",2021-10-12,143513,192,47,52317,239,195830,180
"626",2021-10-13,143680,167,47,52364,214,196044,181.857142857143
"627",2021-10-14,143807,127,47,52411,174,196218,179.714285714286
"628",2021-10-15,143941,134,45,52456,179,196397,178.571428571429
"629",2021-10-16,144045,104,37,52493,141,196538,182
"630",2021-10-17,144136,91,45,52538,136,196674,183.857142857143
"631",2021-10-18,144306,170,40,52578,210,196884,184.714285714286
"632",2021-10-19,144477,171,65,52643,236,197120,184.285714285714
"633",2021-10-20,144644,167,55,52698,222,197342,185.428571428571
"634",2021-10-21,144795,151,61,52759,212,197554,190.857142857143
"635",2021-10-22,144963,168,44,52803,212,197766,195.571428571429
"636",2021-10-23,145104,141,44,52847,185,197951,201.857142857143
"637",2021-10-24,145186,82,31,52878,113,198064,198.571428571429
"638",2021-10-25,145376,190,67,52945,257,198321,205.285714285714
"639",2021-10-26,145553,177,52,52997,229,198550,204.285714285714
"640",2021-10-27,145738,185,63,53060,248,198798,208
"641",2021-10-28,145938,200,53,53113,253,199051,213.857142857143
"642",2021-10-29,146093,155,41,53154,196,199247,211.571428571429
"643",2021-10-30,146226,133,39,53193,172,199419,209.714285714286
"644",2021-10-31,146313,87,34,53227,121,199540,210.857142857143
"645",2021-11-01,146514,201,52,53279,253,199793,210.285714285714
"646",2021-11-02,146713,199,60,53339,259,200052,214.571428571429
"647",2021-11-03,146912,199,63,53402,262,200314,216.571428571429
"648",2021-11-04,147087,175,58,53460,233,200547,213.714285714286
"649",2021-11-05,147261,174,52,53512,226,200773,218
"650",2021-11-06,147384,123,41,53553,164,200937,216.857142857143
"651",2021-11-07,147488,104,30,53583,134,201071,218.714285714286
"652",2021-11-08,147706,218,59,53642,277,201348,222.142857142857
"653",2021-11-09,147941,235,70,53712,305,201653,228.714285714286
"654",2021-11-10,148116,175,42,53754,217,201870,222.285714285714
"655",2021-11-11,148260,144,48,53802,192,202062,216.428571428571
"656",2021-11-12,148477,217,36,53838,253,202315,220.285714285714
"657",2021-11-13,148591,114,48,53886,162,202477,220
"658",2021-11-14,148708,117,34,53920,151,202628,222.428571428571
"659",2021-11-15,148915,207,47,53967,254,202882,219.142857142857
"660",2021-11-16,149131,216,43,54010,259,203141,212.571428571429
"661",2021-11-17,149310,179,56,54066,235,203376,215.142857142857
"662",2021-11-18,149457,147,58,54124,205,203581,217
"663",2021-11-19,149679,222,53,54177,275,203856,220.142857142857
"664",2021-11-20,149797,118,41,54218,159,204015,219.714285714286
"665",2021-11-21,149888,91,31,54249,122,204137,215.571428571429
"666",2021-11-22,150099,211,47,54296,258,204395,216.142857142857
"667",2021-11-23,150260,161,54,54350,215,204610,209.857142857143
"668",2021-11-24,150437,177,46,54396,223,204833,208.142857142857
"669",2021-11-25,150462,25,31,54427,56,204889,186.857142857143
"670",2021-11-26,150615,153,46,54473,199,205088,176
"671",2021-11-27,150755,140,54,54527,194,205282,181
"672",2021-11-28,150911,156,52,54579,208,205490,193.285714285714
"673",2021-11-29,151224,313,86,54665,399,205889,213.428571428571
"674",2021-11-30,151514,290,91,54756,381,206270,237.142857142857
"675",2021-12-01,151783,269,90,54846,359,206629,256.571428571429
"676",2021-12-02,152031,248,74,54920,322,206951,294.571428571429
"677",2021-12-03,152284,253,69,54989,322,207273,312.142857142857
"678",2021-12-04,152447,163,59,55048,222,207495,316.142857142857
"679",2021-12-05,152593,146,43,55091,189,207684,313.428571428571
"680",2021-12-06,152886,293,84,55175,377,208061,310.285714285714
"681",2021-12-07,153112,226,63,55238,289,208350,297.142857142857
"682",2021-12-08,153305,193,84,55322,277,208627,285.428571428571
"683",2021-12-09,153486,181,61,55383,242,208869,274
"684",2021-12-10,153680,194,82,55465,276,209145,267.428571428571
"685",2021-12-11,153843,163,50,55515,213,209358,266.142857142857
"686",2021-12-12,153970,127,75,55590,202,209560,268
"687",2021-12-13,154175,205,104,55694,309,209869,258.285714285714
"688",2021-12-14,154406,231,146,55840,377,210246,270.857142857143
"689",2021-12-15,154680,274,148,55988,422,210668,291.571428571429
"690",2021-12-16,154977,297,123,56111,420,211088,317
"691",2021-12-17,155282,305,179,56290,484,211572,346.714285714286
"692",2021-12-18,155568,286,164,56454,450,212022,380.571428571429
"693",2021-12-19,155824,256,213,56667,469,212491,418.714285714286
"694",2021-12-20,156464,640,388,57055,1028,213519,521.428571428571
"695",2021-12-21,157208,744,454,57509,1198,214717,638.714285714286
"696",2021-12-22,158243,1035,507,58016,1542,216259,798.714285714286
"697",2021-12-23,159376,1133,546,58562,1679,217938,978.571428571429
"698",2021-12-24,159985,609,458,59020,1067,219005,1061.85714285714
"699",2021-12-25,160177,192,364,59384,556,219561,1077
"700",2021-12-26,161171,994,797,60181,1791,221352,1265.85714285714
"701",2021-12-27,163794,2623,1133,61314,3756,225108,1655.57142857143
"702",2021-12-28,166975,3181,1283,62597,4464,229572,2122.14285714286
"703",2021-12-29,170340,3365,1239,63836,4604,234176,2559.57142857143
"704",2021-12-30,173542,3202,1310,65146,4512,238688,2964.28571428571
"705",2021-12-31,175648,2106,793,65939,2899,241587,3226
"706",2022-01-01,176522,874,801,66740,1675,243262,3385.85714285714
"707",2022-01-02,178965,2443,1211,67951,3654,246916,3652
"708",2022-01-03,184822,5857,2145,70096,8002,254918,4258.57142857143
"709",2022-01-04,191063,6241,2361,72457,8602,263520,4849.71428571429
"710",2022-01-05,197541,6478,2106,74563,8584,272104,5418.28571428571
"711",2022-01-06,203630,6089,1977,76540,8066,280170,5926
"712",2022-01-07,208713,5083,2056,78596,7139,287309,6531.71428571429
"713",2022-01-08,211754,3041,1189,79785,4230,291539,6896.71428571429
"714",2022-01-09,214553,2799,1147,80932,3946,295485,6938.42857142857
"715",2022-01-10,220367,5814,1981,82913,7795,303280,6908.85714285714
"716",2022-01-11,226154,5787,2057,84970,7844,311124,6800.57142857143
"717",2022-01-12,231774,5620,1857,86827,7477,318601,6642.42857142857
"718",2022-01-13,236621,4847,1728,88555,6575,325176,6429.42857142857
"719",2022-01-14,241089,4468,1471,90026,5939,331115,6258
"720",2022-01-15,243457,2368,937,90963,3305,334420,6125.85714285714
"721",2022-01-16,245486,2029,884,91847,2913,337333,5978.28571428571
"722",2022-01-17,249212,3726,1224,93071,4950,342283,5571.85714285714
"723",2022-01-18,253884,4672,1762,94833,6434,348717,5370.42857142857
"724",2022-01-19,258133,4249,1406,96239,5655,354372,5110.14285714286
"725",2022-01-20,262197,4064,1321,97560,5385,359757,4940.14285714286
"726",2022-01-21,265602,3405,1113,98673,4518,364275,4737.14285714286
"727",2022-01-22,267329,1727,649,99322,2376,366651,4604.42857142857
"728",2022-01-23,268953,1624,575,99897,2199,368850,4502.42857142857
"729",2022-01-24,272559,3606,1031,100928,4637,373487,4457.71428571429
"730",2022-01-25,275584,3025,912,101840,3937,377424,4101
"731",2022-01-26,278362,2778,786,102626,3564,380988,3802.28571428571
"732",2022-01-27,280752,2390,638,103264,3028,384016,3465.57142857143
"733",2022-01-28,283020,2268,553,103817,2821,386837,3223.14285714286
"734",2022-01-29,284288,1268,330,104147,1598,388435,3112
"735",2022-01-30,285251,963,330,104477,1293,389728,2982.57142857143
"736",2022-01-31,287422,2171,544,105021,2715,392443,2708
"737",2022-02-01,289066,1644,469,105490,2113,394556,2447.42857142857
"738",2022-02-02,290703,1637,421,105911,2058,396614,2232.28571428571
"739",2022-02-03,291904,1201,313,106224,1514,398128,2016
"740",2022-02-04,293081,1177,323,106547,1500,399628,1827.28571428571
"741",2022-02-05,293692,611,211,106758,822,400450,1716.42857142857
"742",2022-02-06,294285,593,159,106917,752,401202,1639.14285714286
"743",2022-02-07,295438,1153,279,107196,1432,402634,1455.85714285714
"744",2022-02-08,296372,934,199,107395,1133,403767,1315.85714285714
"745",2022-02-09,297261,889,82,107477,971,404738,1160.57142857143
"746",2022-02-10,297962,701,6,107483,707,405445,1045.28571428571
"747",2022-02-11,298565,603,0,107483,603,406048,917.142857142857
"748",2022-02-12,298874,309,0,107483,309,406357,843.857142857143
"749",2022-02-13,298899,25,0,107483,25,406382,740
