"","date","total_cases_scc","new_cases_scc","new_cases_smc","total_cases_smc","new_cases","total_cases","new_cases_mov7"
"1",2020-01-27,1,1,0,0,1,1,1
"2",2020-01-28,2,1,0,0,1,2,1
"3",2020-01-29,3,1,0,0,1,3,1
"4",2020-01-30,4,1,0,0,1,4,1
"5",2020-01-31,6,2,0,0,2,6,1.2
"6",2020-02-01,6,0,0,0,0,6,1
"7",2020-02-02,6,0,0,0,0,6,0.857142857142857
"8",2020-02-03,6,0,0,0,0,6,0.714285714285714
"9",2020-02-04,6,0,0,0,0,6,0.571428571428571
"10",2020-02-05,6,0,0,0,0,6,0.428571428571429
"11",2020-02-06,6,0,0,0,0,6,0.285714285714286
"12",2020-02-07,6,0,0,0,0,6,0
"13",2020-02-08,6,0,0,0,0,6,0
"14",2020-02-09,6,0,0,0,0,6,0
"15",2020-02-10,6,0,0,0,0,6,0
"16",2020-02-11,6,0,0,0,0,6,0
"17",2020-02-12,6,0,0,0,0,6,0
"18",2020-02-13,6,0,0,0,0,6,0
"19",2020-02-14,6,0,0,0,0,6,0
"20",2020-02-15,6,0,0,0,0,6,0
"21",2020-02-16,6,0,0,0,0,6,0
"22",2020-02-17,7,1,0,0,1,7,0.142857142857143
"23",2020-02-18,7,0,0,0,0,7,0.142857142857143
"24",2020-02-19,7,0,0,0,0,7,0.142857142857143
"25",2020-02-20,8,1,10,10,11,18,1.71428571428571
"26",2020-02-21,8,0,1,11,1,19,1.85714285714286
"27",2020-02-22,8,0,0,11,0,19,1.85714285714286
"28",2020-02-23,8,0,2,13,2,21,2.14285714285714
"29",2020-02-24,8,0,3,16,3,24,2.42857142857143
"30",2020-02-25,8,0,4,20,4,28,3
"31",2020-02-26,10,2,1,21,3,31,3.42857142857143
"32",2020-02-27,10,0,2,23,2,33,2.14285714285714
"33",2020-02-28,12,2,4,27,6,39,2.85714285714286
"34",2020-02-29,16,4,5,32,9,48,4.14285714285714
"35",2020-03-01,16,0,7,39,7,55,4.85714285714286
"36",2020-03-02,21,5,8,47,13,68,6.28571428571429
"37",2020-03-03,23,2,9,56,11,79,7.28571428571429
"38",2020-03-04,28,5,7,63,12,91,8.57142857142857
"39",2020-03-05,35,7,4,67,11,102,9.85714285714286
"40",2020-03-06,45,10,14,81,24,126,12.4285714285714
"41",2020-03-07,53,8,8,89,16,142,13.4285714285714
"42",2020-03-08,57,4,10,99,14,156,14.4285714285714
"43",2020-03-09,74,17,14,113,31,187,17
"44",2020-03-10,89,15,13,126,28,215,19.4285714285714
"45",2020-03-11,115,26,14,140,40,255,23.4285714285714
"46",2020-03-12,138,23,16,156,39,294,27.4285714285714
"47",2020-03-13,186,48,33,189,81,375,35.5714285714286
"48",2020-03-14,229,43,19,208,62,437,42.1428571428571
"49",2020-03-15,261,32,25,233,57,494,48.2857142857143
"50",2020-03-16,298,37,33,266,70,564,53.8571428571429
"51",2020-03-17,351,53,36,302,89,653,62.5714285714286
"52",2020-03-18,396,45,26,328,71,724,67
"53",2020-03-19,442,46,21,349,67,791,71
"54",2020-03-20,506,64,33,382,97,888,73.2857142857143
"55",2020-03-21,542,36,30,412,66,954,73.8571428571429
"56",2020-03-22,583,41,37,449,78,1032,76.8571428571429
"57",2020-03-23,662,79,29,478,108,1140,82.2857142857143
"58",2020-03-24,734,72,38,516,110,1250,85.2857142857143
"59",2020-03-25,812,78,38,554,116,1366,91.7142857142857
"60",2020-03-26,887,75,37,591,112,1478,98.1428571428571
"61",2020-03-27,954,67,34,625,101,1579,98.7142857142857
"62",2020-03-28,994,40,27,652,67,1646,98.8571428571429
"63",2020-03-29,1018,24,19,671,43,1689,93.8571428571429
"64",2020-03-30,1096,78,25,696,103,1792,93.1428571428571
"65",2020-03-31,1147,51,23,719,74,1866,88
"66",2020-04-01,1197,50,18,737,68,1934,81.1428571428571
"67",2020-04-02,1250,53,18,755,71,2005,75.2857142857143
"68",2020-04-03,1293,43,20,775,63,2068,69.8571428571429
"69",2020-04-04,1326,33,16,791,49,2117,67.2857142857143
"70",2020-04-05,1369,43,12,803,55,2172,69
"71",2020-04-06,1422,53,21,824,74,2246,64.8571428571429
"72",2020-04-07,1463,41,20,844,61,2307,63
"73",2020-04-08,1535,72,19,863,91,2398,66.2857142857143
"74",2020-04-09,1603,68,13,876,81,2479,67.7142857142857
"75",2020-04-10,1685,82,16,892,98,2577,72.7142857142857
"76",2020-04-11,1726,41,15,907,56,2633,73.7142857142857
"77",2020-04-12,1750,24,11,918,35,2668,70.8571428571429
"78",2020-04-13,1791,41,26,944,67,2735,69.8571428571429
"79",2020-04-14,1835,44,40,984,84,2819,73.1428571428571
"80",2020-04-15,1865,30,36,1020,66,2885,69.5714285714286
"81",2020-04-16,1892,27,48,1068,75,2960,68.7142857142857
"82",2020-04-17,1934,42,28,1096,70,3030,64.7142857142857
"83",2020-04-18,1949,15,16,1112,31,3061,61.1428571428571
"84",2020-04-19,1963,14,21,1133,35,3096,61.1428571428571
"85",2020-04-20,1988,25,38,1171,63,3159,60.5714285714286
"86",2020-04-21,2014,26,23,1194,49,3208,55.5714285714286
"87",2020-04-22,2063,49,43,1237,92,3300,59.2857142857143
"88",2020-04-23,2083,20,22,1259,42,3342,54.5714285714286
"89",2020-04-24,2113,30,38,1297,68,3410,54.2857142857143
"90",2020-04-25,2127,14,20,1317,34,3444,54.7142857142857
"91",2020-04-26,2138,11,18,1335,29,3473,53.8571428571429
"92",2020-04-27,2162,24,26,1361,50,3523,52
"93",2020-04-28,2184,22,21,1382,43,3566,51.1428571428571
"94",2020-04-29,2212,28,13,1395,41,3607,43.8571428571429
"95",2020-04-30,2223,11,27,1422,38,3645,43.2857142857143
"96",2020-05-01,2244,21,30,1452,51,3696,40.8571428571429
"97",2020-05-02,2256,12,17,1469,29,3725,40.1428571428571
"98",2020-05-03,2264,8,16,1485,24,3749,39.4285714285714
"99",2020-05-04,2283,19,28,1513,47,3796,39
"100",2020-05-05,2296,13,22,1535,35,3831,37.8571428571429
"101",2020-05-06,2324,28,29,1564,57,3888,40.1428571428571
"102",2020-05-07,2336,12,26,1590,38,3926,40.1428571428571
"103",2020-05-08,2360,24,23,1613,47,3973,39.5714285714286
"104",2020-05-09,2371,11,16,1629,27,4000,39.2857142857143
"105",2020-05-10,2374,3,19,1648,22,4022,39
"106",2020-05-11,2394,20,23,1671,43,4065,38.4285714285714
"107",2020-05-12,2409,15,29,1700,44,4109,39.7142857142857
"108",2020-05-13,2429,20,28,1728,48,4157,38.4285714285714
"109",2020-05-14,2453,24,34,1762,58,4215,41.2857142857143
"110",2020-05-15,2468,15,55,1817,70,4285,44.5714285714286
"111",2020-05-16,2483,15,23,1840,38,4323,46.1428571428571
"112",2020-05-17,2490,7,17,1857,24,4347,46.4285714285714
"113",2020-05-18,2529,39,41,1898,80,4427,51.7142857142857
"114",2020-05-19,2573,44,39,1937,83,4510,57.2857142857143
"115",2020-05-20,2609,36,42,1979,78,4588,61.5714285714286
"116",2020-05-21,2630,21,70,2049,91,4679,66.2857142857143
"117",2020-05-22,2656,26,35,2084,61,4740,65
"118",2020-05-23,2673,17,19,2103,36,4776,64.7142857142857
"119",2020-05-24,2675,2,29,2132,31,4807,65.7142857142857
"120",2020-05-25,2682,7,34,2166,41,4848,60.1428571428571
"121",2020-05-26,2714,32,39,2205,71,4919,58.4285714285714
"122",2020-05-27,2753,39,38,2243,77,4996,58.2857142857143
"123",2020-05-28,2776,23,41,2284,64,5060,54.4285714285714
"124",2020-05-29,2820,44,31,2315,75,5135,56.4285714285714
"125",2020-05-30,2836,16,20,2335,36,5171,56.4285714285714
"126",2020-05-31,2846,10,25,2360,35,5206,57
"127",2020-06-01,2880,34,52,2412,86,5292,63.4285714285714
"128",2020-06-02,2905,25,46,2458,71,5363,63.4285714285714
"129",2020-06-03,2947,42,36,2494,78,5441,63.5714285714286
"130",2020-06-04,2984,37,27,2521,64,5505,63.5714285714286
"131",2020-06-05,3020,36,25,2546,61,5566,61.5714285714286
"132",2020-06-06,3033,13,25,2571,38,5604,61.8571428571429
"133",2020-06-07,3051,18,13,2584,31,5635,61.2857142857143
"134",2020-06-08,3090,39,31,2615,70,5705,59
"135",2020-06-09,3137,47,32,2647,79,5784,60.1428571428571
"136",2020-06-10,3200,63,31,2678,94,5878,62.4285714285714
"137",2020-06-11,3250,50,40,2718,90,5968,66.1428571428571
"138",2020-06-12,3308,58,37,2755,95,6063,71
"139",2020-06-13,3329,21,37,2792,58,6121,73.8571428571429
"140",2020-06-14,3342,13,21,2813,34,6155,74.2857142857143
"141",2020-06-15,3404,62,59,2872,121,6276,81.5714285714286
"142",2020-06-16,3499,95,43,2915,138,6414,90
"143",2020-06-17,3592,93,53,2968,146,6560,97.4285714285714
"144",2020-06-18,3694,102,46,3014,148,6708,105.714285714286
"145",2020-06-19,3804,110,40,3054,150,6858,113.571428571429
"146",2020-06-20,3854,50,39,3093,89,6947,118
"147",2020-06-21,3891,37,49,3142,86,7033,125.428571428571
"148",2020-06-22,3997,106,62,3204,168,7201,132.142857142857
"149",2020-06-23,4188,191,76,3280,267,7468,150.571428571429
"150",2020-06-24,4335,147,68,3348,215,7683,160.428571428571
"151",2020-06-25,4472,137,56,3404,193,7876,166.857142857143
"152",2020-06-26,4607,135,70,3474,205,8081,174.714285714286
"153",2020-06-27,4718,111,50,3524,161,8242,185
"154",2020-06-28,4779,61,56,3580,117,8359,189.428571428571
"155",2020-06-29,4919,140,76,3656,216,8575,196.285714285714
"156",2020-06-30,5108,189,59,3715,248,8823,193.571428571429
"157",2020-07-01,5292,184,80,3795,264,9087,200.571428571429
"158",2020-07-02,5477,185,66,3861,251,9338,208.857142857143
"159",2020-07-03,5556,79,79,3940,158,9496,202.142857142857
"160",2020-07-04,5600,44,58,3998,102,9598,193.714285714286
"161",2020-07-05,5697,97,63,4061,160,9758,199.857142857143
"162",2020-07-06,5951,254,109,4170,363,10121,220.857142857143
"163",2020-07-07,6243,292,92,4262,384,10505,240.285714285714
"164",2020-07-08,6531,288,117,4379,405,10910,260.428571428571
"165",2020-07-09,6812,281,120,4499,401,11311,281.857142857143
"166",2020-07-10,7056,244,125,4624,369,11680,312
"167",2020-07-11,7238,182,65,4689,247,11927,332.714285714286
"168",2020-07-12,7357,119,70,4759,189,12116,336.857142857143
"169",2020-07-13,7563,206,120,4879,326,12442,331.571428571429
"170",2020-07-14,7917,354,132,5011,486,12928,346.142857142857
"171",2020-07-15,8302,385,95,5106,480,13408,356.857142857143
"172",2020-07-16,8642,340,114,5220,454,13862,364.428571428571
"173",2020-07-17,8941,299,109,5329,408,14270,370
"174",2020-07-18,9111,170,95,5424,265,14535,372.571428571429
"175",2020-07-19,9198,87,58,5482,145,14680,366.285714285714
"176",2020-07-20,9414,216,101,5583,317,14997,365
"177",2020-07-21,9726,312,103,5686,415,15412,354.857142857143
"178",2020-07-22,10027,301,85,5771,386,15798,341.428571428571
"179",2020-07-23,10309,282,81,5852,363,16161,328.428571428571
"180",2020-07-24,10555,246,102,5954,348,16509,319.857142857143
"181",2020-07-25,10682,127,61,6015,188,16697,308.857142857143
"182",2020-07-26,10768,86,63,6078,149,16846,309.428571428571
"183",2020-07-27,10944,176,102,6180,278,17124,303.857142857143
"184",2020-07-28,11242,298,100,6280,398,17522,301.428571428571
"185",2020-07-29,11515,273,69,6349,342,17864,295.142857142857
"186",2020-07-30,11757,242,91,6440,333,18197,290.857142857143
"187",2020-07-31,12019,262,97,6537,359,18556,292.428571428571
"188",2020-08-01,12192,173,73,6610,246,18802,300.714285714286
"189",2020-08-02,12276,84,54,6664,138,18940,299.142857142857
"190",2020-08-03,12446,170,113,6777,283,19223,299.857142857143
"191",2020-08-04,12748,302,82,6859,384,19607,297.857142857143
"192",2020-08-05,13081,333,114,6973,447,20054,312.857142857143
"193",2020-08-06,13326,245,97,7070,342,20396,314.142857142857
"194",2020-08-07,13585,259,98,7168,357,20753,313.857142857143
"195",2020-08-08,13792,207,63,7231,270,21023,317.285714285714
"196",2020-08-09,13903,111,55,7286,166,21189,321.285714285714
"197",2020-08-10,14127,224,99,7385,323,21512,327
"198",2020-08-11,14458,331,81,7466,412,21924,331
"199",2020-08-12,14742,284,78,7544,362,22286,318.857142857143
"200",2020-08-13,14985,243,78,7622,321,22607,315.857142857143
"201",2020-08-14,15239,254,57,7679,311,22918,309.285714285714
"202",2020-08-15,15395,156,58,7737,214,23132,301.285714285714
"203",2020-08-16,15466,71,38,7775,109,23241,293.142857142857
"204",2020-08-17,15652,186,77,7852,263,23504,284.571428571429
"205",2020-08-18,15919,267,55,7907,322,23826,271.714285714286
"206",2020-08-19,16091,172,60,7967,232,24058,253.142857142857
"207",2020-08-20,16253,162,69,8036,231,24289,240.285714285714
"208",2020-08-21,16419,166,62,8098,228,24517,228.428571428571
"209",2020-08-22,16557,138,60,8158,198,24715,226.142857142857
"210",2020-08-23,16617,60,47,8205,107,24822,225.857142857143
"211",2020-08-24,16773,156,96,8301,252,25074,224.285714285714
"212",2020-08-25,17062,289,67,8368,356,25430,229.142857142857
"213",2020-08-26,17290,228,59,8427,287,25717,237
"214",2020-08-27,17489,199,67,8494,266,25983,242
"215",2020-08-28,17680,191,106,8600,297,26280,251.857142857143
"216",2020-08-29,17821,141,47,8647,188,26468,250.428571428571
"217",2020-08-30,17877,56,41,8688,97,26565,249
"218",2020-08-31,18025,148,80,8768,228,26793,245.571428571429
"219",2020-09-01,18259,234,67,8835,301,27094,237.714285714286
"220",2020-09-02,18489,230,80,8915,310,27404,241
"221",2020-09-03,18658,169,63,8978,232,27636,236.142857142857
"222",2020-09-04,18835,177,78,9056,255,27891,230.142857142857
"223",2020-09-05,18925,90,48,9104,138,28029,223
"224",2020-09-06,18970,45,46,9150,91,28120,222.142857142857
"225",2020-09-07,19011,41,55,9205,96,28216,203.285714285714
"226",2020-09-08,19204,193,76,9281,269,28485,198.714285714286
"227",2020-09-09,19411,207,76,9357,283,28768,194.857142857143
"228",2020-09-10,19556,145,61,9418,206,28974,191.142857142857
"229",2020-09-11,19688,132,46,9464,178,29152,180.142857142857
"230",2020-09-12,19771,83,42,9506,125,29277,178.285714285714
"231",2020-09-13,19804,33,41,9547,74,29351,175.857142857143
"232",2020-09-14,19929,125,61,9608,186,29537,188.714285714286
"233",2020-09-15,20155,226,63,9671,289,29826,191.571428571429
"234",2020-09-16,20305,150,68,9739,218,30044,182.285714285714
"235",2020-09-17,20481,176,64,9803,240,30284,187.142857142857
"236",2020-09-18,20612,131,45,9848,176,30460,186.857142857143
"237",2020-09-19,20683,71,39,9887,110,30570,184.714285714286
"238",2020-09-20,20725,42,30,9917,72,30642,184.428571428571
"239",2020-09-21,20847,122,68,9985,190,30832,185
"240",2020-09-22,20993,146,53,10038,199,31031,172.142857142857
"241",2020-09-23,21131,138,40,10078,178,31209,166.428571428571
"242",2020-09-24,21249,118,38,10116,156,31365,154.428571428571
"243",2020-09-25,21352,103,49,10165,152,31517,151
"244",2020-09-26,21404,52,39,10204,91,31608,148.285714285714
"245",2020-09-27,21444,40,33,10237,73,31681,148.428571428571
"246",2020-09-28,21541,97,71,10308,168,31849,145.285714285714
"247",2020-09-29,21686,145,46,10354,191,32040,144.142857142857
"248",2020-09-30,21804,118,48,10402,166,32206,142.428571428571
"249",2020-10-01,21926,122,42,10444,164,32370,143.571428571429
"250",2020-10-02,22047,121,48,10492,169,32539,146
"251",2020-10-03,22113,66,41,10533,107,32646,148.285714285714
"252",2020-10-04,22156,43,27,10560,70,32716,147.857142857143
"253",2020-10-05,22241,85,60,10620,145,32861,144.571428571429
"254",2020-10-06,22390,149,27,10647,176,33037,142.428571428571
"255",2020-10-07,22520,130,31,10678,161,33198,141.714285714286
"256",2020-10-08,22647,127,43,10721,170,33368,142.571428571429
"257",2020-10-09,22760,113,33,10754,146,33514,139.285714285714
"258",2020-10-10,22848,88,29,10783,117,33631,140.714285714286
"259",2020-10-11,22892,44,36,10819,80,33711,142.142857142857
"260",2020-10-12,23027,135,32,10851,167,33878,145.285714285714
"261",2020-10-13,23177,150,49,10900,199,34077,148.571428571429
"262",2020-10-14,23320,143,43,10943,186,34263,152.142857142857
"263",2020-10-15,23480,160,51,10994,211,34474,158
"264",2020-10-16,23591,111,40,11034,151,34625,158.714285714286
"265",2020-10-17,23657,66,26,11060,92,34717,155.142857142857
"266",2020-10-18,23697,40,29,11089,69,34786,153.571428571429
"267",2020-10-19,23837,140,60,11149,200,34986,158.285714285714
"268",2020-10-20,24036,199,48,11197,247,35233,165.142857142857
"269",2020-10-21,24183,147,45,11242,192,35425,166
"270",2020-10-22,24315,132,47,11289,179,35604,161.428571428571
"271",2020-10-23,24460,145,56,11345,201,35805,168.571428571429
"272",2020-10-24,24529,69,49,11394,118,35923,172.285714285714
"273",2020-10-25,24585,56,39,11433,95,36018,176
"274",2020-10-26,24743,158,51,11484,209,36227,177.285714285714
"275",2020-10-27,24945,202,43,11527,245,36472,177
"276",2020-10-28,25114,169,47,11574,216,36688,180.428571428571
"277",2020-10-29,25257,143,65,11639,208,36896,184.571428571429
"278",2020-10-30,25405,148,47,11686,195,37091,183.714285714286
"279",2020-10-31,25503,98,60,11746,158,37249,189.428571428571
"280",2020-11-01,25559,56,53,11799,109,37358,191.428571428571
"281",2020-11-02,25779,220,81,11880,301,37659,204.571428571429
"282",2020-11-03,26059,280,112,11992,392,38051,225.571428571429
"283",2020-11-04,26359,300,96,12088,396,38447,251.285714285714
"284",2020-11-05,26622,263,98,12186,361,38808,273.142857142857
"285",2020-11-06,26880,258,99,12285,357,39165,296.285714285714
"286",2020-11-07,27091,211,76,12361,287,39452,314.714285714286
"287",2020-11-08,27177,86,60,12421,146,39598,320
"288",2020-11-09,27475,298,128,12549,426,40024,337.857142857143
"289",2020-11-10,27903,428,109,12658,537,40561,358.571428571429
"290",2020-11-11,28248,345,102,12760,447,41008,365.857142857143
"291",2020-11-12,28693,445,116,12876,561,41569,394.428571428571
"292",2020-11-13,29073,380,120,12996,500,42069,414.857142857143
"293",2020-11-14,29337,264,89,13085,353,42422,424.285714285714
"294",2020-11-15,29455,118,102,13187,220,42642,434.857142857143
"295",2020-11-16,29771,316,180,13367,496,43138,444.857142857143
"296",2020-11-17,30336,565,166,13533,731,43869,472.571428571429
"297",2020-11-18,30912,576,161,13694,737,44606,514
"298",2020-11-19,31427,515,151,13845,666,45272,529
"299",2020-11-20,31978,551,133,13978,684,45956,555.285714285714
"300",2020-11-21,32320,342,132,14110,474,46430,572.571428571429
"301",2020-11-22,32593,273,102,14212,375,46805,594.714285714286
"302",2020-11-23,33227,634,198,14410,832,47637,642.714285714286
"303",2020-11-24,33916,689,196,14606,885,48522,664.714285714286
"304",2020-11-25,34757,841,195,14801,1036,49558,707.428571428571
"305",2020-11-26,34910,153,120,14921,273,49831,651.285714285714
"306",2020-11-27,35439,529,185,15106,714,50545,655.571428571429
"307",2020-11-28,35998,559,196,15302,755,51300,695.714285714286
"308",2020-11-29,36510,512,186,15488,698,51998,741.857142857143
"309",2020-11-30,37452,942,335,15823,1277,53275,805.428571428571
"310",2020-12-01,38750,1298,353,16176,1651,54926,914.857142857143
"311",2020-12-02,40104,1354,324,16500,1678,56604,1006.57142857143
"312",2020-12-03,41336,1232,352,16852,1584,58188,1193.85714285714
"313",2020-12-04,42562,1226,348,17200,1574,59762,1316.71428571429
"314",2020-12-05,43376,814,290,17490,1104,60866,1366.57142857143
"315",2020-12-06,43872,496,246,17736,742,61608,1372.85714285714
"316",2020-12-07,45157,1285,506,18242,1791,63399,1446.28571428571
"317",2020-12-08,46716,1559,435,18677,1994,65393,1495.28571428571
"318",2020-12-09,48254,1538,392,19069,1930,67323,1531.28571428571
"319",2020-12-10,49589,1335,438,19507,1773,69096,1558.28571428571
"320",2020-12-11,50700,1111,443,19950,1554,70650,1555.42857142857
"321",2020-12-12,51523,823,272,20222,1095,71745,1554.14285714286
"322",2020-12-13,52288,765,214,20436,979,72724,1588
"323",2020-12-14,53540,1252,488,20924,1740,74464,1580.71428571429
"324",2020-12-15,55379,1839,493,21417,2332,76796,1629
"325",2020-12-16,57025,1646,398,21815,2044,78840,1645.28571428571
"326",2020-12-17,58523,1498,324,22139,1822,80662,1652.28571428571
"327",2020-12-18,59715,1192,363,22502,1555,82217,1652.42857142857
"328",2020-12-19,60463,748,307,22809,1055,83272,1646.71428571429
"329",2020-12-20,61066,603,213,23022,816,84088,1623.42857142857
"330",2020-12-21,62594,1528,430,23452,1958,86046,1654.57142857143
"331",2020-12-22,64040,1446,399,23851,1845,87891,1585
"332",2020-12-23,65481,1441,322,24173,1763,89654,1544.85714285714
"333",2020-12-24,66226,745,298,24471,1043,90697,1433.57142857143
"334",2020-12-25,66437,211,198,24669,409,91106,1269.85714285714
"335",2020-12-26,67433,996,316,24985,1312,92418,1306.57142857143
"336",2020-12-27,68243,810,332,25317,1142,93560,1353.14285714286
"337",2020-12-28,70067,1824,542,25859,2366,95926,1411.42857142857
"338",2020-12-29,71883,1816,444,26303,2260,98186,1470.71428571429
"339",2020-12-30,73785,1902,439,26742,2341,100527,1553.28571428571
"340",2020-12-31,74963,1178,376,27118,1554,102081,1626.28571428571
"341",2021-01-01,75237,274,303,27421,577,102658,1650.28571428571
"342",2021-01-02,76221,984,449,27870,1433,104091,1667.57142857143
"343",2021-01-03,77144,923,343,28213,1266,105357,1685.28571428571
"344",2021-01-04,78757,1613,580,28793,2193,107550,1660.57142857143
"345",2021-01-05,81008,2251,559,29352,2810,110360,1739.14285714286
"346",2021-01-06,82823,1815,496,29848,2311,112671,1734.85714285714
"347",2021-01-07,84447,1624,427,30275,2051,114722,1805.85714285714
"348",2021-01-08,85590,1143,525,30800,1668,116390,1961.71428571429
"349",2021-01-09,86460,870,349,31149,1219,117609,1931.14285714286
"350",2021-01-10,87156,696,307,31456,1003,118612,1893.57142857143
"351",2021-01-11,88441,1285,492,31948,1777,120389,1834.14285714286
"352",2021-01-12,89927,1486,444,32392,1930,122319,1708.42857142857
"353",2021-01-13,91229,1302,395,32787,1697,124016,1620.71428571429
"354",2021-01-14,92392,1163,348,33135,1511,125527,1543.57142857143
"355",2021-01-15,93391,999,368,33503,1367,126894,1500.57142857143
"356",2021-01-16,94012,621,243,33746,864,127758,1449.85714285714
"357",2021-01-17,94480,468,172,33918,640,128398,1398
"358",2021-01-18,95217,737,252,34170,989,129387,1285.42857142857
"359",2021-01-19,96239,1022,307,34477,1329,130716,1199.57142857143
"360",2021-01-20,97125,886,295,34772,1181,131897,1125.85714285714
"361",2021-01-21,97905,780,231,35003,1011,132908,1054.42857142857
"362",2021-01-22,98524,619,247,35250,866,133774,982.857142857143
"363",2021-01-23,98946,422,226,35476,648,134422,952
"364",2021-01-24,99291,345,177,35653,522,134944,935.142857142857
"365",2021-01-25,99916,625,246,35899,871,135815,918.285714285714
"366",2021-01-26,100458,542,238,36137,780,136595,839.857142857143
"367",2021-01-27,100989,531,202,36339,733,137328,775.857142857143
"368",2021-01-28,101406,417,154,36493,571,137899,713
"369",2021-01-29,101914,508,168,36661,676,138575,685.857142857143
"370",2021-01-30,102295,381,129,36790,510,139085,666.142857142857
"371",2021-01-31,102571,276,143,36933,419,139504,651.428571428571
"372",2021-02-01,103117,546,191,37124,737,140241,632.285714285714
"373",2021-02-02,103571,454,153,37277,607,140848,607.571428571429
"374",2021-02-03,104063,492,169,37446,661,141509,597.285714285714
"375",2021-02-04,104460,397,140,37586,537,142046,592.428571428571
"376",2021-02-05,104854,394,121,37707,515,142561,569.428571428571
"377",2021-02-06,105098,244,84,37791,328,142889,543.428571428571
"378",2021-02-07,105279,181,72,37863,253,143142,519.714285714286
"379",2021-02-08,105631,352,138,38001,490,143632,484.428571428571
"380",2021-02-09,106042,411,112,38113,523,144155,472.428571428571
"381",2021-02-10,106417,375,129,38242,504,144659,450
"382",2021-02-11,106720,303,90,38332,393,145052,429.428571428571
"383",2021-02-12,106986,266,96,38428,362,145414,407.571428571429
"384",2021-02-13,107138,152,73,38501,225,145639,392.857142857143
"385",2021-02-14,107324,186,53,38554,239,145878,390.857142857143
"386",2021-02-15,107511,187,82,38636,269,146147,359.285714285714
"387",2021-02-16,107752,241,80,38716,321,146468,330.428571428571
"388",2021-02-17,108016,264,60,38776,324,146792,304.714285714286
"389",2021-02-18,108288,272,67,38843,339,147131,297
"390",2021-02-19,108520,232,63,38906,295,147426,287.428571428571
"391",2021-02-20,108695,175,60,38966,235,147661,288.857142857143
"392",2021-02-21,108860,165,43,39009,208,147869,284.428571428571
"393",2021-02-22,109123,263,64,39073,327,148196,292.714285714286
"394",2021-02-23,109341,218,55,39128,273,148469,285.857142857143
"395",2021-02-24,109601,260,60,39188,320,148789,285.285714285714
"396",2021-02-25,109766,165,39,39227,204,148993,266
"397",2021-02-26,109922,156,46,39273,202,149195,252.714285714286
"398",2021-02-27,110056,134,43,39316,177,149372,244.428571428571
"399",2021-02-28,110179,123,42,39358,165,149537,238.285714285714
"400",2021-03-01,110382,203,55,39413,258,149795,228.428571428571
"401",2021-03-02,110564,182,50,39463,232,150027,222.571428571429
"402",2021-03-03,110758,194,51,39514,245,150272,211.857142857143
"403",2021-03-04,110921,163,51,39565,214,150486,213.285714285714
"404",2021-03-05,111075,154,43,39608,197,150683,212.571428571429
"405",2021-03-06,111162,87,33,39641,120,150803,204.428571428571
"406",2021-03-07,111240,78,23,39664,101,150904,195.285714285714
"407",2021-03-08,111407,167,39,39703,206,151110,187.857142857143
"408",2021-03-09,111558,151,48,39751,199,151309,183.142857142857
"409",2021-03-10,111693,135,47,39798,182,151491,174.142857142857
"410",2021-03-11,111813,120,26,39824,146,151637,164.428571428571
"411",2021-03-12,111926,113,38,39862,151,151788,157.857142857143
"412",2021-03-13,112021,95,36,39898,131,151919,159.428571428571
"413",2021-03-14,112087,66,27,39925,93,152012,158.285714285714
"414",2021-03-15,112223,136,39,39964,175,152187,153.857142857143
"415",2021-03-16,112340,117,52,40016,169,152356,149.571428571429
"416",2021-03-17,112492,152,34,40050,186,152542,150.142857142857
"417",2021-03-18,112599,107,31,40081,138,152680,149
"418",2021-03-19,112713,114,40,40121,154,152834,149.428571428571
"419",2021-03-20,112780,67,25,40146,92,152926,143.857142857143
"420",2021-03-21,112855,75,34,40180,109,153035,146.142857142857
"421",2021-03-22,112967,112,44,40224,156,153191,143.428571428571
"422",2021-03-23,113086,119,50,40274,169,153360,143.428571428571
"423",2021-03-24,113211,125,59,40333,184,153544,143.142857142857
"424",2021-03-25,113345,134,49,40382,183,153727,149.571428571429
"425",2021-03-26,113472,127,41,40423,168,153895,151.571428571429
"426",2021-03-27,113539,67,34,40457,101,153996,152.857142857143
"427",2021-03-28,113605,66,24,40481,90,154086,150.142857142857
"428",2021-03-29,113721,116,45,40526,161,154247,150.857142857143
"429",2021-03-30,113813,92,42,40568,134,154381,145.857142857143
"430",2021-03-31,113957,144,46,40614,190,154571,146.714285714286
"431",2021-04-01,114081,124,31,40645,155,154726,142.714285714286
"432",2021-04-02,114184,103,41,40686,144,154870,139.285714285714
"433",2021-04-03,114256,72,42,40728,114,154984,141.142857142857
"434",2021-04-04,114314,58,25,40753,83,155067,140.142857142857
"435",2021-04-05,114511,197,41,40794,238,155305,151.142857142857
"436",2021-04-06,114678,167,41,40835,208,155513,161.714285714286
"437",2021-04-07,114848,170,49,40884,219,155732,165.857142857143
"438",2021-04-08,115007,159,44,40928,203,155935,172.714285714286
"439",2021-04-09,115139,132,38,40966,170,156105,176.428571428571
"440",2021-04-10,115239,100,37,41003,137,156242,179.714285714286
"441",2021-04-11,115304,65,30,41033,95,156337,181.428571428571
"442",2021-04-12,115447,143,53,41086,196,156533,175.428571428571
"443",2021-04-13,115567,120,43,41129,163,156696,169
"444",2021-04-14,115716,149,45,41174,194,156890,165.428571428571
"445",2021-04-15,115857,141,38,41212,179,157069,162
"446",2021-04-16,115971,114,38,41250,152,157221,159.428571428571
"447",2021-04-17,116065,94,30,41280,124,157345,157.571428571429
"448",2021-04-18,116145,80,23,41303,103,157448,158.714285714286
"449",2021-04-19,116279,134,29,41332,163,157611,154
"450",2021-04-20,116403,124,32,41364,156,157767,153
"451",2021-04-21,116525,122,31,41395,153,157920,147.142857142857
"452",2021-04-22,116604,79,29,41424,108,158028,137
"453",2021-04-23,116699,95,27,41451,122,158150,132.714285714286
"454",2021-04-24,116761,62,25,41476,87,158237,127.428571428571
"455",2021-04-25,116812,51,13,41489,64,158301,121.857142857143
"456",2021-04-26,116887,75,34,41523,109,158410,114.142857142857
"457",2021-04-27,116994,107,30,41553,137,158547,111.428571428571
"458",2021-04-28,117056,62,34,41587,96,158643,103.285714285714
"459",2021-04-29,117138,82,26,41613,108,158751,103.285714285714
"460",2021-04-30,117203,65,27,41640,92,158843,99
"461",2021-05-01,117251,48,13,41653,61,158904,95.2857142857143
"462",2021-05-02,117299,48,29,41682,77,158981,97.1428571428571
"463",2021-05-03,117371,72,15,41697,87,159068,94
"464",2021-05-04,117456,85,23,41720,108,159176,89.8571428571429
"465",2021-05-05,117526,70,25,41745,95,159271,89.7142857142857
"466",2021-05-06,117571,45,28,41773,73,159344,84.7142857142857
"467",2021-05-07,117624,53,17,41790,70,159414,81.5714285714286
"468",2021-05-08,117650,26,14,41804,40,159454,78.5714285714286
"469",2021-05-09,117677,27,11,41815,38,159492,73
"470",2021-05-10,117718,41,29,41844,70,159562,70.5714285714286
"471",2021-05-11,117788,70,19,41863,89,159651,67.8571428571429
"472",2021-05-12,117839,51,18,41881,69,159720,64.1428571428571
"473",2021-05-13,117897,58,9,41890,67,159787,63.2857142857143
"474",2021-05-14,117941,44,18,41908,62,159849,62.1428571428571
"475",2021-05-15,117964,23,10,41918,33,159882,61.1428571428571
"476",2021-05-16,117992,28,16,41934,44,159926,62
"477",2021-05-17,118020,28,11,41945,39,159965,57.5714285714286
"478",2021-05-18,118060,40,26,41971,66,160031,54.2857142857143
"479",2021-05-19,118087,27,11,41982,38,160069,49.8571428571429
"480",2021-05-20,118133,46,7,41989,53,160122,47.8571428571429
"481",2021-05-21,118153,20,14,42003,34,160156,43.8571428571429
"482",2021-05-22,118181,28,13,42016,41,160197,45
"483",2021-05-23,118198,17,10,42026,27,160224,42.5714285714286
"484",2021-05-24,118222,24,17,42043,41,160265,42.8571428571429
"485",2021-05-25,118254,32,10,42053,42,160307,39.4285714285714
"486",2021-05-26,118276,22,10,42063,32,160339,38.5714285714286
"487",2021-05-27,118308,32,8,42071,40,160379,36.7142857142857
"488",2021-05-28,118330,22,9,42080,31,160410,36.2857142857143
"489",2021-05-29,118346,16,6,42086,22,160432,33.5714285714286
"490",2021-05-30,118370,24,8,42094,32,160464,34.2857142857143
"491",2021-05-31,118377,7,8,42102,15,160479,30.5714285714286
"492",2021-06-01,118419,42,14,42116,56,160535,32.5714285714286
"493",2021-06-02,118457,38,16,42132,54,160589,35.7142857142857
"494",2021-06-03,118491,34,10,42142,44,160633,36.2857142857143
"495",2021-06-04,118530,39,12,42154,51,160684,39.1428571428571
"496",2021-06-05,118552,22,11,42165,33,160717,40.7142857142857
"497",2021-06-06,118570,18,9,42174,27,160744,40
"498",2021-06-07,118598,28,16,42190,44,160788,44.1428571428571
"499",2021-06-08,118621,23,16,42206,39,160827,41.7142857142857
"500",2021-06-09,118647,26,12,42218,38,160865,39.4285714285714
"501",2021-06-10,118684,37,16,42234,53,160918,40.7142857142857
"502",2021-06-11,118717,33,7,42241,40,160958,39.1428571428571
"503",2021-06-12,118738,21,14,42255,35,160993,39.4285714285714
"504",2021-06-13,118759,21,6,42261,27,161020,39.4285714285714
"505",2021-06-14,118777,18,14,42275,32,161052,37.7142857142857
"506",2021-06-15,118810,33,13,42288,46,161098,38.7142857142857
"507",2021-06-16,118839,29,13,42301,42,161140,39.2857142857143
"508",2021-06-17,118882,43,16,42317,59,161199,40.1428571428571
"509",2021-06-18,118909,27,7,42324,34,161233,39.2857142857143
"510",2021-06-19,118925,16,12,42336,28,161261,38.2857142857143
"511",2021-06-20,118941,16,13,42349,29,161290,38.5714285714286
"512",2021-06-21,118983,42,28,42377,70,161360,44
"513",2021-06-22,119020,37,15,42392,52,161412,44.8571428571429
"514",2021-06-23,119050,30,13,42405,43,161455,45
"515",2021-06-24,119086,36,13,42418,49,161504,43.5714285714286
"516",2021-06-25,119113,27,20,42438,47,161551,45.4285714285714
"517",2021-06-26,119131,18,17,42455,35,161586,46.4285714285714
"518",2021-06-27,119151,20,17,42472,37,161623,47.5714285714286
"519",2021-06-28,119200,49,22,42494,71,161694,47.7142857142857
"520",2021-06-29,119245,45,30,42524,75,161769,51
"521",2021-06-30,119289,44,28,42552,72,161841,55.1428571428571
"522",2021-07-01,119342,53,23,42575,76,161917,59
"523",2021-07-02,119387,45,21,42596,66,161983,61.7142857142857
"524",2021-07-03,119456,69,12,42608,81,162064,68.2857142857143
"525",2021-07-04,119476,20,11,42619,31,162095,67.4285714285714
"526",2021-07-05,119534,58,5,42624,63,162158,66.2857142857143
"527",2021-07-06,119641,107,0,42624,107,162265,70.8571428571429
"528",2021-07-07,119725,84,0,42624,84,162349,72.5714285714286
"529",2021-07-08,119781,56,0,42624,56,162405,69.7142857142857
"530",2021-07-09,119828,47,0,42624,47,162452,67
"531",2021-07-10,119833,5,0,42624,5,162457,56.1428571428571
