"","date","total_cases_scc","new_cases_scc","new_cases_7davg","new_cases_smc","total_cases_smc","new_cases","total_cases","new_cases_mov7"
"1",2020-01-27,1,1,NA,0,0,1,1,1
"2",2020-01-28,2,1,NA,0,0,1,2,1
"3",2020-01-29,3,1,NA,0,0,1,3,1
"4",2020-01-30,4,1,NA,0,0,1,4,1
"5",2020-01-31,6,2,NA,0,0,2,6,1.2
"6",2020-02-01,6,0,NA,0,0,0,6,1
"7",2020-02-02,6,0,0.857142857,0,0,0,6,0.857142857142857
"8",2020-02-03,6,0,0.714285714,0,0,0,6,0.714285714285714
"9",2020-02-04,6,0,0.571428571,0,0,0,6,0.571428571428571
"10",2020-02-05,6,0,0.428571429,0,0,0,6,0.428571428571429
"11",2020-02-06,6,0,0.285714286,0,0,0,6,0.285714285714286
"12",2020-02-07,6,0,0,0,0,0,6,0
"13",2020-02-08,6,0,0,0,0,0,6,0
"14",2020-02-09,6,0,0,0,0,0,6,0
"15",2020-02-10,6,0,0,0,0,0,6,0
"16",2020-02-11,6,0,0,0,0,0,6,0
"17",2020-02-12,6,0,0,0,0,0,6,0
"18",2020-02-13,6,0,0,0,0,0,6,0
"19",2020-02-14,6,0,0,0,0,0,6,0
"20",2020-02-15,6,0,0,0,0,0,6,0
"21",2020-02-16,6,0,0,0,0,0,6,0
"22",2020-02-17,7,1,0.142857143,0,0,1,7,0.142857142857143
"23",2020-02-18,7,0,0.142857143,0,0,0,7,0.142857142857143
"24",2020-02-19,7,0,0.142857143,0,0,0,7,0.142857142857143
"25",2020-02-20,8,1,0.285714286,23,23,24,31,3.57142857142857
"26",2020-02-21,8,0,0.285714286,2,25,2,33,3.85714285714286
"27",2020-02-22,8,0,0.285714286,0,25,0,33,3.85714285714286
"28",2020-02-23,8,0,0.285714286,2,27,2,35,4.14285714285714
"29",2020-02-24,8,0,0.142857143,3,30,3,38,4.42857142857143
"30",2020-02-25,8,0,0.142857143,4,34,4,42,5
"31",2020-02-26,10,2,0.428571429,1,35,3,45,5.42857142857143
"32",2020-02-27,10,0,0.285714286,2,37,2,47,2.28571428571429
"33",2020-02-28,12,2,0.571428571,4,41,6,53,2.85714285714286
"34",2020-02-29,16,4,1.142857143,5,46,9,62,4.14285714285714
"35",2020-03-01,16,0,1.142857143,8,54,8,70,5
"36",2020-03-02,21,5,1.857142857,8,62,13,83,6.42857142857143
"37",2020-03-03,23,2,2.142857143,9,71,11,94,7.42857142857143
"38",2020-03-04,28,5,2.571428571,7,78,12,106,8.71428571428571
"39",2020-03-05,35,7,3.571428571,4,82,11,117,10
"40",2020-03-06,45,10,4.714285714,14,96,24,141,12.5714285714286
"41",2020-03-07,53,8,5.285714286,8,104,16,157,13.5714285714286
"42",2020-03-08,57,4,5.857142857,10,114,14,171,14.4285714285714
"43",2020-03-09,74,17,7.571428571,14,128,31,202,17
"44",2020-03-10,89,15,9.428571429,13,141,28,230,19.4285714285714
"45",2020-03-11,115,26,12.42857143,14,155,40,270,23.4285714285714
"46",2020-03-12,138,23,14.71428571,16,171,39,309,27.4285714285714
"47",2020-03-13,186,48,20.14285714,33,204,81,390,35.5714285714286
"48",2020-03-14,229,43,25.14285714,19,223,62,452,42.1428571428571
"49",2020-03-15,261,32,29.14285714,25,248,57,509,48.2857142857143
"50",2020-03-16,298,37,32,33,281,70,579,53.8571428571429
"51",2020-03-17,349,51,37.14285714,36,317,87,666,62.2857142857143
"52",2020-03-18,391,42,39.42857143,26,343,68,734,66.2857142857143
"53",2020-03-19,434,43,42.28571429,21,364,64,798,69.8571428571429
"54",2020-03-20,497,63,44.42857143,33,397,96,894,72
"55",2020-03-21,533,36,43.42857143,30,427,66,960,72.5714285714286
"56",2020-03-22,575,42,44.85714286,37,464,79,1039,75.7142857142857
"57",2020-03-23,653,78,50.71428571,29,493,107,1146,81
"58",2020-03-24,723,70,53.42857143,38,531,108,1254,84
"59",2020-03-25,802,79,58.71428571,38,569,117,1371,91
"60",2020-03-26,875,73,63,37,606,110,1481,97.5714285714286
"61",2020-03-27,941,66,63.42857143,34,640,100,1581,98.1428571428571
"62",2020-03-28,981,40,64,27,667,67,1648,98.2857142857143
"63",2020-03-29,1006,25,61.57142857,19,686,44,1692,93.2857142857143
"64",2020-03-30,1080,74,61,25,711,99,1791,92.1428571428571
"65",2020-03-31,1132,52,58.42857143,24,735,76,1867,87.5714285714286
"66",2020-04-01,1182,50,54.28571429,18,753,68,1935,80.5714285714286
"67",2020-04-02,1234,52,51.28571429,18,771,70,2005,74.8571428571429
"68",2020-04-03,1277,43,48,20,791,63,2068,69.5714285714286
"69",2020-04-04,1309,32,46.85714286,16,807,48,2116,66.8571428571429
"70",2020-04-05,1351,42,49.28571429,12,819,54,2170,68.2857142857143
"71",2020-04-06,1404,53,46.28571429,21,840,74,2244,64.7142857142857
"72",2020-04-07,1445,41,44.71428571,20,860,61,2305,62.5714285714286
"73",2020-04-08,1515,70,47.57142857,19,879,89,2394,65.5714285714286
"74",2020-04-09,1583,68,49.85714286,13,892,81,2475,67.1428571428571
"75",2020-04-10,1664,81,55.28571429,16,908,97,2572,72
"76",2020-04-11,1705,41,56.57142857,15,923,56,2628,73.1428571428571
"77",2020-04-12,1729,24,54,11,934,35,2663,70.4285714285714
"78",2020-04-13,1769,40,52.14285714,26,960,66,2729,69.2857142857143
"79",2020-04-14,1813,44,52.57142857,40,1000,84,2813,72.5714285714286
"80",2020-04-15,1844,31,47,36,1036,67,2880,69.4285714285714
"81",2020-04-16,1870,26,41,48,1084,74,2954,68.4285714285714
"82",2020-04-17,1910,40,35.14285714,28,1112,68,3022,64.2857142857143
"83",2020-04-18,1925,15,31.42857143,16,1128,31,3053,60.7142857142857
"84",2020-04-19,1939,14,30,21,1149,35,3088,60.7142857142857
"85",2020-04-20,1964,25,27.85714286,38,1187,63,3151,60.2857142857143
"86",2020-04-21,1990,26,25.28571429,23,1210,49,3200,55.2857142857143
"87",2020-04-22,2039,49,27.85714286,43,1253,92,3292,58.8571428571429
"88",2020-04-23,2059,20,27,22,1275,42,3334,54.2857142857143
"89",2020-04-24,2088,29,25.42857143,38,1313,67,3401,54.1428571428571
"90",2020-04-25,2102,14,25.28571429,20,1333,34,3435,54.5714285714286
"91",2020-04-26,2113,11,24.85714286,18,1351,29,3464,53.7142857142857
"92",2020-04-27,2137,24,24.71428571,26,1377,50,3514,51.8571428571429
"93",2020-04-28,2158,21,24,21,1398,42,3556,50.8571428571429
"94",2020-04-29,2186,28,21,13,1411,41,3597,43.5714285714286
"95",2020-04-30,2197,11,19.71428571,27,1438,38,3635,43
"96",2020-05-01,2219,22,18.71428571,30,1468,52,3687,40.8571428571429
"97",2020-05-02,2231,12,18.42857143,17,1485,29,3716,40.1428571428571
"98",2020-05-03,2239,8,18,16,1501,24,3740,39.4285714285714
"99",2020-05-04,2258,19,17.28571429,28,1529,47,3787,39
"100",2020-05-05,2271,13,16.14285714,22,1551,35,3822,38
"101",2020-05-06,2298,27,16,29,1580,56,3878,40.1428571428571
"102",2020-05-07,2311,13,16.28571429,26,1606,39,3917,40.2857142857143
"103",2020-05-08,2335,24,16.57142857,23,1629,47,3964,39.5714285714286
"104",2020-05-09,2346,11,16.42857143,16,1645,27,3991,39.2857142857143
"105",2020-05-10,2349,3,15.71428571,19,1664,22,4013,39
"106",2020-05-11,2369,20,15.85714286,23,1687,43,4056,38.4285714285714
"107",2020-05-12,2384,15,16.14285714,29,1716,44,4100,39.7142857142857
"108",2020-05-13,2404,20,15.14285714,28,1744,48,4148,38.5714285714286
"109",2020-05-14,2428,24,16.71428571,34,1778,58,4206,41.2857142857143
"110",2020-05-15,2443,15,15.42857143,55,1833,70,4276,44.5714285714286
"111",2020-05-16,2458,15,16,23,1856,38,4314,46.1428571428571
"112",2020-05-17,2465,7,16.57142857,17,1873,24,4338,46.4285714285714
"113",2020-05-18,2504,39,19.28571429,41,1914,80,4418,51.7142857142857
"114",2020-05-19,2548,44,23.42857143,39,1953,83,4501,57.2857142857143
"115",2020-05-20,2584,36,25.71428571,42,1995,78,4579,61.5714285714286
"116",2020-05-21,2605,21,25.28571429,70,2065,91,4670,66.2857142857143
"117",2020-05-22,2631,26,26.85714286,35,2100,61,4731,65
"118",2020-05-23,2648,17,27.14285714,19,2119,36,4767,64.7142857142857
"119",2020-05-24,2650,2,26.42857143,29,2148,31,4798,65.7142857142857
"120",2020-05-25,2657,7,21.85714286,34,2182,41,4839,60.1428571428571
"121",2020-05-26,2687,30,19.85714286,39,2221,69,4908,58.1428571428571
"122",2020-05-27,2726,39,20.28571429,38,2259,77,4985,58
"123",2020-05-28,2749,23,20.57142857,41,2300,64,5049,54.1428571428571
"124",2020-05-29,2793,44,23.14285714,31,2331,75,5124,56.1428571428571
"125",2020-05-30,2809,16,23,20,2351,36,5160,56.1428571428571
"126",2020-05-31,2819,10,24.14285714,25,2376,35,5195,56.7142857142857
"127",2020-06-01,2853,34,28,52,2428,86,5281,63.1428571428571
"128",2020-06-02,2878,25,27.28571429,46,2474,71,5352,63.4285714285714
"129",2020-06-03,2919,41,27.57142857,36,2510,77,5429,63.4285714285714
"130",2020-06-04,2955,36,29.42857143,27,2537,63,5492,63.2857142857143
"131",2020-06-05,2992,37,28.42857143,25,2562,62,5554,61.4285714285714
"132",2020-06-06,3005,13,28,25,2587,38,5592,61.7142857142857
"133",2020-06-07,3023,18,29.14285714,13,2600,31,5623,61.1428571428571
"134",2020-06-08,3062,39,29.85714286,31,2631,70,5693,58.8571428571429
"135",2020-06-09,3108,46,32.85714286,32,2663,78,5771,59.8571428571429
"136",2020-06-10,3171,63,36,31,2694,94,5865,62.2857142857143
"137",2020-06-11,3221,50,38,40,2734,90,5955,66.1428571428571
"138",2020-06-12,3279,58,41,37,2771,95,6050,70.8571428571429
"139",2020-06-13,3300,21,42.14285714,37,2808,58,6108,73.7142857142857
"140",2020-06-14,3313,13,41.42857143,21,2829,34,6142,74.1428571428571
"141",2020-06-15,3375,62,44.71428571,59,2888,121,6263,81.4285714285714
"142",2020-06-16,3469,94,51.57142857,43,2931,137,6400,89.8571428571429
"143",2020-06-17,3560,91,55.57142857,53,2984,144,6544,97
"144",2020-06-18,3662,102,63,46,3030,148,6692,105.285714285714
"145",2020-06-19,3773,111,70.57142857,40,3070,151,6843,113.285714285714
"146",2020-06-20,3823,50,74.71428571,39,3109,89,6932,117.714285714286
"147",2020-06-21,3860,37,78.14285714,49,3158,86,7018,125.142857142857
"148",2020-06-22,3964,104,84.14285714,62,3220,166,7184,131.571428571429
"149",2020-06-23,4153,189,97.71428571,77,3297,266,7450,150
"150",2020-06-24,4299,146,105.5714286,68,3365,214,7664,160
"151",2020-06-25,4432,133,110,56,3421,189,7853,165.857142857143
"152",2020-06-26,4569,137,113.7142857,70,3491,207,8060,173.857142857143
"153",2020-06-27,4680,111,122.4285714,50,3541,161,8221,184.142857142857
"154",2020-06-28,4740,60,125.7142857,56,3597,116,8337,188.428571428571
"155",2020-06-29,4884,144,131.4285714,76,3673,220,8557,196.142857142857
"156",2020-06-30,5073,189,131.4285714,59,3732,248,8805,193.571428571429
"157",2020-07-01,5258,185,137,80,3812,265,9070,200.857142857143
"158",2020-07-02,5442,184,144.2857143,66,3878,250,9320,209.571428571429
"159",2020-07-03,5520,78,135.8571429,79,3957,157,9477,202.428571428571
"160",2020-07-04,5564,44,126.2857143,58,4015,102,9579,194
"161",2020-07-05,5659,95,131.2857143,63,4078,158,9737,200
"162",2020-07-06,5912,253,146.8571429,109,4187,362,10099,220.285714285714
"163",2020-07-07,6202,290,161.2857143,92,4279,382,10481,239.428571428571
"164",2020-07-08,6485,283,175.2857143,117,4396,400,10881,258.714285714286
"165",2020-07-09,6767,282,189.2857143,120,4516,402,11283,280.428571428571
"166",2020-07-10,7015,248,213.5714286,125,4641,373,11656,311.285714285714
"167",2020-07-11,7196,181,233.1428571,65,4706,246,11902,331.857142857143
"168",2020-07-12,7315,119,236.5714286,70,4776,189,12091,336.285714285714
"169",2020-07-13,7521,206,229.8571429,120,4896,326,12417,331.142857142857
"170",2020-07-14,7874,353,238.8571429,132,5028,485,12902,345.857142857143
"171",2020-07-15,8255,381,252.8571429,95,5123,476,13378,356.714285714286
"172",2020-07-16,8594,339,261,114,5237,453,13831,364
"173",2020-07-17,8889,295,267.7142857,109,5346,404,14235,368.428571428571
"174",2020-07-18,9061,172,266.4285714,95,5441,267,14502,371.428571428571
"175",2020-07-19,9149,88,262,58,5499,146,14648,365.285714285714
"176",2020-07-20,9367,218,263.7142857,101,5600,319,14967,364.285714285714
"177",2020-07-21,9679,312,257.8571429,103,5703,415,15382,354.285714285714
"178",2020-07-22,9978,299,246.1428571,85,5788,384,15766,341.142857142857
"179",2020-07-23,10259,281,237.8571429,81,5869,362,16128,328.142857142857
"180",2020-07-24,10505,246,230.8571429,102,5971,348,16476,320.142857142857
"181",2020-07-25,10631,126,224.2857143,61,6032,187,16663,308.714285714286
"182",2020-07-26,10717,86,224,63,6095,149,16812,309.142857142857
"183",2020-07-27,10893,176,218,102,6197,278,17090,303.285714285714
"184",2020-07-28,11191,298,216,100,6297,398,17488,300.857142857143
"185",2020-07-29,11462,271,212,69,6366,340,17828,294.571428571429
"186",2020-07-30,11702,240,206.1428571,91,6457,331,18159,290.142857142857
"187",2020-07-31,11961,259,208,97,6554,356,18515,291.285714285714
"188",2020-08-01,12134,173,214.7142857,73,6627,246,18761,299.714285714286
"189",2020-08-02,12218,84,214.4285714,54,6681,138,18899,298.142857142857
"190",2020-08-03,12388,170,213.5714286,113,6794,283,19182,298.857142857143
"191",2020-08-04,12690,302,214.1428571,82,6876,384,19566,296.857142857143
"192",2020-08-05,13023,333,223,114,6990,447,20013,312.142857142857
"193",2020-08-06,13269,246,223.8571429,97,7087,343,20356,313.857142857143
"194",2020-08-07,13527,258,223.7142857,98,7185,356,20712,313.857142857143
"195",2020-08-08,13733,206,228.4285714,63,7248,269,20981,317.142857142857
"196",2020-08-09,13841,108,231.8571429,55,7303,163,21144,320.714285714286
"197",2020-08-10,14062,221,239.1428571,98,7401,319,21463,325.857142857143
"198",2020-08-11,14391,329,243,81,7482,410,21873,329.571428571429
"199",2020-08-12,14675,284,236,78,7560,362,22235,317.428571428571
"200",2020-08-13,14917,242,235.4285714,78,7638,320,22555,314.142857142857
"201",2020-08-14,15170,253,234.7142857,57,7695,310,22865,307.571428571429
"202",2020-08-15,15326,156,227.5714286,58,7753,214,23079,299.714285714286
"203",2020-08-16,15397,71,222.2857143,38,7791,109,23188,292
"204",2020-08-17,15582,185,217.1428571,77,7868,262,23450,283.857142857143
"205",2020-08-18,15850,268,208.4285714,55,7923,323,23773,271.428571428571
"206",2020-08-19,16022,172,192.4285714,60,7983,232,24005,252.857142857143
"207",2020-08-20,16184,162,181,69,8052,231,24236,240.142857142857
"208",2020-08-21,16350,166,168.5714286,62,8114,228,24464,228.428571428571
"209",2020-08-22,16487,137,165.8571429,60,8174,197,24661,226
"210",2020-08-23,16547,60,164.2857143,47,8221,107,24768,225.714285714286
"211",2020-08-24,16701,154,159.8571429,96,8317,250,25018,224
"212",2020-08-25,16988,287,162.5714286,67,8384,354,25372,228.428571428571
"213",2020-08-26,17216,228,170.5714286,59,8443,287,25659,236.285714285714
"214",2020-08-27,17414,198,175.7142857,67,8510,265,25924,241.142857142857
"215",2020-08-28,17604,190,179.1428571,106,8616,296,26220,250.857142857143
"216",2020-08-29,17745,141,179.7142857,47,8663,188,26408,249.571428571429
"217",2020-08-30,17801,56,179.1428571,41,8704,97,26505,248.142857142857
"218",2020-08-31,17949,148,178.2857143,80,8784,228,26733,245
"219",2020-09-01,18183,234,170.7142857,68,8852,302,27035,237.571428571429
"220",2020-09-02,18414,231,171.1428571,81,8933,312,27347,241.142857142857
"221",2020-09-03,18582,168,166.8571429,63,8996,231,27578,236.285714285714
"222",2020-09-04,18759,177,165,78,9074,255,27833,230.428571428571
"223",2020-09-05,18849,90,157.7142857,48,9122,138,27971,223.285714285714
"224",2020-09-06,18894,45,156.1428571,46,9168,91,28062,222.428571428571
"225",2020-09-07,18935,41,140.8571429,55,9223,96,28158,203.571428571429
"226",2020-09-08,19127,192,134.8571429,76,9299,268,28426,198.714285714286
"227",2020-09-09,19334,207,131.4285714,76,9375,283,28709,194.571428571429
"228",2020-09-10,19478,144,128,61,9436,205,28914,190.857142857143
"229",2020-09-11,19610,132,121.5714286,46,9482,178,29092,179.857142857143
"230",2020-09-12,19693,83,120.5714286,42,9524,125,29217,178
"231",2020-09-13,19726,33,118.8571429,41,9565,74,29291,175.571428571429
"232",2020-09-14,19851,125,130.8571429,61,9626,186,29477,188.428571428571
"233",2020-09-15,20077,226,135.7142857,64,9690,290,29767,191.571428571429
"234",2020-09-16,20227,150,127.5714286,68,9758,218,29985,182.285714285714
"235",2020-09-17,20403,176,132.1428571,64,9822,240,30225,187.285714285714
"236",2020-09-18,20535,132,132.1428571,45,9867,177,30402,187.142857142857
"237",2020-09-19,20606,71,130.4285714,39,9906,110,30512,185
"238",2020-09-20,20648,42,131.7142857,30,9936,72,30584,184.714285714286
"239",2020-09-21,20770,122,131.2857143,68,10004,190,30774,185.285714285714
"240",2020-09-22,20915,145,119.7142857,53,10057,198,30972,172.142857142857
"241",2020-09-23,21053,138,118,40,10097,178,31150,166.428571428571
"242",2020-09-24,21171,118,109.7142857,38,10135,156,31306,154.428571428571
"243",2020-09-25,21274,103,105.5714286,49,10184,152,31458,150.857142857143
"244",2020-09-26,21327,53,103,39,10223,92,31550,148.285714285714
"245",2020-09-27,21367,40,102.7142857,33,10256,73,31623,148.428571428571
"246",2020-09-28,21464,97,99.14285714,71,10327,168,31791,145.285714285714
"247",2020-09-29,21610,146,99.28571429,46,10373,192,31983,144.428571428571
"248",2020-09-30,21728,118,96.42857143,48,10421,166,32149,142.714285714286
"249",2020-10-01,21848,120,96.71428571,42,10463,162,32311,143.571428571429
"250",2020-10-02,21969,121,99.28571429,47,10510,168,32479,145.857142857143
"251",2020-10-03,22035,66,101.1428571,41,10551,107,32586,148
"252",2020-10-04,22078,43,101.5714286,26,10577,69,32655,147.428571428571
"253",2020-10-05,22163,85,99.85714286,60,10637,145,32800,144.142857142857
"254",2020-10-06,22312,149,100.2857143,27,10664,176,32976,141.857142857143
"255",2020-10-07,22442,130,102,31,10695,161,33137,141.142857142857
"256",2020-10-08,22569,127,103,43,10738,170,33307,142.285714285714
"257",2020-10-09,22681,112,101.7142857,33,10771,145,33452,139
"258",2020-10-10,22768,87,104.7142857,29,10800,116,33568,140.285714285714
"259",2020-10-11,22812,44,104.8571429,36,10836,80,33648,141.857142857143
"260",2020-10-12,22946,134,111.8571429,32,10868,166,33814,144.857142857143
"261",2020-10-13,23096,150,112,49,10917,199,34013,148.142857142857
"262",2020-10-14,23239,143,113.8571429,43,10960,186,34199,151.714285714286
"263",2020-10-15,23399,160,118.5714286,51,11011,211,34410,157.571428571429
"264",2020-10-16,23510,111,118.4285714,40,11051,151,34561,158.428571428571
"265",2020-10-17,23576,66,115.4285714,26,11077,92,34653,155
"266",2020-10-18,23616,40,114.8571429,29,11106,69,34722,153.428571428571
"267",2020-10-19,23756,140,115.7142857,61,11167,201,34923,158.428571428571
"268",2020-10-20,23953,197,122.4285714,48,11215,245,35168,165
"269",2020-10-21,24101,148,123.1428571,45,11260,193,35361,166
"270",2020-10-22,24233,132,119.1428571,47,11307,179,35540,161.428571428571
"271",2020-10-23,24378,145,124,56,11363,201,35741,168.571428571429
"272",2020-10-24,24447,69,124.4285714,49,11412,118,35859,172.285714285714
"273",2020-10-25,24503,56,126.7142857,39,11451,95,35954,176
"274",2020-10-26,24661,158,129.2857143,51,11502,209,36163,177.142857142857
"275",2020-10-27,24863,202,130,43,11545,245,36408,177.142857142857
"276",2020-10-28,25032,169,133,47,11592,216,36624,180.428571428571
"277",2020-10-29,25175,143,134.5714286,68,11660,211,36835,185
"278",2020-10-30,25323,148,135,47,11707,195,37030,184.142857142857
"279",2020-10-31,25421,98,139.1428571,60,11767,158,37188,189.857142857143
"280",2020-11-01,25477,56,139.1428571,53,11820,109,37297,191.857142857143
"281",2020-11-02,25697,220,148,82,11902,302,37599,205.142857142857
"282",2020-11-03,25978,281,159.2857143,112,12014,393,37992,226.285714285714
"283",2020-11-04,26277,299,177.8571429,97,12111,396,38388,252
"284",2020-11-05,26543,266,195.4285714,99,12210,365,38753,274
"285",2020-11-06,26801,258,211.1428571,99,12309,357,39110,297.142857142857
"286",2020-11-07,27012,211,227.2857143,76,12385,287,39397,315.571428571429
"287",2020-11-08,27098,86,231.5714286,60,12445,146,39543,320.857142857143
"288",2020-11-09,27395,297,242.5714286,128,12573,425,39968,338.428571428571
"289",2020-11-10,27822,427,263.4285714,109,12682,536,40504,358.857142857143
"290",2020-11-11,28167,345,270,103,12785,448,40952,366.285714285714
"291",2020-11-12,28612,445,295.5714286,116,12901,561,41513,394.285714285714
"292",2020-11-13,28993,381,313.1428571,120,13021,501,42014,414.857142857143
"293",2020-11-14,29260,267,321.1428571,90,13111,357,42371,424.857142857143
"294",2020-11-15,29377,117,325.5714286,102,13213,219,42590,435.285714285714
"295",2020-11-16,29694,317,328.4285714,181,13394,498,43088,445.714285714286
"296",2020-11-17,30259,565,348.1428571,165,13559,730,43818,473.428571428571
"297",2020-11-18,30834,575,381,161,13720,736,44554,514.571428571429
"298",2020-11-19,31347,513,390.7142857,153,13873,666,45220,529.571428571429
"299",2020-11-20,31899,552,415.1428571,133,14006,685,45905,555.857142857143
"300",2020-11-21,32240,341,425.7142857,132,14138,473,46378,572.428571428571
"301",2020-11-22,32514,274,448.1428571,102,14240,376,46754,594.857142857143
"302",2020-11-23,33145,631,493,199,14439,830,47584,642.285714285714
"303",2020-11-24,33834,689,510.7142857,196,14635,885,48469,664.428571428571
"304",2020-11-25,34676,842,548.8571429,195,14830,1037,49506,707.428571428571
"305",2020-11-26,34828,152,497.2857143,120,14950,272,49778,651.142857142857
"306",2020-11-27,35357,529,494,185,15135,714,50492,655.285714285714
"307",2020-11-28,35917,560,525.2857143,196,15331,756,51248,695.714285714286
"308",2020-11-29,36429,512,559.2857143,186,15517,698,51946,741.714285714286
"309",2020-11-30,37372,943,603.8571429,335,15852,1278,53224,805.714285714286
"310",2020-12-01,38670,1298,690.8571429,354,16206,1652,54876,915.285714285714
"311",2020-12-02,40021,1351,763.5714286,324,16530,1675,56551,1006.42857142857
"312",2020-12-03,41249,1228,917.2857143,352,16882,1580,58131,1193.28571428571
"313",2020-12-04,42474,1225,1016.714286,348,17230,1573,59704,1316
"314",2020-12-05,43290,816,1053.285714,290,17520,1106,60810,1366
"315",2020-12-06,43783,493,1050.571429,246,17766,739,61549,1371.85714285714
"316",2020-12-07,45065,1282,1099,507,18273,1789,63338,1444.85714285714
"317",2020-12-08,46617,1552,1135.285714,434,18707,1986,65324,1492.57142857143
"318",2020-12-09,48156,1539,1162.142857,391,19098,1930,67254,1529
"319",2020-12-10,49488,1332,1177,440,19538,1772,69026,1556.42857142857
"320",2020-12-11,50602,1114,1161.142857,440,19978,1554,70580,1553.71428571429
"321",2020-12-12,51422,820,1161.714286,272,20250,1092,71672,1551.71428571429
"322",2020-12-13,52188,766,1200.714286,214,20464,980,72652,1586.14285714286
"323",2020-12-14,53435,1247,1195.714286,489,20953,1736,74388,1578.57142857143
"324",2020-12-15,55270,1835,1236.142857,494,21447,2329,76717,1627.57142857143
"325",2020-12-16,56910,1640,1250.571429,399,21846,2039,78756,1643.14285714286
"326",2020-12-17,58406,1496,1274,324,22170,1820,80576,1650
"327",2020-12-18,59592,1186,1284.285714,367,22537,1553,82129,1649.85714285714
"328",2020-12-19,60340,748,1274,306,22843,1054,83183,1644.42857142857
"329",2020-12-20,60941,601,1250.428571,213,23056,814,83997,1620.71428571429
"330",2020-12-21,62469,1528,1290.571429,430,23486,1958,85955,1652.42857142857
"331",2020-12-22,63907,1438,1233.857143,399,23885,1837,87792,1582.14285714286
"332",2020-12-23,65340,1433,1204.285714,322,24207,1755,89547,1541.57142857143
"333",2020-12-24,66082,742,1096.571429,300,24507,1042,90589,1430.42857142857
"334",2020-12-25,66291,209,957,197,24704,406,90995,1266.57142857143
"335",2020-12-26,67281,990,991.5714286,317,25021,1307,92302,1302.71428571429
"336",2020-12-27,68086,805,1020.714286,332,25353,1137,93439,1348.85714285714
"337",2020-12-28,69908,1822,1062.714286,541,25894,2363,95802,1406.71428571429
"338",2020-12-29,71722,1814,1116.428571,442,26336,2256,98058,1466.57142857143
"339",2020-12-30,73633,1911,1184.714286,441,26777,2352,100410,1551.85714285714
"340",2020-12-31,74808,1175,1246.571429,373,27150,1548,101958,1624.14285714286
"341",2021-01-01,75083,275,1256,306,27456,581,102539,1649.14285714286
"342",2021-01-02,76073,990,1256,452,27908,1442,103981,1668.42857142857
"343",2021-01-03,77001,928,1273.571429,346,28254,1274,105255,1688
"344",2021-01-04,78606,1605,1242.571429,608,28862,2213,107468,1666.57142857143
"345",2021-01-05,80858,2252,1305.142857,566,29428,2818,110286,1746.85714285714
"346",2021-01-06,82667,1809,1290.571429,498,29926,2307,112593,1740.42857142857
"347",2021-01-07,84292,1625,1354.857143,430,30356,2055,114648,1812.85714285714
"348",2021-01-08,85434,1142,1478.714286,529,30885,1671,116319,1968.57142857143
"349",2021-01-09,86304,870,1461.571429,352,31237,1222,117541,1937.14285714286
"350",2021-01-10,86999,695,1428.285714,307,31544,1002,118543,1898.28571428571
"351",2021-01-11,88281,1282,1382.142857,494,32038,1776,120319,1835.85714285714
"352",2021-01-12,89766,1485,1272.571429,453,32491,1938,122257,1710.14285714286
"353",2021-01-13,91080,1314,1201.857143,397,32888,1711,123968,1625
"354",2021-01-14,92244,1164,1136,349,33237,1513,125481,1547.57142857143
"355",2021-01-15,93298,1054,1123.428571,369,33606,1423,126904,1512.14285714286
"356",2021-01-16,93918,620,1087.714286,243,33849,863,127767,1460.85714285714
"357",2021-01-17,94388,470,1055.571429,172,34021,642,128409,1409.42857142857
"358",2021-01-18,95126,738,977.8571429,253,34274,991,129400,1297.28571428571
"359",2021-01-19,96146,1020,911.4285714,316,34590,1336,130736,1211.28571428571
"360",2021-01-20,97029,883,849.8571429,297,34887,1180,131916,1135.42857142857
"361",2021-01-21,97807,778,794.7142857,231,35118,1009,132925,1063.42857142857
"362",2021-01-22,98426,619,732.5714286,247,35365,866,133791,983.857142857143
"363",2021-01-23,98848,422,704.2857143,226,35591,648,134439,953.142857142857
"364",2021-01-24,99193,345,686.4285714,177,35768,522,134961,936
"365",2021-01-25,99818,625,670.2857143,248,36016,873,135834,919.142857142857
"366",2021-01-26,100359,541,601.8571429,241,36257,782,136616,840
"367",2021-01-27,100889,530,551.4285714,202,36459,732,137348,776
"368",2021-01-28,101305,416,499.7142857,156,36615,572,137920,713.571428571429
"369",2021-01-29,101813,508,483.8571429,168,36783,676,138596,686.428571428571
"370",2021-01-30,102195,382,478.1428571,129,36912,511,139107,666.857142857143
"371",2021-01-31,102470,275,468.1428571,143,37055,418,139525,652
"372",2021-02-01,103017,547,457,193,37248,740,140265,633
"373",2021-02-02,103470,453,444.4285714,153,37401,606,140871,607.857142857143
"374",2021-02-03,103962,492,439,169,37570,661,141532,597.714285714286
"375",2021-02-04,104358,396,436.1428571,140,37710,536,142068,592.571428571429
"376",2021-02-05,104751,393,419.7142857,121,37831,514,142582,569.428571428571
"377",2021-02-06,104994,243,399.8571429,84,37915,327,142909,543.142857142857
"378",2021-02-07,105175,181,386.4285714,72,37987,253,143162,519.571428571429
"379",2021-02-08,105524,349,358.1428571,138,38125,487,143649,483.428571428571
"380",2021-02-09,105934,410,352,114,38239,524,144173,471.714285714286
"381",2021-02-10,106309,375,335.2857143,129,38368,504,144677,449.285714285714
"382",2021-02-11,106612,303,322,90,38458,393,145070,428.857142857143
"383",2021-02-12,106875,263,303.4285714,97,38555,360,145430,406.857142857143
"384",2021-02-13,107027,152,290.4285714,74,38629,226,145656,392.428571428571
"385",2021-02-14,107212,185,291,53,38682,238,145894,390.285714285714
"386",2021-02-15,107399,187,267.8571429,83,38765,270,146164,359.285714285714
"387",2021-02-16,107641,242,243.8571429,81,38846,323,146487,330.571428571429
"388",2021-02-17,107904,263,227.8571429,60,38906,323,146810,304.714285714286
"389",2021-02-18,108174,270,223.1428571,67,38973,337,147147,296.714285714286
"390",2021-02-19,108407,233,218.8571429,63,39036,296,147443,287.571428571429
"391",2021-02-20,108582,175,222.1428571,60,39096,235,147678,288.857142857143
"392",2021-02-21,108747,165,219.2857143,43,39139,208,147886,284.571428571429
"393",2021-02-22,109008,261,229.8571429,65,39204,326,148212,292.571428571429
"394",2021-02-23,109225,217,226.2857143,55,39259,272,148484,285.285714285714
"395",2021-02-24,109483,258,225.5714286,60,39319,318,148802,284.571428571429
"396",2021-02-25,109648,165,210.5714286,39,39358,204,149006,265.571428571429
"397",2021-02-26,109804,156,199.5714286,46,39404,202,149208,252.142857142857
"398",2021-02-27,109941,137,194.1428571,43,39447,180,149388,244.285714285714
"399",2021-02-28,110064,123,188.1428571,42,39489,165,149553,238.142857142857
"400",2021-03-01,110269,205,180.1428571,55,39544,260,149813,228.714285714286
"401",2021-03-02,110452,183,175.2857143,50,39594,233,150046,223.142857142857
"402",2021-03-03,110645,193,166,53,39647,246,150292,212.857142857143
"403",2021-03-04,110809,164,165.8571429,51,39698,215,150507,214.428571428571
"404",2021-03-05,110961,152,165.2857143,43,39741,195,150702,213.428571428571
"405",2021-03-06,111045,84,157.7142857,33,39774,117,150819,204.428571428571
"406",2021-03-07,111122,77,151.1428571,23,39797,100,150919,195.142857142857
"407",2021-03-08,111285,163,145.1428571,40,39837,203,151122,187
"408",2021-03-09,111436,151,140.5714286,48,39885,199,151321,182.142857142857
"409",2021-03-10,111571,135,132.2857143,47,39932,182,151503,173
"410",2021-03-11,111694,123,126.4285714,26,39958,149,151652,163.571428571429
"411",2021-03-12,111806,112,120.7142857,38,39996,150,151802,157.142857142857
"412",2021-03-13,111902,96,122.4285714,36,40032,132,151934,159.285714285714
"413",2021-03-14,111968,66,120.8571429,27,40059,93,152027,158.285714285714
"414",2021-03-15,112105,137,117.1428571,39,40098,176,152203,154.428571428571
"415",2021-03-16,112221,116,112.1428571,53,40151,169,152372,150.142857142857
"416",2021-03-17,112374,153,114.7142857,34,40185,187,152559,150.857142857143
"417",2021-03-18,112481,107,112.4285714,31,40216,138,152697,149.285714285714
"418",2021-03-19,112595,114,112.7142857,40,40256,154,152851,149.857142857143
"419",2021-03-20,112662,67,108.5714286,25,40281,92,152943,144.142857142857
"420",2021-03-21,112738,76,110,34,40315,110,153053,146.571428571429
"421",2021-03-22,112851,113,106.5714286,44,40359,157,153210,143.857142857143
"422",2021-03-23,112971,120,107.1428571,50,40409,170,153380,144
"423",2021-03-24,113096,125,103.1428571,59,40468,184,153564,143.571428571429
"424",2021-03-25,113230,134,107,49,40517,183,153747,150
"425",2021-03-26,113357,127,108.8571429,41,40558,168,153915,152
"426",2021-03-27,113424,67,108.8571429,34,40592,101,154016,153.285714285714
"427",2021-03-28,113490,66,107.4285714,25,40617,91,154107,150.571428571429
"428",2021-03-29,113604,114,107.5714286,45,40662,159,154266,150.857142857143
"429",2021-03-30,113695,91,103.4285714,42,40704,133,154399,145.571428571429
"430",2021-03-31,113837,142,105.8571429,46,40750,188,154587,146.142857142857
"431",2021-04-01,113961,124,104.4285714,31,40781,155,154742,142.142857142857
"432",2021-04-02,114065,104,101.1428571,41,40822,145,154887,138.857142857143
"433",2021-04-03,114136,71,101.7142857,42,40864,113,155000,140.571428571429
"434",2021-04-04,114195,59,100.7142857,25,40889,84,155084,139.571428571429
"435",2021-04-05,114389,194,112.1428571,42,40931,236,155320,150.571428571429
"436",2021-04-06,114556,167,123,42,40973,209,155529,161.428571428571
"437",2021-04-07,114724,168,126.7142857,49,41022,217,155746,165.571428571429
"438",2021-04-08,114883,159,131.7142857,45,41067,204,155950,172.571428571429
"439",2021-04-09,115013,130,135.4285714,39,41106,169,156119,176
"440",2021-04-10,115113,100,139.5714286,38,41144,138,156257,179.571428571429
"441",2021-04-11,115180,67,140.7142857,30,41174,97,156354,181.428571428571
"442",2021-04-12,115324,144,133.5714286,54,41228,198,156552,176
"443",2021-04-13,115443,119,126.7142857,43,41271,162,156714,169.285714285714
"444",2021-04-14,115591,148,123.8571429,45,41316,193,156907,165.857142857143
"445",2021-04-15,115730,139,121,38,41354,177,157084,162
"446",2021-04-16,115845,115,118.8571429,38,41392,153,157237,159.714285714286
"447",2021-04-17,115939,94,118,30,41422,124,157361,157.714285714286
"448",2021-04-18,116019,80,119.8571429,23,41445,103,157464,158.571428571429
"449",2021-04-19,116153,134,118.4285714,30,41475,164,157628,153.714285714286
"450",2021-04-20,116277,124,119.1428571,33,41508,157,157785,153
"451",2021-04-21,116397,120,115.1428571,32,41540,152,157937,147.142857142857
"452",2021-04-22,116475,78,106.4285714,30,41570,108,158045,137.285714285714
"453",2021-04-23,116569,94,103.4285714,26,41596,120,158165,132.571428571429
"454",2021-04-24,116631,62,98.85714286,25,41621,87,158252,127.285714285714
"455",2021-04-25,116682,51,94.71428571,13,41634,64,158316,121.714285714286
"456",2021-04-26,116758,76,86.42857143,36,41670,112,158428,114.285714285714
"457",2021-04-27,116864,106,83.85714286,30,41700,136,158564,111.285714285714
"458",2021-04-28,116927,63,75.71428571,35,41735,98,158662,103.571428571429
"459",2021-04-29,117010,83,76.42857143,27,41762,110,158772,103.857142857143
"460",2021-04-30,117074,64,72.14285714,28,41790,92,158864,99.8571428571429
"461",2021-05-01,117121,47,70,14,41804,61,158925,96.1428571428571
"462",2021-05-02,117169,48,69.57142857,29,41833,77,159002,98
"463",2021-05-03,117241,72,69,16,41849,88,159090,94.5714285714286
"464",2021-05-04,117326,85,66,24,41873,109,159199,90.7142857142857
"465",2021-05-05,117397,71,67.14285714,25,41898,96,159295,90.4285714285714
"466",2021-05-06,117443,46,61.85714286,28,41926,74,159369,85.2857142857143
"467",2021-05-07,117495,52,60.14285714,18,41944,70,159439,82.1428571428571
"468",2021-05-08,117521,26,57.14285714,14,41958,40,159479,79.1428571428571
"469",2021-05-09,117547,26,54,11,41969,37,159516,73.4285714285714
"470",2021-05-10,117589,42,49.71428571,29,41998,71,159587,71
"471",2021-05-11,117659,70,47.57142857,19,42017,89,159676,68.1428571428571
"472",2021-05-12,117709,50,44.57142857,18,42035,68,159744,64.1428571428571
"473",2021-05-13,117770,61,46.71428571,9,42044,70,159814,63.5714285714286
"474",2021-05-14,117812,42,45.28571429,18,42062,60,159874,62.1428571428571
"475",2021-05-15,117835,23,44.85714286,10,42072,33,159907,61.1428571428571
"476",2021-05-16,117863,28,45.14285714,16,42088,44,159951,62.1428571428571
"477",2021-05-17,117891,28,43.14285714,11,42099,39,159990,57.5714285714286
"478",2021-05-18,117930,39,38.71428571,26,42125,65,160055,54.1428571428571
"479",2021-05-19,117957,27,35.42857143,12,42137,39,160094,50
"480",2021-05-20,118002,45,33.14285714,7,42144,52,160146,47.4285714285714
"481",2021-05-21,118021,19,29.85714286,14,42158,33,160179,43.5714285714286
"482",2021-05-22,118049,28,30.57142857,13,42171,41,160220,44.7142857142857
"483",2021-05-23,118067,18,29.14285714,10,42181,28,160248,42.4285714285714
"484",2021-05-24,118091,24,28.57142857,17,42198,41,160289,42.7142857142857
"485",2021-05-25,118122,31,27.42857143,10,42208,41,160330,39.2857142857143
"486",2021-05-26,118145,23,26.85714286,10,42218,33,160363,38.4285714285714
"487",2021-05-27,118175,30,24.71428571,8,42226,38,160401,36.4285714285714
"488",2021-05-28,118197,22,25.14285714,9,42235,31,160432,36.1428571428571
"489",2021-05-29,118213,16,23.42857143,6,42241,22,160454,33.4285714285714
"490",2021-05-30,118237,24,24.28571429,8,42249,32,160486,34
"491",2021-05-31,118243,6,21.71428571,8,42257,14,160500,30.1428571428571
"492",2021-06-01,118285,42,23.28571429,16,42273,58,160558,32.5714285714286
"493",2021-06-02,118323,38,25.42857143,16,42289,54,160612,35.5714285714286
"494",2021-06-03,118357,34,26,10,42299,44,160656,36.4285714285714
"495",2021-06-04,118396,39,28.42857143,12,42311,51,160707,39.2857142857143
"496",2021-06-05,118417,21,29.14285714,11,42322,32,160739,40.7142857142857
"497",2021-06-06,118436,19,28.42857143,10,42332,29,160768,40.2857142857143
"498",2021-06-07,118463,27,31.42857143,17,42349,44,160812,44.5714285714286
"499",2021-06-08,118486,23,28.71428571,16,42365,39,160851,41.8571428571429
"500",2021-06-09,118512,26,27,12,42377,38,160889,39.5714285714286
"501",2021-06-10,118550,38,27.57142857,16,42393,54,160943,41
"502",2021-06-11,118583,33,26.71428571,7,42400,40,160983,39.4285714285714
"503",2021-06-12,118604,21,26.71428571,14,42414,35,161018,39.8571428571429
"504",2021-06-13,118625,21,27,6,42420,27,161045,39.5714285714286
"505",2021-06-14,118643,18,25.71428571,14,42434,32,161077,37.8571428571429
"506",2021-06-15,118677,34,27.28571429,14,42448,48,161125,39.1428571428571
"507",2021-06-16,118706,29,27.71428571,13,42461,42,161167,39.7142857142857
"508",2021-06-17,118749,43,28.42857143,17,42478,60,161227,40.5714285714286
"509",2021-06-18,118775,26,27.42857143,6,42484,32,161259,39.4285714285714
"510",2021-06-19,118791,16,26.71428571,12,42496,28,161287,38.4285714285714
"511",2021-06-20,118807,16,26,16,42512,32,161319,39.1428571428571
"512",2021-06-21,118849,42,29.42857143,27,42539,69,161388,44.4285714285714
"513",2021-06-22,118887,38,30,16,42555,54,161442,45.2857142857143
"514",2021-06-23,118917,30,30.14285714,13,42568,43,161485,45.4285714285714
"515",2021-06-24,118951,34,28.85714286,16,42584,50,161535,44
"516",2021-06-25,118978,27,29,26,42610,53,161588,47
"517",2021-06-26,118996,18,29.28571429,18,42628,36,161624,48.1428571428571
"518",2021-06-27,119018,22,30.14285714,20,42648,42,161666,49.5714285714286
"519",2021-06-28,119066,48,31,28,42676,76,161742,50.5714285714286
"520",2021-06-29,119109,43,31.71428571,35,42711,78,161820,54
"521",2021-06-30,119155,46,34,32,42743,78,161898,59
"522",2021-07-01,119207,52,36.57142857,37,42780,89,161987,64.5714285714286
"523",2021-07-02,119250,43,38.85714286,26,42806,69,162056,66.8571428571429
"524",2021-07-03,119316,66,45.71428571,35,42841,101,162157,76.1428571428571
"525",2021-07-04,119336,20,45.42857143,25,42866,45,162202,76.5714285714286
"526",2021-07-05,119392,56,46.57142857,34,42900,90,162292,78.5714285714286
"527",2021-07-06,119499,107,55.71428571,51,42951,158,162450,90
"528",2021-07-07,119587,88,61.71428571,75,43026,163,162613,102.142857142857
"529",2021-07-08,119678,91,67.28571429,54,43080,145,162758,110.142857142857
"530",2021-07-09,119776,98,75.14285714,49,43129,147,162905,121.285714285714
"531",2021-07-10,119881,105,80.71428571,43,43172,148,163053,128
"532",2021-07-11,119949,68,87.57142857,51,43223,119,163172,138.571428571429
"533",2021-07-12,120077,128,97.85714286,81,43304,209,163381,155.571428571429
"534",2021-07-13,120224,147,103.5714286,94,43398,241,163622,167.428571428571
"535",2021-07-14,120384,160,113.8571429,71,43469,231,163853,177.142857142857
"536",2021-07-15,120550,166,124.5714286,99,43568,265,164118,194.285714285714
"537",2021-07-16,120689,139,130.4285714,104,43672,243,164361,208
"538",2021-07-17,120837,148,136.5714286,53,43725,201,164562,215.571428571429
"539",2021-07-18,120952,115,143.2857143,71,43796,186,164748,225.142857142857
"540",2021-07-19,121151,199,153.4285714,113,43909,312,165060,239.857142857143
"541",2021-07-20,121379,228,165,142,44051,370,165430,258.285714285714
"542",2021-07-21,121634,255,178.5714286,118,44169,373,165803,278.571428571429
"543",2021-07-22,121852,218,186,91,44260,309,166112,284.857142857143
"544",2021-07-23,122087,235,199.7142857,112,44372,347,166459,299.714285714286
"545",2021-07-24,122265,178,204,104,44476,282,166741,311.285714285714
"546",2021-07-25,122424,159,210.2857143,115,44591,274,167015,323.857142857143
"547",2021-07-26,122730,306,225.5714286,164,44755,470,167485,346.428571428571
"548",2021-07-27,123066,336,241,150,44905,486,167971,363
"549",2021-07-28,123412,346,254,151,45056,497,168468,380.714285714286
"550",2021-07-29,123735,323,269,149,45205,472,168940,404
"551",2021-07-30,124007,272,274.2857143,128,45333,400,169340,411.571428571429
"552",2021-07-31,124235,228,281.4285714,127,45460,355,169695,422
"553",2021-08-01,124457,222,290.4285714,157,45617,379,170074,437
"554",2021-08-02,124796,339,295.1428571,183,45800,522,170596,444.428571428571
"555",2021-08-03,125246,450,311.4285714,178,45978,628,171224,464.714285714286
"556",2021-08-04,125672,426,322.8571429,193,46171,619,171843,482.142857142857
"557",2021-08-05,126115,443,340,177,46348,620,172463,503.285714285714
"558",2021-08-06,126471,356,352,175,46523,531,172994,522
"559",2021-08-07,126736,265,357.2857143,153,46676,418,173412,531
"560",2021-08-08,126972,236,359.2857143,128,46804,364,173776,528.857142857143
"561",2021-08-09,127407,435,373,193,46997,628,174404,544
"562",2021-08-10,127898,491,378.8571429,177,47174,668,175072,549.714285714286
"563",2021-08-11,128345,447,381.8571429,178,47352,625,175697,550.571428571429
"564",2021-08-12,128809,464,384.8571429,170,47522,634,176331,552.571428571429
"565",2021-08-13,129296,487,403.5714286,149,47671,636,176967,567.571428571429
"566",2021-08-14,129607,311,410.1428571,117,47788,428,177395,569
"567",2021-08-15,129845,238,410.4285714,119,47907,357,177752,568
"568",2021-08-16,130264,419,408.1428571,189,48096,608,178360,565.142857142857
"569",2021-08-17,130788,524,412.8571429,184,48280,708,179068,570.857142857143
"570",2021-08-18,131256,468,415.8571429,157,48437,625,179693,570.857142857143
"571",2021-08-19,131638,382,404.1428571,164,48601,546,180239,558.285714285714
"572",2021-08-20,132041,403,392.1428571,134,48735,537,180776,544.142857142857
"573",2021-08-21,132288,247,383,113,48848,360,181136,534.428571428571
"574",2021-08-22,132502,214,379.5714286,95,48943,309,181445,527.571428571429
"575",2021-08-23,132917,415,379,175,49118,590,182035,525
"576",2021-08-24,133332,415,363.4285714,140,49258,555,182590,503.142857142857
"577",2021-08-25,133786,454,361.4285714,150,49408,604,183194,500.142857142857
"578",2021-08-26,134184,398,363.7142857,123,49531,521,183715,496.571428571429
"579",2021-08-27,134556,372,359.2857143,130,49661,502,184217,491.571428571429
"580",2021-08-28,134768,212,354.2857143,77,49738,289,184506,481.428571428571
"581",2021-08-29,134958,190,350.8571429,74,49812,264,184770,475
"582",2021-08-30,135335,377,345.4285714,114,49926,491,185261,460.857142857143
"583",2021-08-31,135688,353,336.5714286,129,50055,482,185743,450.428571428571
"584",2021-09-01,136028,340,320.2857143,112,50167,452,186195,428.714285714286
"585",2021-09-02,136364,336,311.4285714,120,50287,456,186651,419.428571428571
"586",2021-09-03,136697,333,305.8571429,100,50387,433,187084,409.571428571429
"587",2021-09-04,136871,174,300.4285714,96,50483,270,187354,406.857142857143
"588",2021-09-05,137031,160,296.1428571,50,50533,210,187564,399.142857142857
"589",2021-09-06,137199,168,266.2857143,70,50603,238,187802,363
"590",2021-09-07,137528,329,262.8571429,132,50735,461,188263,360
"591",2021-09-08,137826,298,256.8571429,98,50833,396,188659,352
"592",2021-09-09,138106,280,248.8571429,106,50939,386,189045,342
"593",2021-09-10,138351,245,236.2857143,121,51060,366,189411,332.428571428571
"594",2021-09-11,138543,192,238.8571429,70,51130,262,189673,331.285714285714
"595",2021-09-12,138639,96,229.7142857,73,51203,169,189842,325.428571428571
"596",2021-09-13,138918,279,245.5714286,110,51313,389,190231,347
"597",2021-09-14,139172,254,234.8571429,91,51404,345,190576,330.428571428571
"598",2021-09-15,139416,244,227.1428571,101,51505,345,190921,323.142857142857
"599",2021-09-16,139636,220,218.5714286,83,51588,303,191224,311.285714285714
"600",2021-09-17,139827,191,210.8571429,79,51667,270,191494,297.571428571429
"601",2021-09-18,139964,137,203,55,51722,192,191686,287.571428571429
"602",2021-09-19,140062,98,203.2857143,52,51774,150,191836,284.857142857143
"603",2021-09-20,140274,212,193.7142857,98,51872,310,192146,273.571428571429
"604",2021-09-21,140468,194,185.1428571,86,51958,280,192426,264.285714285714
"605",2021-09-22,140699,231,183.2857143,69,52027,300,192726,257.857142857143
"606",2021-09-23,140874,175,176.8571429,71,52098,246,192972,249.714285714286
"607",2021-09-24,141047,173,174.2857143,75,52173,248,193220,246.571428571429
"608",2021-09-25,141170,123,172.2857143,60,52233,183,193403,245.285714285714
"609",2021-09-26,141249,79,169.5714286,64,52297,143,193546,244.285714285714
"610",2021-09-27,141452,203,168.2857143,69,52366,272,193818,238.857142857143
"611",2021-09-28,141637,185,167,76,52442,261,194079,236.142857142857
"612",2021-09-29,141812,175,159,45,52487,220,194299,224.714285714286
"613",2021-09-30,141960,148,155.1428571,61,52548,209,194508,219.428571428571
"614",2021-10-01,142097,137,150,49,52597,186,194694,210.571428571429
"615",2021-10-02,142207,110,148.1428571,40,52637,150,194844,205.857142857143
"616",2021-10-03,142320,113,153,41,52678,154,194998,207.428571428571
"617",2021-10-04,142483,163,147.2857143,68,52746,231,195229,201.571428571429
"618",2021-10-05,142626,143,141.2857143,60,52806,203,195432,193.285714285714
"619",2021-10-06,142786,160,139.1428571,47,52853,207,195639,191.428571428571
"620",2021-10-07,142938,152,139.7142857,49,52902,201,195840,190.285714285714
"621",2021-10-08,143092,154,142.1428571,40,52942,194,196034,191.428571428571
"622",2021-10-09,143184,92,139.5714286,29,52971,121,196155,187.285714285714
"623",2021-10-10,143275,91,136.4285714,32,53003,123,196278,182.857142857143
"624",2021-10-11,143438,163,136.4285714,42,53045,205,196483,179.142857142857
"625",2021-10-12,143634,196,144,47,53092,243,196726,184.857142857143
"626",2021-10-13,143804,170,145.4285714,52,53144,222,196948,187
"627",2021-10-14,143934,130,142.2857143,51,53195,181,197129,184.142857142857
"628",2021-10-15,144070,136,139.7142857,49,53244,185,197314,182.857142857143
"629",2021-10-16,144175,105,141.5714286,43,53287,148,197462,186.714285714286
"630",2021-10-17,144266,91,141.5714286,52,53339,143,197605,189.571428571429
"631",2021-10-18,144439,173,143,49,53388,222,197827,192
"632",2021-10-19,144612,173,139.7142857,66,53454,239,198066,191.428571428571
"633",2021-10-20,144784,172,140,61,53515,233,198299,193
"634",2021-10-21,144943,159,144.1428571,70,53585,229,198528,199.857142857143
"635",2021-10-22,145117,174,149.5714286,47,53632,221,198749,205
"636",2021-10-23,145260,143,155,51,53683,194,198943,211.571428571429
"637",2021-10-24,145348,88,154.5714286,39,53722,127,199070,209.285714285714
"638",2021-10-25,145539,191,157.1428571,74,53796,265,199335,215.428571428571
"639",2021-10-26,145719,180,158.1428571,60,53856,240,199575,215.571428571429
"640",2021-10-27,145910,191,160.8571429,72,53928,263,199838,219.857142857143
"641",2021-10-28,146118,208,167.8571429,56,53984,264,200102,224.857142857143
"642",2021-10-29,146277,159,165.7142857,45,54029,204,200306,222.428571428571
"643",2021-10-30,146411,134,164.4285714,44,54073,178,200484,220.142857142857
"644",2021-10-31,146500,89,164.5714286,39,54112,128,200612,220.285714285714
"645",2021-11-01,146705,205,166.5714286,58,54170,263,200875,220
"646",2021-11-02,146907,202,169.7142857,65,54235,267,201142,223.857142857143
"647",2021-11-03,147109,202,171.2857143,72,54307,274,201416,225.428571428571
"648",2021-11-04,147299,190,168.7142857,65,54372,255,201671,224.142857142857
"649",2021-11-05,147484,185,172.4285714,56,54428,241,201912,229.428571428571
"650",2021-11-06,147608,124,171,44,54472,168,202080,228
"651",2021-11-07,147715,107,173.5714286,37,54509,144,202224,230.285714285714
"652",2021-11-08,147942,227,176.7142857,60,54569,287,202511,233.714285714286
"653",2021-11-09,148184,242,182.4285714,76,54645,318,202829,241
"654",2021-11-10,148362,178,179,47,54692,225,203054,234
"655",2021-11-11,148506,144,172.4285714,54,54746,198,203252,225.857142857143
"656",2021-11-12,148726,220,177.4285714,47,54793,267,203519,229.571428571429
"657",2021-11-13,148842,116,176.2857143,49,54842,165,203684,229.142857142857
"658",2021-11-14,148958,116,177.5714286,38,54880,154,203838,230.571428571429
"659",2021-11-15,149171,213,175.5714286,54,54934,267,204105,227.714285714286
"660",2021-11-16,149389,218,172.1428571,52,54986,270,204375,220.857142857143
"661",2021-11-17,149576,187,173.4285714,64,55050,251,204626,224.571428571429
"662",2021-11-18,149725,149,174.1428571,69,55119,218,204844,227.428571428571
"663",2021-11-19,149956,231,175.7142857,60,55179,291,205135,230.857142857143
"664",2021-11-20,150076,120,176.2857143,47,55226,167,205302,231.142857142857
"665",2021-11-21,150169,93,173,35,55261,128,205430,227.428571428571
"666",2021-11-22,150383,214,173.1428571,54,55315,268,205698,227.571428571429
"667",2021-11-23,150551,168,166,57,55372,225,205923,221.142857142857
"668",2021-11-24,150733,182,165.2857143,52,55424,234,206157,218.714285714286
"669",2021-11-25,150758,25,147.5714286,31,55455,56,206213,195.571428571429
"670",2021-11-26,150918,160,137.4285714,49,55504,209,206422,183.857142857143
"671",2021-11-27,151059,141,140.4285714,63,55567,204,206626,189.142857142857
"672",2021-11-28,151217,158,149.7142857,58,55625,216,206842,201.714285714286
"673",2021-11-29,151536,319,164.7142857,94,55719,413,207255,222.428571428571
"674",2021-11-30,151840,304,184.1428571,100,55819,404,207659,248
"675",2021-12-01,152112,272,197,105,55924,377,208036,268.428571428571
"676",2021-12-02,152365,253,229.5714286,80,56004,333,208369,308
"677",2021-12-03,152624,259,243.7142857,83,56087,342,208711,327
"678",2021-12-04,152788,164,247,62,56149,226,208937,330.142857142857
"679",2021-12-05,152937,149,245.7142857,53,56202,202,209139,328.142857142857
"680",2021-12-06,153235,298,242.7142857,94,56296,392,209531,325.142857142857
"681",2021-12-07,153463,228,231.8571429,75,56371,303,209834,310.714285714286
"682",2021-12-08,153659,196,221,91,56462,287,210121,297.857142857143
"683",2021-12-09,153841,182,210.8571429,71,56533,253,210374,286.428571428571
"684",2021-12-10,154038,197,202,88,56621,285,210659,278.285714285714
"685",2021-12-11,154200,162,201.7142857,57,56678,219,210878,277.285714285714
"686",2021-12-12,154328,128,198.7142857,78,56756,206,211084,277.857142857143
"687",2021-12-13,154544,216,187,116,56872,332,211416,269.285714285714
"688",2021-12-14,154775,231,187.4285714,160,57032,391,211807,281.857142857143
"689",2021-12-15,155053,278,199.1428571,165,57197,443,212250,304.142857142857
"690",2021-12-16,155354,301,216.1428571,143,57340,444,212694,331.428571428571
"691",2021-12-17,155664,310,232.2857143,199,57539,509,213203,363.428571428571
"692",2021-12-18,155949,285,249.8571429,186,57725,471,213674,399.428571428571
"693",2021-12-19,156211,262,269,241,57966,503,214177,441.857142857143
"694",2021-12-20,156863,652,331.2857143,469,58435,1121,215298,554.571428571429
"695",2021-12-21,157599,736,403.4285714,554,58989,1290,216588,683
"696",2021-12-22,158620,1021,509.5714286,625,59614,1646,218234,854.857142857143
"697",2021-12-23,159750,1130,628,692,60306,1822,220056,1051.71428571429
"698",2021-12-24,160353,603,669.8571429,574,60880,1177,221233,1147.14285714286
"699",2021-12-25,160546,193,656.7142857,438,61318,631,221864,1170
"700",2021-12-26,161526,980,759.2857143,1049,62367,2029,223893,1388
"701",2021-12-27,164157,2631,1042,1437,63804,4068,227961,1809
"702",2021-12-28,167361,3204,1394.571429,1559,65363,4763,232724,2305.14285714286
"703",2021-12-29,170812,3451,1741.714286,1533,66896,4984,237708,2782
"704",2021-12-30,174073,3261,2046.142857,1657,68553,4918,242626,3224.28571428571
"705",2021-12-31,176239,2166,2269.428571,1041,69594,3207,245833,3514.28571428571
"706",2022-01-01,177144,905,2371.142857,902,70496,1807,247640,3682.28571428571
"707",2022-01-02,179639,2495,2587.571429,1483,71979,3978,251618,3960.71428571429
"708",2022-01-03,185627,5988,3067.142857,2621,74600,8609,260227,4609.42857142857
"709",2022-01-04,192064,6437,3529,2756,77356,9193,269420,5242.28571428571
"710",2022-01-05,198877,6813,4009.285714,2367,79723,9180,278600,5841.71428571429
"711",2022-01-06,205242,6365,4452.714286,2251,81974,8616,287216,6370
"712",2022-01-07,210546,5304,4901,2516,84490,7820,295036,7029
"713",2022-01-08,213864,3318,5245.714286,1521,86011,4839,299875,7462.14285714286
"714",2022-01-09,216947,3083,5329.714286,1426,87437,4509,304384,7538
"715",2022-01-10,223163,6216,5362.285714,2622,90059,8838,313222,7570.71428571429
"716",2022-01-11,229245,6082,5311.571429,2728,92787,8810,322032,7516
"717",2022-01-12,235092,5847,5173.571429,2351,95138,8198,330230,7375.71428571429
"718",2022-01-13,240219,5127,4996.714286,2080,97218,7207,337437,7174.42857142857
"719",2022-01-14,244877,4658,4904.428571,1809,99027,6467,343904,6981.14285714286
"720",2022-01-15,247353,2476,4784.142857,1259,100286,3735,347639,6823.42857142857
"721",2022-01-16,249418,2065,4638.714286,983,101269,3048,350687,6614.71428571429
"722",2022-01-17,253289,3871,4303.714286,1552,102821,5423,356110,6126.85714285714
"723",2022-01-18,258062,4773,4116.714286,1984,104805,6757,362867,5833.57142857143
"724",2022-01-19,262396,4334,3900.571429,1545,106350,5879,368746,5502.28571428571
"725",2022-01-20,266510,4114,3755.857143,1435,107785,5549,374295,5265.42857142857
"726",2022-01-21,269964,3454,3583.857143,1228,109013,4682,378977,5010.42857142857
"727",2022-01-22,271694,1730,3477.285714,679,109692,2409,381386,4821
"728",2022-01-23,273306,1612,3412.571429,599,110291,2211,383597,4701.42857142857
"729",2022-01-24,276947,3641,3379.714286,1138,111429,4779,388376,4609.42857142857
"730",2022-01-25,280001,3054,3134.142857,1018,112447,4072,392448,4225.85714285714
"731",2022-01-26,282815,2814,2917,858,113305,3672,396120,3910.57142857143
"732",2022-01-27,285238,2423,2675.428571,689,113994,3112,399232,3562.42857142857
"733",2022-01-28,287523,2285,2508.428571,604,114598,2889,402121,3306.28571428571
"734",2022-01-29,288793,1270,2442.714286,362,114960,1632,403753,3195.28571428571
"735",2022-01-30,289758,965,2350.285714,342,115302,1307,405060,3066.14285714286
"736",2022-01-31,291955,2197,2144,581,115883,2778,407838,2780.28571428571
"737",2022-02-01,293635,1680,1947.714286,518,116401,2198,410036,2512.57142857143
"738",2022-02-02,295280,1645,1780.714286,475,116876,2120,412156,2290.85714285714
"739",2022-02-03,296566,1286,1618.285714,377,117253,1663,413819,2083.85714285714
"740",2022-02-04,297796,1230,1467.571429,355,117608,1585,415404,1897.57142857143
"741",2022-02-05,298411,615,1374,235,117843,850,416254,1785.85714285714
"742",2022-02-06,299015,604,1322.428571,191,118034,795,417049,1712.71428571429
"743",2022-02-07,300209,1194,1179.142857,350,118384,1544,418593,1536.42857142857
"744",2022-02-08,301180,971,1077.857143,295,118679,1266,419859,1403.28571428571
"745",2022-02-09,302163,983,983.2857143,217,118896,1200,421059,1271.85714285714
"746",2022-02-10,302940,777,910.5714286,193,119089,970,422029,1172.85714285714
"747",2022-02-11,303650,710,836.2857143,185,119274,895,422924,1074.28571428571
"748",2022-02-12,304113,463,814.5714286,121,119395,584,423508,1036.28571428571
"749",2022-02-13,304455,342,777.1428571,92,119487,434,423942,984.714285714286
"750",2022-02-14,305117,662,701.1428571,229,119716,891,424833,891.428571428571
"751",2022-02-15,305674,557,642,169,119885,726,425559,814.285714285714
"752",2022-02-16,306222,548,579.8571429,144,120029,692,426251,741.714285714286
"753",2022-02-17,306613,391,524.7142857,122,120151,513,426764,676.428571428571
"754",2022-02-18,306992,379,477.4285714,94,120245,473,427237,616.142857142857
"755",2022-02-19,307231,239,445.4285714,65,120310,304,427541,576.142857142857
"756",2022-02-20,307418,187,423.2857143,41,120351,228,427769,546.714285714286
"757",2022-02-21,307698,280,368.7142857,75,120426,355,428124,470.142857142857
"758",2022-02-22,308089,391,345,94,120520,485,428609,435.714285714286
"759",2022-02-23,308361,272,305.5714286,97,120617,369,428978,389.571428571429
"760",2022-02-24,308636,275,289,94,120711,369,429347,369
"761",2022-02-25,308908,272,273.7142857,92,120803,364,429711,353.428571428571
"762",2022-02-26,309082,174,264.4285714,63,120866,237,429948,343.857142857143
"763",2022-02-27,309215,133,256.7142857,55,120921,188,430136,338.142857142857
"764",2022-02-28,309524,309,260.8571429,110,121031,419,430555,347.285714285714
"765",2022-03-01,309803,279,244.8571429,101,121132,380,430935,332.285714285714
"766",2022-03-02,310044,241,240.4285714,72,121204,313,431248,324.285714285714
"767",2022-03-03,310296,252,237.1428571,88,121292,340,431588,320.142857142857
"768",2022-03-04,310484,188,225.1428571,75,121367,263,431851,305.714285714286
"769",2022-03-05,310614,130,218.8571429,58,121425,188,432039,298.714285714286
"770",2022-03-06,310718,104,214.7142857,54,121479,158,432197,294.428571428571
"771",2022-03-07,310971,253,206.7142857,86,121565,339,432536,283
"772",2022-03-08,311186,215,197.5714286,77,121642,292,432828,270.428571428571
"773",2022-03-09,311426,240,197.4285714,81,121723,321,433149,271.571428571429
"774",2022-03-10,311586,160,184.2857143,59,121782,219,433368,254.285714285714
"775",2022-03-11,311772,186,184,60,121842,246,433614,251.857142857143
"776",2022-03-12,311907,135,184.7142857,50,121892,185,433799,251.428571428571
"777",2022-03-13,311983,76,180.7142857,35,121927,111,433910,244.714285714286
"778",2022-03-14,312175,192,172,81,122008,273,434183,235.285714285714
"779",2022-03-15,312355,180,167,73,122081,253,434436,229.714285714286
"780",2022-03-16,312538,183,158.8571429,52,122133,235,434671,217.428571428571
"781",2022-03-17,312715,177,161.2857143,63,122196,240,434911,220.428571428571
"782",2022-03-18,312861,146,155.5714286,50,122246,196,435107,213.285714285714
"783",2022-03-19,312956,95,149.8571429,35,122281,130,435237,205.428571428571
"784",2022-03-20,313052,96,152.7142857,37,122318,133,435370,208.571428571429
"785",2022-03-21,313232,180,151,61,122379,241,435611,204
"786",2022-03-22,313472,240,159.5714286,159,122538,399,436010,224.857142857143
"787",2022-03-23,313642,170,157.7142857,79,122617,249,436259,226.857142857143
"788",2022-03-24,313831,189,159.4285714,82,122699,271,436530,231.285714285714
"789",2022-03-25,313980,149,159.8571429,52,122751,201,436731,232
"790",2022-03-26,314120,140,166.2857143,56,122807,196,436927,241.428571428571
"791",2022-03-27,314261,141,172.7142857,60,122867,201,437128,251.142857142857
"792",2022-03-28,314468,207,176.5714286,110,122977,317,437445,262
"793",2022-03-29,314713,245,177.2857143,115,123092,360,437805,256.428571428571
"794",2022-03-30,314971,258,189.8571429,96,123188,354,438159,271.428571428571
"795",2022-03-31,315171,200,191.4285714,104,123292,304,438463,276.142857142857
"796",2022-04-01,315370,199,198.5714286,114,123406,313,438776,292.142857142857
"797",2022-04-02,315497,127,196.7142857,63,123469,190,438966,291.285714285714
"798",2022-04-03,315640,143,197,96,123565,239,439205,296.714285714286
"799",2022-04-04,315937,297,209.8571429,146,123711,443,439648,314.714285714286
"800",2022-04-05,316198,261,212.1428571,142,123853,403,440051,320.857142857143
"801",2022-04-06,316477,279,215.1428571,122,123975,401,440452,327.571428571429
"802",2022-04-07,316698,221,218.1428571,108,124083,329,440781,331.142857142857
"803",2022-04-08,316920,222,221.4285714,122,124205,344,441125,335.571428571429
"804",2022-04-09,317071,151,224.8571429,107,124312,258,441383,345.285714285714
"805",2022-04-10,317235,164,227.8571429,93,124405,257,441640,347.857142857143
"806",2022-04-11,317515,280,225.4285714,170,124575,450,442090,348.857142857143
"807",2022-04-12,317865,350,238.1428571,189,124764,539,442629,368.285714285714
"808",2022-04-13,318157,292,240,157,124921,449,443078,375.142857142857
"809",2022-04-14,318427,270,247,155,125076,425,443503,388.857142857143
"810",2022-04-15,318732,305,258.8571429,165,125241,470,443973,406.857142857143
"811",2022-04-16,318993,261,274.5714286,137,125378,398,444371,426.857142857143
"812",2022-04-17,319191,198,279.4285714,100,125478,298,444669,432.714285714286
"813",2022-04-18,319640,449,303.5714286,245,125723,694,445363,467.571428571429
"814",2022-04-19,320085,445,317.1428571,236,125959,681,446044,487.857142857143
"815",2022-04-20,320508,423,335.8571429,237,126196,660,446704,518
"816",2022-04-21,320923,415,356.5714286,219,126415,634,447338,547.857142857143
"817",2022-04-22,321385,462,379,205,126620,667,448005,576
"818",2022-04-23,321689,304,385.1428571,168,126788,472,448477,586.571428571429
"819",2022-04-24,322025,336,404.8571429,162,126950,498,448975,615.142857142857
"820",2022-04-25,322714,689,439.1428571,313,127263,1002,449977,659.142857142857
"821",2022-04-26,323351,637,466.5714286,269,127532,906,450883,691.285714285714
"822",2022-04-27,323931,580,489,275,127807,855,451738,719.142857142857
"823",2022-04-28,324472,541,507,240,128047,781,452519,740.142857142857
"824",2022-04-29,325032,560,521,246,128293,806,453325,760
"825",2022-04-30,325477,445,541.1428571,201,128494,646,453971,784.857142857143
"826",2022-05-01,325867,390,548.8571429,221,128715,611,454582,801
"827",2022-05-02,326757,890,577.5714286,372,129087,1262,455844,838.142857142857
"828",2022-05-03,327689,932,619.7142857,325,129412,1257,457101,888.285714285714
"829",2022-05-04,328542,853,658.7142857,348,129760,1201,458302,937.714285714286
"830",2022-05-05,329357,815,697.8571429,326,130086,1141,459443,989.142857142857
"831",2022-05-06,330137,780,729.2857143,346,130432,1126,460569,1034.85714285714
"832",2022-05-07,330694,557,745.2857143,233,130665,790,461359,1055.42857142857
"833",2022-05-08,331165,471,756.8571429,286,130951,757,462116,1076.28571428571
"834",2022-05-09,332196,1031,777,469,131420,1500,463616,1110.28571428571
"835",2022-05-10,333399,1203,815.7142857,434,131854,1637,465253,1164.57142857143
"836",2022-05-11,334458,1059,845.1428571,391,132245,1450,466703,1200.14285714286
"837",2022-05-12,335498,1040,877.2857143,405,132650,1445,468148,1243.57142857143
"838",2022-05-13,336450,952,901.8571429,410,133060,1362,469510,1277.28571428571
"839",2022-05-14,337160,710,923.7142857,294,133354,1004,470514,1307.85714285714
"840",2022-05-15,337894,734,961.2857143,324,133678,1058,471572,1350.85714285714
"841",2022-05-16,339280,1386,1012,537,134215,1923,473495,1411.28571428571
"842",2022-05-17,340622,1342,1031.857143,555,134770,1897,475392,1448.42857142857
"843",2022-05-18,341877,1255,1059.857143,502,135272,1757,477149,1492.28571428571
"844",2022-05-19,343145,1268,1092.428571,434,135706,1702,478851,1529
"845",2022-05-20,344247,1102,1113.857143,482,136188,1584,480435,1560.71428571429
"846",2022-05-21,344977,730,1116.714286,324,136512,1054,481489,1567.85714285714
"847",2022-05-22,345724,747,1118.571429,316,136828,1063,482552,1568.57142857143
"848",2022-05-23,347141,1417,1123,584,137412,2001,484553,1579.71428571429
"849",2022-05-24,348563,1422,1134.428571,588,138000,2010,486563,1595.85714285714
"850",2022-05-25,349940,1377,1151.857143,539,138539,1916,488479,1618.57142857143
"851",2022-05-26,351099,1159,1136.285714,472,139011,1631,490110,1608.42857142857
"852",2022-05-27,352140,1041,1127.571429,396,139407,1437,491547,1587.42857142857
"853",2022-05-28,352858,718,1125.857143,257,139664,975,492522,1576.14285714286
"854",2022-05-29,353568,710,1120.571429,278,139942,988,493510,1565.42857142857
"855",2022-05-30,354275,707,1019.142857,257,140199,964,494474,1417.28571428571
"856",2022-05-31,355922,1647,1051.285714,700,140899,2347,496821,1465.42857142857
"857",2022-06-01,357359,1437,1059.857143,560,141459,1997,498818,1477
"858",2022-06-02,358567,1208,1066.857143,490,141949,1698,500516,1486.57142857143
"859",2022-06-03,359705,1138,1080.714286,388,142337,1526,502042,1499.28571428571
"860",2022-06-04,360568,863,1101.428571,285,142622,1148,503190,1524
"861",2022-06-05,361342,774,1110.571429,320,142942,1094,504284,1539.14285714286
"862",2022-06-06,362776,1434,1214.428571,525,143467,1959,506243,1681.28571428571
"863",2022-06-07,364040,1264,1159.714286,490,143957,1754,507997,1596.57142857143
"864",2022-06-08,365253,1213,1127.714286,424,144381,1637,509634,1545.14285714286
"865",2022-06-09,366329,1076,1108.857143,398,144779,1474,511108,1513.14285714286
"866",2022-06-10,367390,1061,1097.857143,392,145171,1453,512561,1502.71428571429
"867",2022-06-11,368092,702,1074.857143,259,145430,961,513522,1476
"868",2022-06-12,368743,651,1057.285714,226,145656,877,514399,1445
"869",2022-06-13,369850,1107,1010.571429,476,146132,1583,515982,1391.28571428571
"870",2022-06-14,370971,1121,990.1428571,441,146573,1562,517544,1363.85714285714
"871",2022-06-15,372096,1125,977.5714286,390,146963,1515,519059,1346.42857142857
"872",2022-06-16,373077,981,964,407,147370,1388,520447,1334.14285714286
"873",2022-06-17,374047,970,951,370,147740,1340,521787,1318
"874",2022-06-18,374807,760,959.2857143,307,148047,1067,522854,1333.14285714286
"875",2022-06-19,375470,663,961,269,148316,932,523786,1341
"876",2022-06-20,376618,1148,966.8571429,464,148780,1612,525398,1345.14285714286
"877",2022-06-21,377890,1272,988.4285714,514,149294,1786,527184,1377.14285714286
"878",2022-06-22,379078,1188,997.4285714,497,149791,1685,528869,1401.42857142857
"879",2022-06-23,380203,1125,1018,414,150205,1539,530408,1423
"880",2022-06-24,381244,1041,1028.142857,355,150560,1396,531804,1431
"881",2022-06-25,382037,793,1032.857143,340,150900,1133,532937,1440.42857142857
"882",2022-06-26,382767,730,1042.428571,278,151178,1008,533945,1451.28571428571
"883",2022-06-27,384095,1328,1068.142857,516,151694,1844,535789,1484.42857142857
"884",2022-06-28,385613,1518,1103.285714,478,152172,1996,537785,1514.42857142857
"885",2022-06-29,386860,1247,1111.714286,464,152636,1711,539496,1518.14285714286
"886",2022-06-30,387935,1075,1104.571429,386,153022,1461,540957,1507
"887",2022-07-01,388985,1050,1105.857143,421,153443,1471,542428,1517.71428571429
"888",2022-07-02,389654,669,1088.142857,278,153721,947,543375,1491.14285714286
"889",2022-07-03,390295,641,1075.428571,265,153986,906,544281,1476.57142857143
"890",2022-07-04,390815,520,960,308,154294,828,545109,1331.42857142857
"891",2022-07-05,392381,1566,966.8571429,531,154825,2097,547206,1345.85714285714
"892",2022-07-06,393596,1215,962.2857143,490,155315,1705,548911,1345
"893",2022-07-07,394784,1188,978.4285714,412,155727,1600,550511,1364.85714285714
"894",2022-07-08,395815,1031,975.7142857,347,156074,1378,551889,1351.57142857143
"895",2022-07-09,396593,778,991.2857143,295,156369,1073,552962,1369.57142857143
"896",2022-07-10,397253,660,994,246,156615,906,553868,1369.57142857143
"897",2022-07-11,398398,1145,1083.285714,488,157103,1633,555501,1484.57142857143
"898",2022-07-12,399505,1107,1017.714286,405,157508,1512,557013,1401
"899",2022-07-13,400523,1018,989.5714286,403,157911,1421,558434,1360.42857142857
"900",2022-07-14,401454,931,952.8571429,345,158256,1276,559710,1314.14285714286
"901",2022-07-15,402375,921,937.1428571,306,158562,1227,560937,1292.57142857143
"902",2022-07-16,403029,654,919.4285714,236,158798,890,561827,1266.42857142857
"903",2022-07-17,403649,620,913.7142857,245,159043,865,562692,1260.57142857143
"904",2022-07-18,404771,1122,910.4285714,376,159419,1498,564190,1241.28571428571
"905",2022-07-19,405777,1006,896,378,159797,1384,565574,1223
"906",2022-07-20,406759,982,890.8571429,301,160098,1283,566857,1203.28571428571
"907",2022-07-21,407632,873,882.5714286,300,160398,1173,568030,1188.57142857143
"908",2022-07-22,408497,865,874.5714286,305,160703,1170,569200,1180.42857142857
"909",2022-07-23,409108,611,868.4285714,236,160939,847,570047,1174.28571428571
"910",2022-07-24,409622,514,853.2857143,188,161127,702,570749,1151
"911",2022-07-25,410644,1022,839,341,161468,1363,572112,1131.71428571429
"912",2022-07-26,411569,925,827.4285714,373,161841,1298,573410,1119.42857142857
"913",2022-07-27,412504,935,820.7142857,291,162132,1226,574636,1111.28571428571
"914",2022-07-28,413217,713,797.8571429,250,162382,963,575599,1081.28571428571
"915",2022-07-29,413908,691,773,260,162642,951,576550,1050
"916",2022-07-30,414381,473,753.2857143,177,162819,650,577200,1021.85714285714
"917",2022-07-31,414840,459,745.4285714,179,162998,638,577838,1012.71428571429
"918",2022-08-01,415573,733,704.1428571,256,163254,989,578827,959.285714285714
"919",2022-08-02,416408,835,691.2857143,293,163547,1128,579955,935
"920",2022-08-03,417073,665,652.7142857,260,163807,925,580880,892
"921",2022-08-04,417544,471,618.1428571,193,164000,664,581544,849.285714285714
"922",2022-08-05,418129,585,603,228,164228,813,582357,829.571428571429
"923",2022-08-06,418622,493,605.8571429,175,164403,668,583025,832.142857142857
"924",2022-08-07,419056,434,602.2857143,140,164543,574,583599,823
"925",2022-08-08,419766,710,599,263,164806,973,584572,820.714285714286
"926",2022-08-09,420394,628,569.4285714,222,165028,850,585422,781
"927",2022-08-10,420988,594,559.2857143,198,165226,792,586214,762
"928",2022-08-11,421540,552,570.8571429,200,165426,752,586966,774.571428571429
"929",2022-08-12,421985,445,550.8571429,165,165591,610,587576,745.571428571429
"930",2022-08-13,422321,336,528.4285714,129,165720,465,588041,716.571428571429
"931",2022-08-14,422604,283,506.8571429,111,165831,394,588435,690.857142857143
"932",2022-08-15,423201,597,490.7142857,210,166041,807,589242,667.142857142857
"933",2022-08-16,423743,542,478.4285714,207,166248,749,589991,652.714285714286
"934",2022-08-17,424249,506,465.8571429,166,166414,672,590663,635.571428571429
"935",2022-08-18,424733,484,456.1428571,105,166519,589,591252,612.285714285714
"936",2022-08-19,425201,468,459.4285714,184,166703,652,591904,618.285714285714
"937",2022-08-20,425515,314,456.2857143,118,166821,432,592336,613.571428571429
"938",2022-08-21,425754,239,450,101,166922,340,592676,605.857142857143
"939",2022-08-22,426279,525,439.7142857,169,167091,694,593370,589.714285714286
"940",2022-08-23,426720,441,425.2857143,149,167240,590,593960,567
"941",2022-08-24,427127,407,411.1428571,131,167371,538,594498,547.857142857143
"942",2022-08-25,427475,348,391.7142857,117,167488,465,594963,530.142857142857
"943",2022-08-26,427812,337,373,131,167619,468,595431,503.857142857143
"944",2022-08-27,428050,238,362.1428571,96,167715,334,595765,489.857142857143
"945",2022-08-28,428255,205,357.2857143,97,167812,302,596067,484.428571428571
"946",2022-08-29,428639,384,337.1428571,156,167968,540,596607,462.428571428571
"947",2022-08-30,429055,416,333.5714286,109,168077,525,597132,453.142857142857
"948",2022-08-31,429419,364,327.4285714,107,168184,471,597603,443.571428571429
"949",2022-09-01,429713,294,319.7142857,109,168293,403,598006,434.714285714286
"950",2022-09-02,430035,322,317.5714286,100,168393,422,598428,428.142857142857
"951",2022-09-03,430228,193,311.1428571,83,168476,276,598704,419.857142857143
"952",2022-09-04,430412,184,308.1428571,68,168544,252,598956,412.714285714286
"953",2022-09-05,430582,170,277.5714286,64,168608,234,599190,369
"954",2022-09-06,430955,373,271.4285714,122,168730,495,599685,364.714285714286
"955",2022-09-07,431265,310,263.7142857,109,168839,419,600104,357.285714285714
"956",2022-09-08,431549,284,262.2857143,110,168949,394,600498,356
"957",2022-09-09,431811,262,253.7142857,89,169038,351,600849,345.857142857143
"958",2022-09-10,431989,178,251.5714286,56,169094,234,601083,339.857142857143
"959",2022-09-11,432193,204,254.4285714,75,169169,279,601362,343.714285714286
"960",2022-09-12,432503,310,274.4285714,114,169283,424,601786,370.857142857143
"961",2022-09-13,432770,267,259.2857143,97,169380,364,602150,352.142857142857
"962",2022-09-14,433022,252,251,87,169467,339,602489,340.714285714286
"963",2022-09-15,433226,204,239.5714286,82,169549,286,602775,325.285714285714
"964",2022-09-16,433466,240,236.4285714,93,169642,333,603108,322.714285714286
"965",2022-09-17,433614,148,232.1428571,70,169712,218,603326,320.428571428571
"966",2022-09-18,433748,134,222.1428571,64,169776,198,603524,308.857142857143
"967",2022-09-19,433994,246,213,111,169887,357,603881,299.285714285714
"968",2022-09-20,434226,232,208,102,169989,334,604215,295
"969",2022-09-21,434440,214,202.5714286,87,170076,301,604516,289.571428571429
"970",2022-09-22,434641,201,202.1428571,77,170153,278,604794,288.428571428571
"971",2022-09-23,434834,193,195.4285714,71,170224,264,605058,278.571428571429
"972",2022-09-24,434982,148,195.4285714,77,170301,225,605283,279.571428571429
"973",2022-09-25,435116,134,195.4285714,76,170377,210,605493,281.285714285714
"974",2022-09-26,435378,262,197.7142857,134,170511,396,605889,286.857142857143
"975",2022-09-27,435641,263,202.1428571,94,170605,357,606246,290.142857142857
"976",2022-09-28,435880,239,205.7142857,71,170676,310,606556,291.428571428571
"977",2022-09-29,436066,186,203.5714286,81,170757,267,606823,289.857142857143
"978",2022-09-30,436286,220,207.4285714,84,170841,304,607127,295.571428571429
"979",2022-10-01,436455,169,210.4285714,66,170907,235,607362,297
"980",2022-10-02,436625,170,215.5714286,47,170954,217,607579,298
"981",2022-10-03,436844,219,209.4285714,121,171075,340,607919,290
"982",2022-10-04,437064,220,203.2857143,81,171156,301,608220,282
"983",2022-10-05,437261,197,197.2857143,91,171247,288,608508,278.857142857143
"984",2022-10-06,437450,189,197.7142857,79,171326,268,608776,279
"985",2022-10-07,437612,162,189.4285714,71,171397,233,609009,268.857142857143
"986",2022-10-08,437735,123,182.8571429,70,171467,193,609202,262.857142857143
"987",2022-10-09,437846,111,174.4285714,49,171516,160,609362,254.714285714286
"988",2022-10-10,438066,220,174.5714286,112,171628,332,609694,253.571428571429
"989",2022-10-11,438269,203,172.1428571,86,171714,289,609983,251.857142857143
"990",2022-10-12,438448,179,169.5714286,79,171793,258,610241,247.571428571429
"991",2022-10-13,438647,199,171,76,171869,275,610516,248.571428571429
"992",2022-10-14,438818,171,172.2857143,97,171966,268,610784,253.571428571429
"993",2022-10-15,438944,126,172.7142857,49,172015,175,610959,251
"994",2022-10-16,439055,111,172.7142857,59,172074,170,611129,252.428571428571
"995",2022-10-17,439255,200,169.8571429,102,172176,302,611431,248.142857142857
"996",2022-10-18,439476,221,172.4285714,67,172243,288,611719,248
"997",2022-10-19,439681,205,176.1428571,78,172321,283,612002,251.571428571429
"998",2022-10-20,439827,146,168.5714286,69,172390,215,612217,243
"999",2022-10-21,439978,151,165.7142857,71,172461,222,612439,236.428571428571
"1000",2022-10-22,440100,122,165.1428571,46,172507,168,612607,235.428571428571
"1001",2022-10-23,440100,0,NA,57,172564,57,612664,219.285714285714
"1002",2022-10-24,440100,0,NA,91,172655,91,612755,189.142857142857
"1003",2022-10-25,440100,0,NA,62,172717,62,612817,156.857142857143
"1004",2022-10-26,440100,0,NA,74,172791,74,612891,127
"1005",2022-10-27,440100,0,NA,89,172880,89,612980,109
"1006",2022-10-28,440100,0,NA,87,172967,87,613067,89.7142857142857
"1007",2022-10-29,440100,0,NA,56,173023,56,613123,73.7142857142857
"1008",2022-10-30,440100,0,NA,56,173079,56,613179,73.5714285714286
"1009",2022-10-31,440100,0,NA,93,173172,93,613272,73.8571428571429
"1010",2022-11-01,440100,0,NA,103,173275,103,613375,79.7142857142857
"1011",2022-11-02,440100,0,NA,80,173355,80,613455,80.5714285714286
"1012",2022-11-03,440100,0,NA,65,173420,65,613520,77.1428571428571
"1013",2022-11-04,440100,0,NA,99,173519,99,613619,78.8571428571429
"1014",2022-11-05,440100,0,NA,71,173590,71,613690,81
"1015",2022-11-06,440100,0,NA,59,173649,59,613749,81.4285714285714
"1016",2022-11-07,440100,0,NA,104,173753,104,613853,83
"1017",2022-11-08,440100,0,NA,95,173848,95,613948,81.8571428571429
"1018",2022-11-09,440100,0,NA,95,173943,95,614043,84
"1019",2022-11-10,440100,0,NA,107,174050,107,614150,90
"1020",2022-11-11,440100,0,NA,92,174142,92,614242,89
"1021",2022-11-12,440100,0,NA,70,174212,70,614312,88.8571428571429
"1022",2022-11-13,440100,0,NA,65,174277,65,614377,89.7142857142857
"1023",2022-11-14,440100,0,NA,132,174409,132,614509,93.7142857142857
"1024",2022-11-15,440100,0,NA,142,174551,142,614651,100.428571428571
"1025",2022-11-16,440100,0,NA,114,174665,114,614765,103.142857142857
"1026",2022-11-17,440100,0,NA,109,174774,109,614874,103.428571428571
"1027",2022-11-18,440100,0,NA,97,174871,97,614971,104.142857142857
"1028",2022-11-19,440100,0,NA,56,174927,56,615027,102.142857142857
"1029",2022-11-20,440100,0,NA,83,175010,83,615110,104.714285714286
"1030",2022-11-21,440100,0,NA,151,175161,151,615261,107.428571428571
"1031",2022-11-22,440100,0,NA,126,175287,126,615387,105.142857142857
"1032",2022-11-23,440100,0,NA,134,175421,134,615521,108
"1033",2022-11-24,440100,0,NA,57,175478,57,615578,100.571428571429
"1034",2022-11-25,440100,0,NA,137,175615,137,615715,106.285714285714
"1035",2022-11-26,440100,0,NA,177,175792,177,615892,123.571428571429
"1036",2022-11-27,440100,0,NA,151,175943,151,616043,133.285714285714
"1037",2022-11-28,440100,0,NA,317,176260,317,616360,157
"1038",2022-11-29,440100,0,NA,243,176503,243,616603,173.714285714286
"1039",2022-11-30,440100,0,NA,190,176693,190,616793,181.714285714286
"1040",2022-12-01,440100,0,NA,191,176884,191,616984,200.857142857143
"1041",2022-12-02,440100,0,NA,167,177051,167,617151,205.142857142857
"1042",2022-12-03,440100,0,NA,125,177176,125,617276,197.714285714286
"1043",2022-12-04,440100,0,NA,125,177301,125,617401,194
"1044",2022-12-05,440100,0,NA,206,177507,206,617607,178.142857142857
"1045",2022-12-06,440100,0,NA,218,177725,218,617825,174.571428571429
"1046",2022-12-07,440100,0,NA,194,177919,194,618019,175.142857142857
"1047",2022-12-08,440100,0,NA,156,178075,156,618175,170.142857142857
"1048",2022-12-09,440100,0,NA,159,178234,159,618334,169
"1049",2022-12-10,440100,0,NA,113,178347,113,618447,167.285714285714
"1050",2022-12-11,440100,0,NA,114,178461,114,618561,165.714285714286
"1051",2022-12-12,440100,0,NA,202,178663,202,618763,165.142857142857
"1052",2022-12-13,440100,0,NA,163,178826,163,618926,157.285714285714
"1053",2022-12-14,440100,0,NA,127,178953,127,619053,147.714285714286
"1054",2022-12-15,440100,0,NA,151,179104,151,619204,147
"1055",2022-12-16,440100,0,NA,133,179237,133,619337,143.285714285714
"1056",2022-12-17,440100,0,NA,83,179320,83,619420,139
"1057",2022-12-18,440100,0,NA,94,179414,94,619514,136.142857142857
"1058",2022-12-19,440100,0,NA,182,179596,182,619696,133.285714285714
"1059",2022-12-20,440100,0,NA,181,179777,181,619877,135.857142857143
"1060",2022-12-21,440100,0,NA,132,179909,132,620009,136.571428571429
"1061",2022-12-22,440100,0,NA,146,180055,146,620155,135.857142857143
"1062",2022-12-23,440100,0,NA,118,180173,118,620273,133.714285714286
"1063",2022-12-24,440100,0,NA,65,180238,65,620338,131.142857142857
"1064",2022-12-25,440100,0,NA,66,180304,66,620404,127.142857142857
"1065",2022-12-26,440100,0,NA,122,180426,122,620526,118.571428571429
"1066",2022-12-27,440100,0,NA,183,180609,183,620709,118.857142857143
"1067",2022-12-28,440100,0,NA,148,180757,148,620857,121.142857142857
"1068",2022-12-29,440100,0,NA,126,180883,126,620983,118.285714285714
"1069",2022-12-30,440100,0,NA,92,180975,92,621075,114.571428571429
"1070",2022-12-31,440100,0,NA,44,181019,44,621119,111.571428571429
"1071",2023-01-01,440100,0,NA,51,181070,51,621170,109.428571428571
"1072",2023-01-02,440100,0,NA,93,181163,93,621263,105.285714285714
"1073",2023-01-03,440100,0,NA,153,181316,153,621416,101
"1074",2023-01-04,440100,0,NA,78,181394,78,621494,91
"1075",2023-01-05,440100,0,NA,80,181474,80,621574,84.4285714285714
"1076",2023-01-06,440100,0,NA,104,181578,104,621678,86.1428571428571
"1077",2023-01-07,440100,0,NA,49,181627,49,621727,86.8571428571429
"1078",2023-01-08,440100,0,NA,41,181668,41,621768,85.4285714285714
"1079",2023-01-09,440100,0,NA,96,181764,96,621864,85.8571428571429
"1080",2023-01-10,440100,0,NA,76,181840,76,621940,74.8571428571429
"1081",2023-01-11,440100,0,NA,68,181908,68,622008,73.4285714285714
"1082",2023-01-12,440100,0,NA,52,181960,52,622060,69.4285714285714
"1083",2023-01-13,440100,0,NA,58,182018,58,622118,62.8571428571429
"1084",2023-01-14,440100,0,NA,55,182073,55,622173,63.7142857142857
"1085",2023-01-15,440100,0,NA,26,182099,26,622199,61.5714285714286
"1086",2023-01-16,440100,0,NA,45,182144,45,622244,54.2857142857143
"1087",2023-01-17,440100,0,NA,57,182201,57,622301,51.5714285714286
"1088",2023-01-18,440100,0,NA,55,182256,55,622356,49.7142857142857
"1089",2023-01-19,440100,0,NA,52,182308,52,622408,49.7142857142857
"1090",2023-01-20,440100,0,NA,50,182358,50,622458,48.5714285714286
"1091",2023-01-21,440100,0,NA,26,182384,26,622484,44.4285714285714
"1092",2023-01-22,440100,0,NA,29,182413,29,622513,44.8571428571429
"1093",2023-01-23,440100,0,NA,77,182490,77,622590,49.4285714285714
"1094",2023-01-24,440100,0,NA,72,182562,72,622662,51.5714285714286
"1095",2023-01-25,440100,0,NA,58,182620,58,622720,52
"1096",2023-01-26,440100,0,NA,75,182695,75,622795,55.2857142857143
"1097",2023-01-27,440100,0,NA,69,182764,69,622864,58
"1098",2023-01-28,440100,0,NA,31,182795,31,622895,58.7142857142857
"1099",2023-01-29,440100,0,NA,36,182831,36,622931,59.7142857142857
"1100",2023-01-30,440100,0,NA,78,182909,78,623009,59.8571428571429
"1101",2023-01-31,440100,0,NA,82,182991,82,623091,61.2857142857143
"1102",2023-02-01,440100,0,NA,61,183052,61,623152,61.7142857142857
"1103",2023-02-02,440100,0,NA,90,183142,90,623242,63.8571428571429
"1104",2023-02-03,440100,0,NA,61,183203,61,623303,62.7142857142857
"1105",2023-02-04,440100,0,NA,61,183264,61,623364,67
"1106",2023-02-05,440100,0,NA,63,183327,63,623427,70.8571428571429
"1107",2023-02-06,440100,0,NA,94,183421,94,623521,73.1428571428571
"1108",2023-02-07,440100,0,NA,83,183504,83,623604,73.2857142857143
"1109",2023-02-08,440100,0,NA,60,183564,60,623664,73.1428571428571
"1110",2023-02-09,440100,0,NA,69,183633,69,623733,70.1428571428571
"1111",2023-02-10,440100,0,NA,73,183706,73,623806,71.8571428571429
"1112",2023-02-11,440100,0,NA,55,183761,55,623861,71
"1113",2023-02-12,440100,0,NA,42,183803,42,623903,68
"1114",2023-02-13,440100,0,NA,97,183900,97,624000,68.4285714285714
"1115",2023-02-14,440100,0,NA,45,183945,45,624045,63
"1116",2023-02-15,440100,0,NA,51,183996,51,624096,61.7142857142857
"1117",2023-02-16,440100,0,NA,5,184001,5,624101,52.5714285714286
