"","date","total_cases_scc","new_cases_scc","new_cases_smc","total_cases_smc","new_cases","total_cases","new_cases_mov7"
"1",2020-01-27,1,1,0,0,1,1,1
"2",2020-01-28,2,1,0,0,1,2,1
"3",2020-01-29,3,1,0,0,1,3,1
"4",2020-01-30,4,1,0,0,1,4,1
"5",2020-01-31,6,2,0,0,2,6,1.2
"6",2020-02-01,6,0,0,0,0,6,1
"7",2020-02-02,6,0,0,0,0,6,0.857142857142857
"8",2020-02-03,6,0,0,0,0,6,0.714285714285714
"9",2020-02-04,6,0,0,0,0,6,0.571428571428571
"10",2020-02-05,6,0,0,0,0,6,0.428571428571429
"11",2020-02-06,6,0,0,0,0,6,0.285714285714286
"12",2020-02-07,6,0,0,0,0,6,0
"13",2020-02-08,6,0,0,0,0,6,0
"14",2020-02-09,6,0,0,0,0,6,0
"15",2020-02-10,6,0,0,0,0,6,0
"16",2020-02-11,6,0,0,0,0,6,0
"17",2020-02-12,6,0,0,0,0,6,0
"18",2020-02-13,6,0,0,0,0,6,0
"19",2020-02-14,6,0,0,0,0,6,0
"20",2020-02-15,6,0,0,0,0,6,0
"21",2020-02-16,6,0,0,0,0,6,0
"22",2020-02-17,7,1,0,0,1,7,0.142857142857143
"23",2020-02-18,7,0,0,0,0,7,0.142857142857143
"24",2020-02-19,7,0,0,0,0,7,0.142857142857143
"25",2020-02-20,8,1,10,10,11,18,1.71428571428571
"26",2020-02-21,8,0,1,11,1,19,1.85714285714286
"27",2020-02-22,8,0,0,11,0,19,1.85714285714286
"28",2020-02-23,8,0,1,12,1,20,2
"29",2020-02-24,8,0,3,15,3,23,2.28571428571429
"30",2020-02-25,8,0,4,19,4,27,2.85714285714286
"31",2020-02-26,10,2,2,21,4,31,3.42857142857143
"32",2020-02-27,10,0,2,23,2,33,2.14285714285714
"33",2020-02-28,12,2,4,27,6,39,2.85714285714286
"34",2020-02-29,16,4,5,32,9,48,4.14285714285714
"35",2020-03-01,16,0,7,39,7,55,5
"36",2020-03-02,21,5,8,47,13,68,6.42857142857143
"37",2020-03-03,23,2,8,55,10,78,7.28571428571429
"38",2020-03-04,28,5,7,62,12,90,8.42857142857143
"39",2020-03-05,35,7,4,66,11,101,9.71428571428571
"40",2020-03-06,45,10,14,80,24,125,12.2857142857143
"41",2020-03-07,53,8,8,88,16,141,13.2857142857143
"42",2020-03-08,57,4,10,98,14,155,14.2857142857143
"43",2020-03-09,74,17,14,112,31,186,16.8571428571429
"44",2020-03-10,89,15,13,125,28,214,19.4285714285714
"45",2020-03-11,115,26,14,139,40,254,23.4285714285714
"46",2020-03-12,138,23,16,155,39,293,27.4285714285714
"47",2020-03-13,186,48,32,187,80,373,35.4285714285714
"48",2020-03-14,229,43,19,206,62,435,42
"49",2020-03-15,261,32,25,231,57,492,48.1428571428571
"50",2020-03-16,298,37,33,264,70,562,53.7142857142857
"51",2020-03-17,351,53,36,300,89,651,62.4285714285714
"52",2020-03-18,396,45,27,327,72,723,67
"53",2020-03-19,442,46,22,349,68,791,71.1428571428571
"54",2020-03-20,506,64,31,380,95,886,73.2857142857143
"55",2020-03-21,542,36,30,410,66,952,73.8571428571429
"56",2020-03-22,583,41,36,446,77,1029,76.7142857142857
"57",2020-03-23,662,79,29,475,108,1137,82.1428571428571
"58",2020-03-24,734,72,37,512,109,1246,85
"59",2020-03-25,812,78,38,550,116,1362,91.2857142857143
"60",2020-03-26,887,75,37,587,112,1474,97.5714285714286
"61",2020-03-27,954,67,35,622,102,1576,98.5714285714286
"62",2020-03-28,994,40,28,650,68,1644,98.8571428571429
"63",2020-03-29,1018,24,19,669,43,1687,94
"64",2020-03-30,1096,78,25,694,103,1790,93.2857142857143
"65",2020-03-31,1147,51,22,716,73,1863,88.1428571428571
"66",2020-04-01,1197,50,18,734,68,1931,81.2857142857143
"67",2020-04-02,1250,53,18,752,71,2002,75.4285714285714
"68",2020-04-03,1293,43,21,773,64,2066,70
"69",2020-04-04,1326,33,16,789,49,2115,67.2857142857143
"70",2020-04-05,1369,43,12,801,55,2170,69
"71",2020-04-06,1422,53,22,823,75,2245,65
"72",2020-04-07,1463,41,20,843,61,2306,63.2857142857143
"73",2020-04-08,1535,72,19,862,91,2397,66.5714285714286
"74",2020-04-09,1603,68,13,875,81,2478,68
"75",2020-04-10,1685,82,16,891,98,2576,72.8571428571429
"76",2020-04-11,1726,41,15,906,56,2632,73.8571428571429
"77",2020-04-12,1750,24,11,917,35,2667,71
"78",2020-04-13,1791,41,26,943,67,2734,69.8571428571429
"79",2020-04-14,1835,44,40,983,84,2818,73.1428571428571
"80",2020-04-15,1866,31,36,1019,67,2885,69.7142857142857
"81",2020-04-16,1893,27,49,1068,76,2961,69
"82",2020-04-17,1935,42,28,1096,70,3031,65
"83",2020-04-18,1950,15,16,1112,31,3062,61.4285714285714
"84",2020-04-19,1964,14,21,1133,35,3097,61.4285714285714
"85",2020-04-20,1989,25,38,1171,63,3160,60.8571428571429
"86",2020-04-21,2015,26,23,1194,49,3209,55.8571428571429
"87",2020-04-22,2064,49,42,1236,91,3300,59.2857142857143
"88",2020-04-23,2084,20,23,1259,43,3343,54.5714285714286
"89",2020-04-24,2114,30,38,1297,68,3411,54.2857142857143
"90",2020-04-25,2128,14,20,1317,34,3445,54.7142857142857
"91",2020-04-26,2139,11,18,1335,29,3474,53.8571428571429
"92",2020-04-27,2163,24,26,1361,50,3524,52
"93",2020-04-28,2185,22,21,1382,43,3567,51.1428571428571
"94",2020-04-29,2213,28,13,1395,41,3608,44
"95",2020-04-30,2224,11,27,1422,38,3646,43.2857142857143
"96",2020-05-01,2245,21,29,1451,50,3696,40.7142857142857
"97",2020-05-02,2257,12,17,1468,29,3725,40
"98",2020-05-03,2265,8,16,1484,24,3749,39.2857142857143
"99",2020-05-04,2284,19,27,1511,46,3795,38.7142857142857
"100",2020-05-05,2297,13,27,1538,40,3835,38.2857142857143
"101",2020-05-06,2325,28,28,1566,56,3891,40.4285714285714
"102",2020-05-07,2337,12,27,1593,39,3930,40.5714285714286
"103",2020-05-08,2361,24,21,1614,45,3975,39.8571428571429
"104",2020-05-09,2372,11,16,1630,27,4002,39.5714285714286
"105",2020-05-10,2375,3,19,1649,22,4024,39.2857142857143
"106",2020-05-11,2395,20,23,1672,43,4067,38.8571428571429
"107",2020-05-12,2410,15,29,1701,44,4111,39.4285714285714
"108",2020-05-13,2430,20,28,1729,48,4159,38.2857142857143
"109",2020-05-14,2454,24,32,1761,56,4215,40.7142857142857
"110",2020-05-15,2469,15,47,1808,62,4277,43.1428571428571
"111",2020-05-16,2484,15,23,1831,38,4315,44.7142857142857
"112",2020-05-17,2491,7,21,1852,28,4343,45.5714285714286
"113",2020-05-18,2530,39,41,1893,80,4423,50.8571428571429
"114",2020-05-19,2574,44,40,1933,84,4507,56.5714285714286
"115",2020-05-20,2610,36,41,1974,77,4584,60.7142857142857
"116",2020-05-21,2631,21,73,2047,94,4678,66.1428571428571
"117",2020-05-22,2657,26,33,2080,59,4737,65.7142857142857
"118",2020-05-23,2674,17,18,2098,35,4772,65.2857142857143
"119",2020-05-24,2676,2,31,2129,33,4805,66
"120",2020-05-25,2683,7,35,2164,42,4847,60.5714285714286
"121",2020-05-26,2715,32,39,2203,71,4918,58.7142857142857
"122",2020-05-27,2754,39,38,2241,77,4995,58.7142857142857
"123",2020-05-28,2777,23,39,2280,62,5057,54.1428571428571
"124",2020-05-29,2821,44,31,2311,75,5132,56.4285714285714
"125",2020-05-30,2837,16,20,2331,36,5168,56.5714285714286
"126",2020-05-31,2847,10,25,2356,35,5203,56.8571428571429
"127",2020-06-01,2881,34,53,2409,87,5290,63.2857142857143
"128",2020-06-02,2906,25,45,2454,70,5360,63.1428571428571
"129",2020-06-03,2948,42,36,2490,78,5438,63.2857142857143
"130",2020-06-04,2985,37,27,2517,64,5502,63.5714285714286
"131",2020-06-05,3021,36,25,2542,61,5563,61.5714285714286
"132",2020-06-06,3034,13,24,2566,37,5600,61.7142857142857
"133",2020-06-07,3052,18,13,2579,31,5631,61.1428571428571
"134",2020-06-08,3090,38,32,2611,70,5701,58.7142857142857
"135",2020-06-09,3137,47,31,2642,78,5779,59.8571428571429
"136",2020-06-10,3200,63,32,2674,95,5874,62.2857142857143
"137",2020-06-11,3250,50,39,2713,89,5963,65.8571428571429
"138",2020-06-12,3308,58,37,2750,95,6058,70.7142857142857
"139",2020-06-13,3329,21,36,2786,57,6115,73.5714285714286
"140",2020-06-14,3342,13,21,2807,34,6149,74
"141",2020-06-15,3404,62,60,2867,122,6271,81.4285714285714
"142",2020-06-16,3499,95,44,2911,139,6410,90.1428571428571
"143",2020-06-17,3592,93,54,2965,147,6557,97.5714285714286
"144",2020-06-18,3694,102,46,3011,148,6705,106
"145",2020-06-19,3804,110,40,3051,150,6855,113.857142857143
"146",2020-06-20,3854,50,39,3090,89,6944,118.428571428571
"147",2020-06-21,3891,37,49,3139,86,7030,125.857142857143
"148",2020-06-22,3998,107,61,3200,168,7198,132.428571428571
"149",2020-06-23,4189,191,76,3276,267,7465,150.714285714286
"150",2020-06-24,4335,146,68,3344,214,7679,160.285714285714
"151",2020-06-25,4472,137,58,3402,195,7874,167
"152",2020-06-26,4607,135,70,3472,205,8079,174.857142857143
"153",2020-06-27,4718,111,52,3524,163,8242,185.428571428571
"154",2020-06-28,4779,61,56,3580,117,8359,189.857142857143
"155",2020-06-29,4919,140,74,3654,214,8573,196.428571428571
"156",2020-06-30,5108,189,59,3713,248,8821,193.714285714286
"157",2020-07-01,5292,184,80,3793,264,9085,200.857142857143
"158",2020-07-02,5477,185,64,3857,249,9334,208.571428571429
"159",2020-07-03,5556,79,79,3936,158,9492,201.857142857143
"160",2020-07-04,5600,44,58,3994,102,9594,193.142857142857
"161",2020-07-05,5697,97,64,4058,161,9755,199.428571428571
"162",2020-07-06,5951,254,108,4166,362,10117,220.571428571429
"163",2020-07-07,6243,292,87,4253,379,10496,239.285714285714
"164",2020-07-08,6531,288,115,4368,403,10899,259.142857142857
"165",2020-07-09,6812,281,118,4486,399,11298,280.571428571429
"166",2020-07-10,7056,244,129,4615,373,11671,311.285714285714
"167",2020-07-11,7238,182,65,4680,247,11918,332
"168",2020-07-12,7357,119,73,4753,192,12110,336.428571428571
"169",2020-07-13,7563,206,120,4873,326,12436,331.285714285714
"170",2020-07-14,7917,354,133,5006,487,12923,346.714285714286
"171",2020-07-15,8303,386,91,5097,477,13400,357.285714285714
"172",2020-07-16,8643,340,115,5212,455,13855,365.285714285714
"173",2020-07-17,8942,299,111,5323,410,14265,370.571428571429
"174",2020-07-18,9112,170,94,5417,264,14529,373
"175",2020-07-19,9199,87,59,5476,146,14675,366.428571428571
"176",2020-07-20,9415,216,104,5580,320,14995,365.571428571429
"177",2020-07-21,9727,312,106,5686,418,15413,355.714285714286
"178",2020-07-22,10028,301,86,5772,387,15800,342.857142857143
"179",2020-07-23,10310,282,81,5853,363,16163,329.714285714286
"180",2020-07-24,10556,246,100,5953,346,16509,320.571428571429
"181",2020-07-25,10683,127,61,6014,188,16697,309.714285714286
"182",2020-07-26,10769,86,63,6077,149,16846,310.142857142857
"183",2020-07-27,10945,176,102,6179,278,17124,304.142857142857
"184",2020-07-28,11243,298,99,6278,397,17521,301.142857142857
"185",2020-07-29,11516,273,68,6346,341,17862,294.571428571429
"186",2020-07-30,11758,242,90,6436,332,18194,290.142857142857
"187",2020-07-31,12020,262,99,6535,361,18555,292.285714285714
"188",2020-08-01,12193,173,72,6607,245,18800,300.428571428571
"189",2020-08-02,12277,84,54,6661,138,18938,298.857142857143
"190",2020-08-03,12447,170,113,6774,283,19221,299.571428571429
"191",2020-08-04,12749,302,82,6856,384,19605,297.714285714286
"192",2020-08-05,13082,333,113,6969,446,20051,312.714285714286
"193",2020-08-06,13327,245,98,7067,343,20394,314.285714285714
"194",2020-08-07,13586,259,98,7165,357,20751,313.714285714286
"195",2020-08-08,13793,207,63,7228,270,21021,317.285714285714
"196",2020-08-09,13904,111,56,7284,167,21188,321.428571428571
"197",2020-08-10,14128,224,99,7383,323,21511,327.142857142857
"198",2020-08-11,14461,333,82,7465,415,21926,331.571428571429
"199",2020-08-12,14745,284,79,7544,363,22289,319.714285714286
"200",2020-08-13,14988,243,79,7623,322,22611,316.714285714286
"201",2020-08-14,15242,254,56,7679,310,22921,310
"202",2020-08-15,15398,156,58,7737,214,23135,302
"203",2020-08-16,15469,71,39,7776,110,23245,293.857142857143
"204",2020-08-17,15654,185,76,7852,261,23506,285
"205",2020-08-18,15921,267,57,7909,324,23830,272
"206",2020-08-19,16093,172,61,7970,233,24063,253.428571428571
"207",2020-08-20,16255,162,69,8039,231,24294,240.428571428571
"208",2020-08-21,16421,166,62,8101,228,24522,228.714285714286
"209",2020-08-22,16559,138,60,8161,198,24720,226.428571428571
"210",2020-08-23,16619,60,47,8208,107,24827,226
"211",2020-08-24,16774,155,96,8304,251,25078,224.571428571429
"212",2020-08-25,17063,289,67,8371,356,25434,229.142857142857
"213",2020-08-26,17291,228,60,8431,288,25722,237
"214",2020-08-27,17490,199,67,8498,266,25988,242
"215",2020-08-28,17681,191,106,8604,297,26285,251.857142857143
"216",2020-08-29,17821,140,47,8651,187,26472,250.285714285714
"217",2020-08-30,17877,56,41,8692,97,26569,248.857142857143
"218",2020-08-31,18025,148,80,8772,228,26797,245.571428571429
"219",2020-09-01,18258,233,67,8839,300,27097,237.571428571429
"220",2020-09-02,18488,230,80,8919,310,27407,240.714285714286
"221",2020-09-03,18657,169,63,8982,232,27639,235.857142857143
"222",2020-09-04,18834,177,77,9059,254,27893,229.714285714286
"223",2020-09-05,18924,90,48,9107,138,28031,222.714285714286
"224",2020-09-06,18969,45,46,9153,91,28122,221.857142857143
"225",2020-09-07,19010,41,55,9208,96,28218,203
"226",2020-09-08,19201,191,76,9284,267,28485,198.285714285714
"227",2020-09-09,19408,207,76,9360,283,28768,194.428571428571
"228",2020-09-10,19553,145,61,9421,206,28974,190.714285714286
"229",2020-09-11,19685,132,46,9467,178,29152,179.857142857143
"230",2020-09-12,19770,85,42,9509,127,29279,178.285714285714
"231",2020-09-13,19803,33,40,9549,73,29352,175.714285714286
"232",2020-09-14,19928,125,62,9611,187,29539,188.714285714286
"233",2020-09-15,20154,226,62,9673,288,29827,191.714285714286
"234",2020-09-16,20303,149,69,9742,218,30045,182.428571428571
"235",2020-09-17,20479,176,64,9806,240,30285,187.285714285714
"236",2020-09-18,20609,130,45,9851,175,30460,186.857142857143
"237",2020-09-19,20680,71,38,9889,109,30569,184.285714285714
"238",2020-09-20,20722,42,31,9920,73,30642,184.285714285714
"239",2020-09-21,20844,122,68,9988,190,30832,184.714285714286
"240",2020-09-22,20990,146,53,10041,199,31031,172
"241",2020-09-23,21128,138,39,10080,177,31208,166.142857142857
"242",2020-09-24,21245,117,38,10118,155,31363,154
"243",2020-09-25,21348,103,48,10166,151,31514,150.571428571429
"244",2020-09-26,21400,52,40,10206,92,31606,148.142857142857
"245",2020-09-27,21440,40,33,10239,73,31679,148.142857142857
"246",2020-09-28,21537,97,71,10310,168,31847,145
"247",2020-09-29,21682,145,46,10356,191,32038,143.857142857143
"248",2020-09-30,21800,118,48,10404,166,32204,142.285714285714
"249",2020-10-01,21922,122,42,10446,164,32368,143.571428571429
"250",2020-10-02,22043,121,48,10494,169,32537,146.142857142857
"251",2020-10-03,22109,66,42,10536,108,32645,148.428571428571
"252",2020-10-04,22152,43,27,10563,70,32715,148
"253",2020-10-05,22237,85,60,10623,145,32860,144.714285714286
"254",2020-10-06,22386,149,28,10651,177,33037,142.714285714286
"255",2020-10-07,22516,130,30,10681,160,33197,141.857142857143
"256",2020-10-08,22643,127,44,10725,171,33368,142.857142857143
"257",2020-10-09,22756,113,32,10757,145,33513,139.428571428571
"258",2020-10-10,22844,88,29,10786,117,33630,140.714285714286
"259",2020-10-11,22888,44,34,10820,78,33708,141.857142857143
"260",2020-10-12,23023,135,34,10854,169,33877,145.285714285714
"261",2020-10-13,23173,150,48,10902,198,34075,148.285714285714
"262",2020-10-14,23317,144,43,10945,187,34262,152.142857142857
"263",2020-10-15,23477,160,51,10996,211,34473,157.857142857143
"264",2020-10-16,23587,110,41,11037,151,34624,158.714285714286
"265",2020-10-17,23653,66,26,11063,92,34716,155.142857142857
"266",2020-10-18,23693,40,28,11091,68,34784,153.714285714286
"267",2020-10-19,23833,140,59,11150,199,34983,158
"268",2020-10-20,24032,199,50,11200,249,35232,165.285714285714
"269",2020-10-21,24179,147,45,11245,192,35424,166
"270",2020-10-22,24312,133,47,11292,180,35604,161.571428571429
"271",2020-10-23,24457,145,56,11348,201,35805,168.714285714286
"272",2020-10-24,24526,69,49,11397,118,35923,172.428571428571
"273",2020-10-25,24582,56,39,11436,95,36018,176.285714285714
"274",2020-10-26,24740,158,51,11487,209,36227,177.714285714286
"275",2020-10-27,24940,200,43,11530,243,36470,176.857142857143
"276",2020-10-28,25109,169,46,11576,215,36685,180.142857142857
"277",2020-10-29,25252,143,66,11642,209,36894,184.285714285714
"278",2020-10-30,25400,148,48,11690,196,37090,183.571428571429
"279",2020-10-31,25498,98,61,11751,159,37249,189.428571428571
"280",2020-11-01,25553,55,53,11804,108,37357,191.285714285714
"281",2020-11-02,25773,220,79,11883,299,37656,204.142857142857
"282",2020-11-03,26053,280,110,11993,390,38046,225.142857142857
"283",2020-11-04,26353,300,94,12087,394,38440,250.714285714286
"284",2020-11-05,26617,264,98,12185,362,38802,272.571428571429
"285",2020-11-06,26875,258,98,12283,356,39158,295.428571428571
"286",2020-11-07,27086,211,76,12359,287,39445,313.714285714286
"287",2020-11-08,27172,86,62,12421,148,39593,319.428571428571
"288",2020-11-09,27469,297,127,12548,424,40017,337.285714285714
"289",2020-11-10,27899,430,112,12660,542,40559,359
"290",2020-11-11,28245,346,102,12762,448,41007,366.714285714286
"291",2020-11-12,28690,445,115,12877,560,41567,395
"292",2020-11-13,29069,379,120,12997,499,42066,415.428571428571
"293",2020-11-14,29333,264,89,13086,353,42419,424.857142857143
"294",2020-11-15,29451,118,102,13188,220,42639,435.142857142857
"295",2020-11-16,29767,316,181,13369,497,43136,445.571428571429
"296",2020-11-17,30334,567,165,13534,732,43868,472.714285714286
"297",2020-11-18,30911,577,164,13698,741,44609,514.571428571429
"298",2020-11-19,31426,515,152,13850,667,45276,529.857142857143
"299",2020-11-20,31978,552,133,13983,685,45961,556.428571428571
"300",2020-11-21,32322,344,132,14115,476,46437,574
"301",2020-11-22,32596,274,101,14216,375,46812,596.142857142857
"302",2020-11-23,33231,635,200,14416,835,47647,644.428571428571
"303",2020-11-24,33922,691,197,14613,888,48535,666.714285714286
"304",2020-11-25,34766,844,197,14810,1041,49576,709.571428571429
"305",2020-11-26,34918,152,121,14931,273,49849,653.285714285714
"306",2020-11-27,35447,529,184,15115,713,50562,657.285714285714
"307",2020-11-28,36006,559,197,15312,756,51318,697.285714285714
"308",2020-11-29,36520,514,187,15499,701,52019,743.857142857143
"309",2020-11-30,37462,942,334,15833,1276,53295,806.857142857143
"310",2020-12-01,38765,1303,354,16187,1657,54952,916.714285714286
"311",2020-12-02,40121,1356,327,16514,1683,56635,1008.42857142857
"312",2020-12-03,41359,1238,352,16866,1590,58225,1196.57142857143
"313",2020-12-04,42588,1229,347,17213,1576,59801,1319.85714285714
"314",2020-12-05,43406,818,292,17505,1110,60911,1370.42857142857
"315",2020-12-06,43903,497,245,17750,742,61653,1376.28571428571
"316",2020-12-07,45191,1288,501,18251,1789,63442,1449.57142857143
"317",2020-12-08,46753,1562,439,18690,2001,65443,1498.71428571429
"318",2020-12-09,48294,1541,391,19081,1932,67375,1534.28571428571
"319",2020-12-10,49633,1339,441,19522,1780,69155,1561.42857142857
"320",2020-12-11,50746,1113,448,19970,1561,70716,1559.28571428571
"321",2020-12-12,51570,824,271,20241,1095,71811,1557.14285714286
"322",2020-12-13,52336,766,209,20450,975,72786,1590.42857142857
"323",2020-12-14,53591,1255,476,20926,1731,74517,1582.14285714286
"324",2020-12-15,55442,1851,481,21407,2332,76849,1629.42857142857
"325",2020-12-16,57103,1661,389,21796,2050,78899,1646.28571428571
"326",2020-12-17,58619,1516,355,22151,1871,80770,1659.28571428571
"327",2020-12-18,59820,1201,358,22509,1559,82329,1659
"328",2020-12-19,60576,756,304,22813,1060,83389,1654
"329",2020-12-20,61176,600,212,23025,812,84201,1630.71428571429
"330",2020-12-21,62710,1534,424,23449,1958,86159,1663.14285714286
"331",2020-12-22,64166,1456,398,23847,1854,88013,1594.85714285714
"332",2020-12-23,65618,1452,330,24177,1782,89795,1556.57142857143
"333",2020-12-24,66375,757,318,24495,1075,90870,1442.85714285714
"334",2020-12-25,66588,213,187,24682,400,91270,1277.28571428571
"335",2020-12-26,67597,1009,317,24999,1326,92596,1315.28571428571
"336",2020-12-27,68412,815,329,25328,1144,93740,1362.71428571429
"337",2020-12-28,70242,1830,550,25878,2380,96120,1423
"338",2020-12-29,72068,1826,450,26328,2276,98396,1483.28571428571
"339",2020-12-30,73983,1915,444,26772,2359,100755,1565.71428571429
"340",2020-12-31,75158,1175,376,27148,1551,102306,1633.71428571429
"341",2021-01-01,75435,277,305,27453,582,102888,1659.71428571429
"342",2021-01-02,76420,985,447,27900,1432,104320,1674.85714285714
"343",2021-01-03,77344,924,341,28241,1265,105585,1692.14285714286
"344",2021-01-04,78961,1617,578,28819,2195,107780,1665.71428571429
"345",2021-01-05,81212,2251,562,29381,2813,110593,1742.42857142857
"346",2021-01-06,83028,1816,496,29877,2312,112905,1735.71428571429
"347",2021-01-07,84659,1631,427,30304,2058,114963,1808.14285714286
"348",2021-01-08,85805,1146,523,30827,1669,116632,1963.42857142857
"349",2021-01-09,86685,880,349,31176,1229,117861,1934.42857142857
"350",2021-01-10,87384,699,307,31483,1006,118867,1897.42857142857
"351",2021-01-11,88671,1287,497,31980,1784,120651,1838.71428571429
"352",2021-01-12,90158,1487,443,32423,1930,122581,1712.57142857143
"353",2021-01-13,91467,1309,398,32821,1707,124288,1626.14285714286
"354",2021-01-14,92637,1170,347,33168,1517,125805,1548.85714285714
"355",2021-01-15,93645,1008,371,33539,1379,127184,1507.42857142857
"356",2021-01-16,94275,630,243,33782,873,128057,1456.57142857143
"357",2021-01-17,94744,469,172,33954,641,128698,1404.42857142857
"358",2021-01-18,95486,742,254,34208,996,129694,1291.85714285714
"359",2021-01-19,96512,1026,306,34514,1332,131026,1206.42857142857
"360",2021-01-20,97411,899,294,34808,1193,132219,1133
"361",2021-01-21,98197,786,228,35036,1014,133233,1061.14285714286
"362",2021-01-22,98825,628,246,35282,874,134107,989
"363",2021-01-23,99252,427,227,35509,654,134761,957.714285714286
"364",2021-01-24,99601,349,176,35685,525,135286,941.142857142857
"365",2021-01-25,100237,636,246,35931,882,136168,924.857142857143
"366",2021-01-26,100785,548,236,36167,784,136952,846.571428571429
"367",2021-01-27,101321,536,202,36369,738,137690,781.571428571429
"368",2021-01-28,101748,427,154,36523,581,138271,719.714285714286
"369",2021-01-29,102264,516,167,36690,683,138954,692.428571428571
"370",2021-01-30,102650,386,128,36818,514,139468,672.428571428571
"371",2021-01-31,102930,280,142,36960,422,139890,657.714285714286
"372",2021-02-01,103484,554,193,37153,747,140637,638.428571428571
"373",2021-02-02,103947,463,152,37305,615,141252,614.285714285714
"374",2021-02-03,104449,502,170,37475,672,141924,604.857142857143
"375",2021-02-04,104852,403,141,37616,544,142468,599.571428571429
"376",2021-02-05,105260,408,122,37738,530,142998,577.714285714286
"377",2021-02-06,105511,251,83,37821,334,143332,552
"378",2021-02-07,105694,183,73,37894,256,143588,528.285714285714
"379",2021-02-08,106052,358,138,38032,496,144084,492.428571428571
"380",2021-02-09,106465,413,112,38144,525,144609,479.571428571429
"381",2021-02-10,106851,386,130,38274,516,145125,457.285714285714
"382",2021-02-11,107159,308,90,38364,398,145523,436.428571428571
"383",2021-02-12,107428,269,95,38459,364,145887,412.714285714286
"384",2021-02-13,107583,155,73,38532,228,146115,397.571428571429
"385",2021-02-14,107769,186,52,38584,238,146353,395
"386",2021-02-15,107961,192,82,38666,274,146627,363.285714285714
"387",2021-02-16,108208,247,80,38746,327,146954,335
"388",2021-02-17,108476,268,58,38804,326,147280,307.857142857143
"389",2021-02-18,108751,275,68,38872,343,147623,300
"390",2021-02-19,108988,237,63,38935,300,147923,290.857142857143
"391",2021-02-20,109168,180,59,38994,239,148162,292.428571428571
"392",2021-02-21,109336,168,42,39036,210,148372,288.428571428571
"393",2021-02-22,109599,263,64,39100,327,148699,296
"394",2021-02-23,109818,219,52,39152,271,148970,288
"395",2021-02-24,110079,261,60,39212,321,149291,287.285714285714
"396",2021-02-25,110245,166,39,39251,205,149496,267.571428571429
"397",2021-02-26,110405,160,48,39299,208,149704,254.428571428571
"398",2021-02-27,110540,135,42,39341,177,149881,245.571428571429
"399",2021-02-28,110663,123,43,39384,166,150047,239.285714285714
"400",2021-03-01,110869,206,56,39440,262,150309,230
"401",2021-03-02,111057,188,50,39490,238,150547,225.285714285714
"402",2021-03-03,111257,200,51,39541,251,150798,215.285714285714
"403",2021-03-04,111422,165,51,39592,216,151014,216.857142857143
"404",2021-03-05,111579,157,45,39637,202,151216,216
"405",2021-03-06,111669,90,33,39670,123,151339,208.285714285714
"406",2021-03-07,111748,79,23,39693,102,151441,199.142857142857
"407",2021-03-08,111919,171,38,39731,209,151650,191.571428571429
"408",2021-03-09,112071,152,50,39781,202,151852,186.428571428571
"409",2021-03-10,112213,142,47,39828,189,152041,177.571428571429
"410",2021-03-11,112334,121,27,39855,148,152189,167.857142857143
"411",2021-03-12,112451,117,38,39893,155,152344,161.142857142857
"412",2021-03-13,112548,97,35,39928,132,152476,162.428571428571
"413",2021-03-14,112615,67,28,39956,95,152571,161.428571428571
"414",2021-03-15,112754,139,39,39995,178,152749,157
"415",2021-03-16,112873,119,53,40048,172,152921,152.714285714286
"416",2021-03-17,113027,154,34,40082,188,153109,152.571428571429
"417",2021-03-18,113134,107,32,40114,139,153248,151.285714285714
"418",2021-03-19,113249,115,40,40154,155,153403,151.285714285714
"419",2021-03-20,113317,68,25,40179,93,153496,145.714285714286
"420",2021-03-21,113394,77,33,40212,110,153606,147.857142857143
"421",2021-03-22,113508,114,44,40256,158,153764,145
"422",2021-03-23,113629,121,51,40307,172,153936,145
"423",2021-03-24,113754,125,58,40365,183,154119,144.285714285714
"424",2021-03-25,113893,139,49,40414,188,154307,151.285714285714
"425",2021-03-26,114021,128,42,40456,170,154477,153.428571428571
"426",2021-03-27,114089,68,35,40491,103,154580,154.857142857143
"427",2021-03-28,114155,66,24,40515,90,154670,152
"428",2021-03-29,114271,116,45,40560,161,154831,152.428571428571
"429",2021-03-30,114368,97,42,40602,139,154970,147.714285714286
"430",2021-03-31,114512,144,45,40647,189,155159,148.571428571429
"431",2021-04-01,114636,124,32,40679,156,155315,144
"432",2021-04-02,114740,104,42,40721,146,155461,140.571428571429
"433",2021-04-03,114812,72,42,40763,114,155575,142.142857142857
"434",2021-04-04,114870,58,25,40788,83,155658,141.142857142857
"435",2021-04-05,115068,198,41,40829,239,155897,152.285714285714
"436",2021-04-06,115237,169,39,40868,208,156105,162.142857142857
"437",2021-04-07,115405,168,49,40917,217,156322,166.142857142857
"438",2021-04-08,115568,163,45,40962,208,156530,173.571428571429
"439",2021-04-09,115699,131,38,41000,169,156699,176.857142857143
"440",2021-04-10,115801,102,38,41038,140,156839,180.571428571429
"441",2021-04-11,115867,66,30,41068,96,156935,182.428571428571
"442",2021-04-12,116012,145,53,41121,198,157133,176.571428571429
"443",2021-04-13,116132,120,43,41164,163,157296,170.142857142857
"444",2021-04-14,116284,152,44,41208,196,157492,167.142857142857
"445",2021-04-15,116425,141,36,41244,177,157669,162.714285714286
"446",2021-04-16,116541,116,38,41282,154,157823,160.571428571429
"447",2021-04-17,116635,94,29,41311,123,157946,158.142857142857
"448",2021-04-18,116716,81,23,41334,104,158050,159.285714285714
"449",2021-04-19,116850,134,29,41363,163,158213,154.285714285714
"450",2021-04-20,116974,124,32,41395,156,158369,153.285714285714
"451",2021-04-21,117098,124,32,41427,156,158525,147.571428571429
"452",2021-04-22,117180,82,29,41456,111,158636,138.142857142857
"453",2021-04-23,117275,95,28,41484,123,158759,133.714285714286
"454",2021-04-24,117337,62,24,41508,86,158845,128.428571428571
"455",2021-04-25,117388,51,12,41520,63,158908,122.571428571429
"456",2021-04-26,117463,75,33,41553,108,159016,114.714285714286
"457",2021-04-27,117570,107,31,41584,138,159154,112.142857142857
"458",2021-04-28,117632,62,33,41617,95,159249,103.428571428571
"459",2021-04-29,117716,84,27,41644,111,159360,103.428571428571
"460",2021-04-30,117781,65,28,41672,93,159453,99.1428571428571
"461",2021-05-01,117830,49,13,41685,62,159515,95.7142857142857
"462",2021-05-02,117878,48,29,41714,77,159592,97.7142857142857
"463",2021-05-03,117950,72,14,41728,86,159678,94.5714285714286
"464",2021-05-04,118033,83,23,41751,106,159784,90
"465",2021-05-05,118105,72,25,41776,97,159881,90.2857142857143
"466",2021-05-06,118150,45,28,41804,73,159954,84.8571428571429
"467",2021-05-07,118203,53,16,41820,69,160023,81.4285714285714
"468",2021-05-08,118230,27,13,41833,40,160063,78.2857142857143
"469",2021-05-09,118257,27,12,41845,39,160102,72.8571428571429
"470",2021-05-10,118299,42,28,41873,70,160172,70.5714285714286
"471",2021-05-11,118371,72,20,41893,92,160264,68.5714285714286
"472",2021-05-12,118423,52,18,41911,70,160334,64.7142857142857
"473",2021-05-13,118473,50,10,41921,60,160394,62.8571428571429
"474",2021-05-14,118518,45,16,41937,61,160455,61.7142857142857
"475",2021-05-15,118541,23,10,41947,33,160488,60.7142857142857
"476",2021-05-16,118567,26,14,41961,40,160528,60.8571428571429
"477",2021-05-17,118593,26,11,41972,37,160565,56.1428571428571
"478",2021-05-18,118630,37,25,41997,62,160627,51.8571428571429
"479",2021-05-19,118657,27,10,42007,37,160664,47.1428571428571
"480",2021-05-20,118703,46,8,42015,54,160718,46.2857142857143
"481",2021-05-21,118723,20,13,42028,33,160751,42.2857142857143
"482",2021-05-22,118750,27,11,42039,38,160789,43
"483",2021-05-23,118768,18,7,42046,25,160814,40.8571428571429
"484",2021-05-24,118792,24,16,42062,40,160854,41.2857142857143
"485",2021-05-25,118825,33,9,42071,42,160896,38.4285714285714
"486",2021-05-26,118849,24,9,42080,33,160929,37.8571428571429
"487",2021-05-27,118883,34,6,42086,40,160969,35.8571428571429
"488",2021-05-28,118900,17,3,42089,20,160989,34
"489",2021-05-29,118914,14,1,42090,15,161004,30.7142857142857
"490",2021-05-30,118932,18,3,42093,21,161025,30.1428571428571
"491",2021-05-31,118939,7,0,42093,7,161032,25.4285714285714
"492",2021-06-01,118945,6,0,42093,6,161038,20.2857142857143
