"","date","total_cases_scc","new_cases_scc","new_cases_smc","total_cases_smc","new_cases","total_cases","new_cases_mov7"
"1",2020-01-27,1,1,0,0,1,1,1
"2",2020-01-28,2,1,0,0,1,2,1
"3",2020-01-29,3,1,0,0,1,3,1
"4",2020-01-30,4,1,0,0,1,4,1
"5",2020-01-31,6,2,0,0,2,6,1.2
"6",2020-02-01,6,0,0,0,0,6,1
"7",2020-02-02,6,0,0,0,0,6,0.857142857142857
"8",2020-02-03,6,0,0,0,0,6,0.714285714285714
"9",2020-02-04,6,0,0,0,0,6,0.571428571428571
"10",2020-02-05,6,0,0,0,0,6,0.428571428571429
"11",2020-02-06,6,0,0,0,0,6,0.285714285714286
"12",2020-02-07,6,0,0,0,0,6,0
"13",2020-02-08,6,0,0,0,0,6,0
"14",2020-02-09,6,0,0,0,0,6,0
"15",2020-02-10,6,0,0,0,0,6,0
"16",2020-02-11,6,0,0,0,0,6,0
"17",2020-02-12,6,0,0,0,0,6,0
"18",2020-02-13,6,0,0,0,0,6,0
"19",2020-02-14,6,0,0,0,0,6,0
"20",2020-02-15,6,0,0,0,0,6,0
"21",2020-02-16,6,0,0,0,0,6,0
"22",2020-02-17,7,1,0,0,1,7,0.142857142857143
"23",2020-02-18,7,0,0,0,0,7,0.142857142857143
"24",2020-02-19,7,0,0,0,0,7,0.142857142857143
"25",2020-02-20,8,1,14,14,15,22,2.28571428571429
"26",2020-02-21,8,0,2,16,2,24,2.57142857142857
"27",2020-02-22,8,0,0,16,0,24,2.57142857142857
"28",2020-02-23,8,0,2,18,2,26,2.85714285714286
"29",2020-02-24,8,0,3,21,3,29,3.14285714285714
"30",2020-02-25,8,0,4,25,4,33,3.71428571428571
"31",2020-02-26,10,2,1,26,3,36,4.14285714285714
"32",2020-02-27,10,0,2,28,2,38,2.28571428571429
"33",2020-02-28,12,2,4,32,6,44,2.85714285714286
"34",2020-02-29,16,4,5,37,9,53,4.14285714285714
"35",2020-03-01,16,0,8,45,8,61,5
"36",2020-03-02,21,5,8,53,13,74,6.42857142857143
"37",2020-03-03,23,2,9,62,11,85,7.42857142857143
"38",2020-03-04,28,5,7,69,12,97,8.71428571428571
"39",2020-03-05,35,7,4,73,11,108,10
"40",2020-03-06,45,10,14,87,24,132,12.5714285714286
"41",2020-03-07,53,8,8,95,16,148,13.5714285714286
"42",2020-03-08,57,4,10,105,14,162,14.4285714285714
"43",2020-03-09,74,17,14,119,31,193,17
"44",2020-03-10,89,15,13,132,28,221,19.4285714285714
"45",2020-03-11,115,26,14,146,40,261,23.4285714285714
"46",2020-03-12,138,23,16,162,39,300,27.4285714285714
"47",2020-03-13,186,48,33,195,81,381,35.5714285714286
"48",2020-03-14,229,43,19,214,62,443,42.1428571428571
"49",2020-03-15,261,32,25,239,57,500,48.2857142857143
"50",2020-03-16,298,37,33,272,70,570,53.8571428571429
"51",2020-03-17,349,51,36,308,87,657,62.2857142857143
"52",2020-03-18,391,42,26,334,68,725,66.2857142857143
"53",2020-03-19,434,43,21,355,64,789,69.8571428571429
"54",2020-03-20,497,63,33,388,96,885,72
"55",2020-03-21,533,36,30,418,66,951,72.5714285714286
"56",2020-03-22,575,42,37,455,79,1030,75.7142857142857
"57",2020-03-23,653,78,29,484,107,1137,81
"58",2020-03-24,723,70,38,522,108,1245,84
"59",2020-03-25,802,79,38,560,117,1362,91
"60",2020-03-26,875,73,37,597,110,1472,97.5714285714286
"61",2020-03-27,941,66,34,631,100,1572,98.1428571428571
"62",2020-03-28,981,40,27,658,67,1639,98.2857142857143
"63",2020-03-29,1006,25,19,677,44,1683,93.2857142857143
"64",2020-03-30,1080,74,25,702,99,1782,92.1428571428571
"65",2020-03-31,1132,52,23,725,75,1857,87.4285714285714
"66",2020-04-01,1182,50,18,743,68,1925,80.4285714285714
"67",2020-04-02,1234,52,18,761,70,1995,74.7142857142857
"68",2020-04-03,1277,43,20,781,63,2058,69.4285714285714
"69",2020-04-04,1309,32,16,797,48,2106,66.7142857142857
"70",2020-04-05,1351,42,12,809,54,2160,68.1428571428571
"71",2020-04-06,1404,53,21,830,74,2234,64.5714285714286
"72",2020-04-07,1445,41,20,850,61,2295,62.5714285714286
"73",2020-04-08,1515,70,19,869,89,2384,65.5714285714286
"74",2020-04-09,1583,68,13,882,81,2465,67.1428571428571
"75",2020-04-10,1664,81,16,898,97,2562,72
"76",2020-04-11,1705,41,15,913,56,2618,73.1428571428571
"77",2020-04-12,1729,24,11,924,35,2653,70.4285714285714
"78",2020-04-13,1769,40,26,950,66,2719,69.2857142857143
"79",2020-04-14,1813,44,40,990,84,2803,72.5714285714286
"80",2020-04-15,1844,31,36,1026,67,2870,69.4285714285714
"81",2020-04-16,1870,26,48,1074,74,2944,68.4285714285714
"82",2020-04-17,1910,40,28,1102,68,3012,64.2857142857143
"83",2020-04-18,1925,15,16,1118,31,3043,60.7142857142857
"84",2020-04-19,1939,14,21,1139,35,3078,60.7142857142857
"85",2020-04-20,1964,25,38,1177,63,3141,60.2857142857143
"86",2020-04-21,1990,26,23,1200,49,3190,55.2857142857143
"87",2020-04-22,2039,49,43,1243,92,3282,58.8571428571429
"88",2020-04-23,2059,20,22,1265,42,3324,54.2857142857143
"89",2020-04-24,2088,29,38,1303,67,3391,54.1428571428571
"90",2020-04-25,2102,14,20,1323,34,3425,54.5714285714286
"91",2020-04-26,2113,11,18,1341,29,3454,53.7142857142857
"92",2020-04-27,2137,24,26,1367,50,3504,51.8571428571429
"93",2020-04-28,2158,21,21,1388,42,3546,50.8571428571429
"94",2020-04-29,2186,28,13,1401,41,3587,43.5714285714286
"95",2020-04-30,2197,11,27,1428,38,3625,43
"96",2020-05-01,2219,22,30,1458,52,3677,40.8571428571429
"97",2020-05-02,2231,12,17,1475,29,3706,40.1428571428571
"98",2020-05-03,2239,8,16,1491,24,3730,39.4285714285714
"99",2020-05-04,2258,19,28,1519,47,3777,39
"100",2020-05-05,2271,13,22,1541,35,3812,38
"101",2020-05-06,2298,27,29,1570,56,3868,40.1428571428571
"102",2020-05-07,2311,13,26,1596,39,3907,40.2857142857143
"103",2020-05-08,2335,24,23,1619,47,3954,39.5714285714286
"104",2020-05-09,2346,11,16,1635,27,3981,39.2857142857143
"105",2020-05-10,2349,3,19,1654,22,4003,39
"106",2020-05-11,2369,20,23,1677,43,4046,38.4285714285714
"107",2020-05-12,2384,15,29,1706,44,4090,39.7142857142857
"108",2020-05-13,2404,20,28,1734,48,4138,38.5714285714286
"109",2020-05-14,2428,24,34,1768,58,4196,41.2857142857143
"110",2020-05-15,2443,15,55,1823,70,4266,44.5714285714286
"111",2020-05-16,2458,15,23,1846,38,4304,46.1428571428571
"112",2020-05-17,2465,7,17,1863,24,4328,46.4285714285714
"113",2020-05-18,2504,39,41,1904,80,4408,51.7142857142857
"114",2020-05-19,2548,44,39,1943,83,4491,57.2857142857143
"115",2020-05-20,2584,36,42,1985,78,4569,61.5714285714286
"116",2020-05-21,2605,21,70,2055,91,4660,66.2857142857143
"117",2020-05-22,2631,26,35,2090,61,4721,65
"118",2020-05-23,2648,17,19,2109,36,4757,64.7142857142857
"119",2020-05-24,2650,2,29,2138,31,4788,65.7142857142857
"120",2020-05-25,2657,7,34,2172,41,4829,60.1428571428571
"121",2020-05-26,2687,30,39,2211,69,4898,58.1428571428571
"122",2020-05-27,2726,39,38,2249,77,4975,58
"123",2020-05-28,2749,23,41,2290,64,5039,54.1428571428571
"124",2020-05-29,2793,44,31,2321,75,5114,56.1428571428571
"125",2020-05-30,2809,16,20,2341,36,5150,56.1428571428571
"126",2020-05-31,2819,10,25,2366,35,5185,56.7142857142857
"127",2020-06-01,2853,34,52,2418,86,5271,63.1428571428571
"128",2020-06-02,2878,25,46,2464,71,5342,63.4285714285714
"129",2020-06-03,2919,41,36,2500,77,5419,63.4285714285714
"130",2020-06-04,2955,36,27,2527,63,5482,63.2857142857143
"131",2020-06-05,2992,37,25,2552,62,5544,61.4285714285714
"132",2020-06-06,3005,13,25,2577,38,5582,61.7142857142857
"133",2020-06-07,3023,18,13,2590,31,5613,61.1428571428571
"134",2020-06-08,3062,39,31,2621,70,5683,58.8571428571429
"135",2020-06-09,3108,46,32,2653,78,5761,59.8571428571429
"136",2020-06-10,3171,63,31,2684,94,5855,62.2857142857143
"137",2020-06-11,3221,50,40,2724,90,5945,66.1428571428571
"138",2020-06-12,3279,58,37,2761,95,6040,70.8571428571429
"139",2020-06-13,3300,21,37,2798,58,6098,73.7142857142857
"140",2020-06-14,3313,13,21,2819,34,6132,74.1428571428571
"141",2020-06-15,3375,62,59,2878,121,6253,81.4285714285714
"142",2020-06-16,3469,94,43,2921,137,6390,89.8571428571429
"143",2020-06-17,3560,91,53,2974,144,6534,97
"144",2020-06-18,3662,102,46,3020,148,6682,105.285714285714
"145",2020-06-19,3773,111,40,3060,151,6833,113.285714285714
"146",2020-06-20,3823,50,39,3099,89,6922,117.714285714286
"147",2020-06-21,3860,37,49,3148,86,7008,125.142857142857
"148",2020-06-22,3964,104,62,3210,166,7174,131.571428571429
"149",2020-06-23,4153,189,77,3287,266,7440,150
"150",2020-06-24,4299,146,68,3355,214,7654,160
"151",2020-06-25,4432,133,56,3411,189,7843,165.857142857143
"152",2020-06-26,4569,137,70,3481,207,8050,173.857142857143
"153",2020-06-27,4680,111,50,3531,161,8211,184.142857142857
"154",2020-06-28,4740,60,56,3587,116,8327,188.428571428571
"155",2020-06-29,4884,144,76,3663,220,8547,196.142857142857
"156",2020-06-30,5073,189,59,3722,248,8795,193.571428571429
"157",2020-07-01,5258,185,80,3802,265,9060,200.857142857143
"158",2020-07-02,5442,184,66,3868,250,9310,209.571428571429
"159",2020-07-03,5520,78,79,3947,157,9467,202.428571428571
"160",2020-07-04,5564,44,58,4005,102,9569,194
"161",2020-07-05,5659,95,63,4068,158,9727,200
"162",2020-07-06,5910,251,109,4177,360,10087,220
"163",2020-07-07,6200,290,92,4269,382,10469,239.142857142857
"164",2020-07-08,6483,283,117,4386,400,10869,258.428571428571
"165",2020-07-09,6764,281,120,4506,401,11270,280
"166",2020-07-10,7008,244,125,4631,369,11639,310.285714285714
"167",2020-07-11,7189,181,65,4696,246,11885,330.857142857143
"168",2020-07-12,7308,119,70,4766,189,12074,335.285714285714
"169",2020-07-13,7513,205,120,4886,325,12399,330.285714285714
"170",2020-07-14,7864,351,132,5018,483,12882,344.714285714286
"171",2020-07-15,8245,381,95,5113,476,13358,355.571428571429
"172",2020-07-16,8584,339,114,5227,453,13811,363
"173",2020-07-17,8879,295,109,5336,404,14215,368
"174",2020-07-18,9051,172,95,5431,267,14482,371
"175",2020-07-19,9139,88,58,5489,146,14628,364.857142857143
"176",2020-07-20,9356,217,101,5590,318,14946,363.857142857143
"177",2020-07-21,9664,308,103,5693,411,15357,353.571428571429
"178",2020-07-22,9963,299,85,5778,384,15741,340.428571428571
"179",2020-07-23,10244,281,81,5859,362,16103,327.428571428571
"180",2020-07-24,10490,246,102,5961,348,16451,319.428571428571
"181",2020-07-25,10616,126,61,6022,187,16638,308
"182",2020-07-26,10702,86,63,6085,149,16787,308.428571428571
"183",2020-07-27,10878,176,102,6187,278,17065,302.714285714286
"184",2020-07-28,11176,298,100,6287,398,17463,300.857142857143
"185",2020-07-29,11447,271,69,6356,340,17803,294.571428571429
"186",2020-07-30,11687,240,91,6447,331,18134,290.142857142857
"187",2020-07-31,11946,259,97,6544,356,18490,291.285714285714
"188",2020-08-01,12119,173,73,6617,246,18736,299.714285714286
"189",2020-08-02,12203,84,54,6671,138,18874,298.142857142857
"190",2020-08-03,12373,170,113,6784,283,19157,298.857142857143
"191",2020-08-04,12675,302,82,6866,384,19541,296.857142857143
"192",2020-08-05,13008,333,114,6980,447,19988,312.142857142857
"193",2020-08-06,13254,246,97,7077,343,20331,313.857142857143
"194",2020-08-07,13512,258,98,7175,356,20687,313.857142857143
"195",2020-08-08,13718,206,63,7238,269,20956,317.142857142857
"196",2020-08-09,13826,108,55,7293,163,21119,320.714285714286
"197",2020-08-10,14047,221,98,7391,319,21438,325.857142857143
"198",2020-08-11,14376,329,81,7472,410,21848,329.571428571429
"199",2020-08-12,14660,284,78,7550,362,22210,317.428571428571
"200",2020-08-13,14902,242,78,7628,320,22530,314.142857142857
"201",2020-08-14,15155,253,57,7685,310,22840,307.571428571429
"202",2020-08-15,15311,156,58,7743,214,23054,299.714285714286
"203",2020-08-16,15382,71,38,7781,109,23163,292
"204",2020-08-17,15567,185,77,7858,262,23425,283.857142857143
"205",2020-08-18,15835,268,55,7913,323,23748,271.428571428571
"206",2020-08-19,16007,172,60,7973,232,23980,252.857142857143
"207",2020-08-20,16169,162,69,8042,231,24211,240.142857142857
"208",2020-08-21,16335,166,62,8104,228,24439,228.428571428571
"209",2020-08-22,16472,137,60,8164,197,24636,226
"210",2020-08-23,16532,60,47,8211,107,24743,225.714285714286
"211",2020-08-24,16686,154,96,8307,250,24993,224
"212",2020-08-25,16973,287,67,8374,354,25347,228.428571428571
"213",2020-08-26,17201,228,59,8433,287,25634,236.285714285714
"214",2020-08-27,17399,198,67,8500,265,25899,241.142857142857
"215",2020-08-28,17589,190,106,8606,296,26195,250.857142857143
"216",2020-08-29,17730,141,47,8653,188,26383,249.571428571429
"217",2020-08-30,17786,56,41,8694,97,26480,248.142857142857
"218",2020-08-31,17934,148,80,8774,228,26708,245
"219",2020-09-01,18168,234,68,8842,302,27010,237.571428571429
"220",2020-09-02,18399,231,81,8923,312,27322,241.142857142857
"221",2020-09-03,18567,168,63,8986,231,27553,236.285714285714
"222",2020-09-04,18744,177,78,9064,255,27808,230.428571428571
"223",2020-09-05,18834,90,48,9112,138,27946,223.285714285714
"224",2020-09-06,18879,45,46,9158,91,28037,222.428571428571
"225",2020-09-07,18920,41,55,9213,96,28133,203.571428571429
"226",2020-09-08,19112,192,76,9289,268,28401,198.714285714286
"227",2020-09-09,19319,207,76,9365,283,28684,194.571428571429
"228",2020-09-10,19463,144,61,9426,205,28889,190.857142857143
"229",2020-09-11,19595,132,46,9472,178,29067,179.857142857143
"230",2020-09-12,19678,83,42,9514,125,29192,178
"231",2020-09-13,19711,33,41,9555,74,29266,175.571428571429
"232",2020-09-14,19836,125,61,9616,186,29452,188.428571428571
"233",2020-09-15,20062,226,64,9680,290,29742,191.571428571429
"234",2020-09-16,20212,150,68,9748,218,29960,182.285714285714
"235",2020-09-17,20388,176,64,9812,240,30200,187.285714285714
"236",2020-09-18,20520,132,45,9857,177,30377,187.142857142857
"237",2020-09-19,20591,71,39,9896,110,30487,185
"238",2020-09-20,20633,42,30,9926,72,30559,184.714285714286
"239",2020-09-21,20755,122,68,9994,190,30749,185.285714285714
"240",2020-09-22,20900,145,53,10047,198,30947,172.142857142857
"241",2020-09-23,21038,138,40,10087,178,31125,166.428571428571
"242",2020-09-24,21156,118,38,10125,156,31281,154.428571428571
"243",2020-09-25,21259,103,49,10174,152,31433,150.857142857143
"244",2020-09-26,21311,52,39,10213,91,31524,148.142857142857
"245",2020-09-27,21351,40,33,10246,73,31597,148.285714285714
"246",2020-09-28,21448,97,71,10317,168,31765,145.142857142857
"247",2020-09-29,21594,146,46,10363,192,31957,144.285714285714
"248",2020-09-30,21712,118,48,10411,166,32123,142.571428571429
"249",2020-10-01,21832,120,42,10453,162,32285,143.428571428571
"250",2020-10-02,21953,121,47,10500,168,32453,145.714285714286
"251",2020-10-03,22019,66,41,10541,107,32560,148
"252",2020-10-04,22062,43,26,10567,69,32629,147.428571428571
"253",2020-10-05,22147,85,60,10627,145,32774,144.142857142857
"254",2020-10-06,22296,149,27,10654,176,32950,141.857142857143
"255",2020-10-07,22426,130,31,10685,161,33111,141.142857142857
"256",2020-10-08,22553,127,43,10728,170,33281,142.285714285714
"257",2020-10-09,22665,112,33,10761,145,33426,139
"258",2020-10-10,22752,87,29,10790,116,33542,140.285714285714
"259",2020-10-11,22796,44,36,10826,80,33622,141.857142857143
"260",2020-10-12,22930,134,32,10858,166,33788,144.857142857143
"261",2020-10-13,23080,150,49,10907,199,33987,148.142857142857
"262",2020-10-14,23223,143,43,10950,186,34173,151.714285714286
"263",2020-10-15,23383,160,51,11001,211,34384,157.571428571429
"264",2020-10-16,23494,111,40,11041,151,34535,158.428571428571
"265",2020-10-17,23560,66,26,11067,92,34627,155
"266",2020-10-18,23600,40,29,11096,69,34696,153.428571428571
"267",2020-10-19,23740,140,61,11157,201,34897,158.428571428571
"268",2020-10-20,23937,197,48,11205,245,35142,165
"269",2020-10-21,24084,147,45,11250,192,35334,165.857142857143
"270",2020-10-22,24216,132,47,11297,179,35513,161.285714285714
"271",2020-10-23,24361,145,56,11353,201,35714,168.428571428571
"272",2020-10-24,24430,69,49,11402,118,35832,172.142857142857
"273",2020-10-25,24486,56,39,11441,95,35927,175.857142857143
"274",2020-10-26,24644,158,51,11492,209,36136,177
"275",2020-10-27,24846,202,43,11535,245,36381,177
"276",2020-10-28,25015,169,47,11582,216,36597,180.428571428571
"277",2020-10-29,25158,143,68,11650,211,36808,185
"278",2020-10-30,25306,148,47,11697,195,37003,184.142857142857
"279",2020-10-31,25404,98,60,11757,158,37161,189.857142857143
"280",2020-11-01,25460,56,53,11810,109,37270,191.857142857143
"281",2020-11-02,25680,220,82,11892,302,37572,205.142857142857
"282",2020-11-03,25961,281,112,12004,393,37965,226.285714285714
"283",2020-11-04,26260,299,97,12101,396,38361,252
"284",2020-11-05,26526,266,99,12200,365,38726,274
"285",2020-11-06,26783,257,99,12299,356,39082,297
"286",2020-11-07,26994,211,76,12375,287,39369,315.428571428571
"287",2020-11-08,27080,86,60,12435,146,39515,320.714285714286
"288",2020-11-09,27377,297,128,12563,425,39940,338.285714285714
"289",2020-11-10,27805,428,109,12672,537,40477,358.857142857143
"290",2020-11-11,28149,344,103,12775,447,40924,366.142857142857
"291",2020-11-12,28594,445,116,12891,561,41485,394.142857142857
"292",2020-11-13,28975,381,120,13011,501,41986,414.857142857143
"293",2020-11-14,29242,267,90,13101,357,42343,424.857142857143
"294",2020-11-15,29359,117,102,13203,219,42562,435.285714285714
"295",2020-11-16,29676,317,181,13384,498,43060,445.714285714286
"296",2020-11-17,30241,565,165,13549,730,43790,473.285714285714
"297",2020-11-18,30816,575,161,13710,736,44526,514.571428571429
"298",2020-11-19,31329,513,153,13863,666,45192,529.571428571429
"299",2020-11-20,31881,552,133,13996,685,45877,555.857142857143
"300",2020-11-21,32222,341,132,14128,473,46350,572.428571428571
"301",2020-11-22,32496,274,102,14230,376,46726,594.857142857143
"302",2020-11-23,33127,631,199,14429,830,47556,642.285714285714
"303",2020-11-24,33817,690,196,14625,886,48442,664.571428571429
"304",2020-11-25,34659,842,195,14820,1037,49479,707.571428571429
"305",2020-11-26,34810,151,120,14940,271,49750,651.142857142857
"306",2020-11-27,35339,529,185,15125,714,50464,655.285714285714
"307",2020-11-28,35899,560,196,15321,756,51220,695.714285714286
"308",2020-11-29,36411,512,186,15507,698,51918,741.714285714286
"309",2020-11-30,37354,943,335,15842,1278,53196,805.714285714286
"310",2020-12-01,38651,1297,354,16196,1651,54847,915
"311",2020-12-02,40003,1352,324,16520,1676,56523,1006.28571428571
"312",2020-12-03,41232,1229,352,16872,1581,58104,1193.42857142857
"313",2020-12-04,42457,1225,348,17220,1573,59677,1316.14285714286
"314",2020-12-05,43271,814,290,17510,1104,60781,1365.85714285714
"315",2020-12-06,43764,493,246,17756,739,61520,1371.71428571429
"316",2020-12-07,45045,1281,507,18263,1788,63308,1444.57142857143
"317",2020-12-08,46598,1553,434,18697,1987,65295,1492.57142857143
"318",2020-12-09,48137,1539,391,19088,1930,67225,1528.85714285714
"319",2020-12-10,49468,1331,440,19528,1771,68996,1556
"320",2020-12-11,50581,1113,440,19968,1553,70549,1553.14285714286
"321",2020-12-12,51400,819,272,20240,1091,71640,1551.28571428571
"322",2020-12-13,52166,766,214,20454,980,72620,1585.71428571429
"323",2020-12-14,53414,1248,489,20943,1737,74357,1578.42857142857
"324",2020-12-15,55251,1837,494,21437,2331,76688,1627.57142857143
"325",2020-12-16,56893,1642,399,21836,2041,78729,1643.42857142857
"326",2020-12-17,58389,1496,324,22160,1820,80549,1650.42857142857
"327",2020-12-18,59574,1185,367,22527,1552,82101,1650.28571428571
"328",2020-12-19,60321,747,306,22833,1053,83154,1644.85714285714
"329",2020-12-20,60923,602,213,23046,815,83969,1621.28571428571
"330",2020-12-21,62450,1527,430,23476,1957,85926,1652.71428571429
"331",2020-12-22,63887,1437,399,23875,1836,87762,1582
"332",2020-12-23,65321,1434,322,24197,1756,89518,1541.28571428571
"333",2020-12-24,66062,741,300,24497,1041,90559,1430
"334",2020-12-25,66271,209,197,24694,406,90965,1266.28571428571
"335",2020-12-26,67261,990,317,25011,1307,92272,1302.57142857143
"336",2020-12-27,68067,806,332,25343,1138,93410,1348.71428571429
"337",2020-12-28,69889,1822,541,25884,2363,95773,1406.71428571429
"338",2020-12-29,71705,1816,442,26326,2258,98031,1467
"339",2020-12-30,73616,1911,441,26767,2352,100383,1552.14285714286
"340",2020-12-31,74793,1177,373,27140,1550,101933,1624.85714285714
"341",2021-01-01,75068,275,306,27446,581,102514,1649.85714285714
"342",2021-01-02,76057,989,452,27898,1441,103955,1669
"343",2021-01-03,76985,928,346,28244,1274,105229,1688.42857142857
"344",2021-01-04,78594,1609,608,28852,2217,107446,1667.57142857143
"345",2021-01-05,80848,2254,566,29418,2820,110266,1747.85714285714
"346",2021-01-06,82659,1811,498,29916,2309,112575,1741.71428571429
"347",2021-01-07,84284,1625,430,30346,2055,114630,1813.85714285714
"348",2021-01-08,85426,1142,529,30875,1671,116301,1969.57142857143
"349",2021-01-09,86297,871,352,31227,1223,117524,1938.42857142857
"350",2021-01-10,86992,695,307,31534,1002,118526,1899.57142857143
"351",2021-01-11,88275,1283,494,32028,1777,120303,1836.71428571429
"352",2021-01-12,89760,1485,453,32481,1938,122241,1710.71428571429
"353",2021-01-13,91073,1313,397,32878,1710,123951,1625.14285714286
"354",2021-01-14,92237,1164,349,33227,1513,125464,1547.71428571429
"355",2021-01-15,93291,1054,369,33596,1423,126887,1512.28571428571
"356",2021-01-16,93911,620,243,33839,863,127750,1460.85714285714
"357",2021-01-17,94381,470,172,34011,642,128392,1409.42857142857
"358",2021-01-18,95119,738,253,34264,991,129383,1297.14285714286
"359",2021-01-19,96139,1020,316,34580,1336,130719,1211.14285714286
"360",2021-01-20,97022,883,297,34877,1180,131899,1135.42857142857
"361",2021-01-21,97800,778,231,35108,1009,132908,1063.42857142857
"362",2021-01-22,98419,619,247,35355,866,133774,983.857142857143
"363",2021-01-23,98841,422,226,35581,648,134422,953.142857142857
"364",2021-01-24,99186,345,177,35758,522,134944,936
"365",2021-01-25,99812,626,248,36006,874,135818,919.285714285714
"366",2021-01-26,100353,541,241,36247,782,136600,840.142857142857
"367",2021-01-27,100884,531,202,36449,733,137333,776.285714285714
"368",2021-01-28,101299,415,156,36605,571,137904,713.714285714286
"369",2021-01-29,101806,507,168,36773,675,138579,686.428571428571
"370",2021-01-30,102188,382,129,36902,511,139090,666.857142857143
"371",2021-01-31,102463,275,143,37045,418,139508,652
"372",2021-02-01,103010,547,193,37238,740,140248,632.857142857143
"373",2021-02-02,103463,453,153,37391,606,140854,607.714285714286
"374",2021-02-03,103954,491,169,37560,660,141514,597.285714285714
"375",2021-02-04,104350,396,140,37700,536,142050,592.285714285714
"376",2021-02-05,104743,393,121,37821,514,142564,569.285714285714
"377",2021-02-06,104986,243,84,37905,327,142891,543
"378",2021-02-07,105167,181,72,37977,253,143144,519.428571428571
"379",2021-02-08,105517,350,138,38115,488,143632,483.428571428571
"380",2021-02-09,105927,410,114,38229,524,144156,471.714285714286
"381",2021-02-10,106302,375,129,38358,504,144660,449.428571428571
"382",2021-02-11,106605,303,90,38448,393,145053,429
"383",2021-02-12,106868,263,96,38544,359,145412,406.857142857143
"384",2021-02-13,107020,152,74,38618,226,145638,392.428571428571
"385",2021-02-14,107205,185,53,38671,238,145876,390.285714285714
"386",2021-02-15,107392,187,83,38754,270,146146,359.142857142857
"387",2021-02-16,107634,242,81,38835,323,146469,330.428571428571
"388",2021-02-17,107897,263,60,38895,323,146792,304.571428571429
"389",2021-02-18,108167,270,67,38962,337,147129,296.571428571429
"390",2021-02-19,108400,233,63,39025,296,147425,287.571428571429
"391",2021-02-20,108575,175,60,39085,235,147660,288.857142857143
"392",2021-02-21,108740,165,43,39128,208,147868,284.571428571429
"393",2021-02-22,109004,264,65,39193,329,148197,293
"394",2021-02-23,109221,217,55,39248,272,148469,285.714285714286
"395",2021-02-24,109481,260,60,39308,320,148789,285.285714285714
"396",2021-02-25,109645,164,39,39347,203,148992,266.142857142857
"397",2021-02-26,109801,156,46,39393,202,149194,252.714285714286
"398",2021-02-27,109938,137,43,39436,180,149374,244.857142857143
"399",2021-02-28,110061,123,42,39478,165,149539,238.714285714286
"400",2021-03-01,110266,205,55,39533,260,149799,228.857142857143
"401",2021-03-02,110449,183,50,39583,233,150032,223.285714285714
"402",2021-03-03,110642,193,53,39636,246,150278,212.714285714286
"403",2021-03-04,110806,164,51,39687,215,150493,214.428571428571
"404",2021-03-05,110959,153,43,39730,196,150689,213.571428571429
"405",2021-03-06,111044,85,33,39763,118,150807,204.714285714286
"406",2021-03-07,111121,77,23,39786,100,150907,195.428571428571
"407",2021-03-08,111285,164,40,39826,204,151111,187.428571428571
"408",2021-03-09,111436,151,48,39874,199,151310,182.571428571429
"409",2021-03-10,111571,135,47,39921,182,151492,173.428571428571
"410",2021-03-11,111694,123,26,39947,149,151641,164
"411",2021-03-12,111806,112,38,39985,150,151791,157.428571428571
"412",2021-03-13,111902,96,36,40021,132,151923,159.428571428571
"413",2021-03-14,111968,66,27,40048,93,152016,158.428571428571
"414",2021-03-15,112105,137,39,40087,176,152192,154.428571428571
"415",2021-03-16,112221,116,53,40140,169,152361,150.142857142857
"416",2021-03-17,112374,153,34,40174,187,152548,150.857142857143
"417",2021-03-18,112481,107,31,40205,138,152686,149.285714285714
"418",2021-03-19,112595,114,40,40245,154,152840,149.857142857143
"419",2021-03-20,112662,67,25,40270,92,152932,144.142857142857
"420",2021-03-21,112738,76,34,40304,110,153042,146.571428571429
"421",2021-03-22,112852,114,44,40348,158,153200,144
"422",2021-03-23,112972,120,50,40398,170,153370,144.142857142857
"423",2021-03-24,113096,124,59,40457,183,153553,143.571428571429
"424",2021-03-25,113231,135,49,40506,184,153737,150.142857142857
"425",2021-03-26,113358,127,41,40547,168,153905,152.142857142857
"426",2021-03-27,113425,67,34,40581,101,154006,153.428571428571
"427",2021-03-28,113491,66,25,40606,91,154097,150.714285714286
"428",2021-03-29,113605,114,45,40651,159,154256,150.857142857143
"429",2021-03-30,113696,91,42,40693,133,154389,145.571428571429
"430",2021-03-31,113838,142,46,40739,188,154577,146.285714285714
"431",2021-04-01,113963,125,31,40770,156,154733,142.285714285714
"432",2021-04-02,114067,104,41,40811,145,154878,139
"433",2021-04-03,114138,71,42,40853,113,154991,140.714285714286
"434",2021-04-04,114197,59,25,40878,84,155075,139.714285714286
"435",2021-04-05,114393,196,42,40920,238,155313,151
"436",2021-04-06,114560,167,42,40962,209,155522,161.857142857143
"437",2021-04-07,114728,168,49,41011,217,155739,166
"438",2021-04-08,114887,159,45,41056,204,155943,172.857142857143
"439",2021-04-09,115017,130,39,41095,169,156112,176.285714285714
"440",2021-04-10,115117,100,38,41133,138,156250,179.857142857143
"441",2021-04-11,115184,67,30,41163,97,156347,181.714285714286
"442",2021-04-12,115328,144,54,41217,198,156545,176
"443",2021-04-13,115448,120,43,41260,163,156708,169.428571428571
"444",2021-04-14,115596,148,45,41305,193,156901,166
"445",2021-04-15,115736,140,38,41343,178,157079,162.285714285714
"446",2021-04-16,115851,115,38,41381,153,157232,160
"447",2021-04-17,115945,94,30,41411,124,157356,158
"448",2021-04-18,116025,80,23,41434,103,157459,158.857142857143
"449",2021-04-19,116159,134,30,41464,164,157623,154
"450",2021-04-20,116283,124,33,41497,157,157780,153.142857142857
"451",2021-04-21,116404,121,32,41529,153,157933,147.428571428571
"452",2021-04-22,116482,78,30,41559,108,158041,137.428571428571
"453",2021-04-23,116576,94,27,41586,121,158162,132.857142857143
"454",2021-04-24,116638,62,25,41611,87,158249,127.571428571429
"455",2021-04-25,116689,51,13,41624,64,158313,122
"456",2021-04-26,116765,76,36,41660,112,158425,114.571428571429
"457",2021-04-27,116871,106,30,41690,136,158561,111.571428571429
"458",2021-04-28,116934,63,35,41725,98,158659,103.714285714286
"459",2021-04-29,117017,83,27,41752,110,158769,104
"460",2021-04-30,117081,64,28,41780,92,158861,99.8571428571429
"461",2021-05-01,117128,47,14,41794,61,158922,96.1428571428571
"462",2021-05-02,117176,48,29,41823,77,158999,98
"463",2021-05-03,117248,72,16,41839,88,159087,94.5714285714286
"464",2021-05-04,117333,85,24,41863,109,159196,90.7142857142857
"465",2021-05-05,117404,71,25,41888,96,159292,90.4285714285714
"466",2021-05-06,117450,46,28,41916,74,159366,85.2857142857143
"467",2021-05-07,117502,52,18,41934,70,159436,82.1428571428571
"468",2021-05-08,117528,26,14,41948,40,159476,79.1428571428571
"469",2021-05-09,117554,26,11,41959,37,159513,73.4285714285714
"470",2021-05-10,117596,42,29,41988,71,159584,71
"471",2021-05-11,117666,70,19,42007,89,159673,68.1428571428571
"472",2021-05-12,117716,50,18,42025,68,159741,64.1428571428571
"473",2021-05-13,117777,61,9,42034,70,159811,63.5714285714286
"474",2021-05-14,117821,44,18,42052,62,159873,62.4285714285714
"475",2021-05-15,117844,23,10,42062,33,159906,61.4285714285714
"476",2021-05-16,117873,29,16,42078,45,159951,62.5714285714286
"477",2021-05-17,117901,28,11,42089,39,159990,58
"478",2021-05-18,117940,39,26,42115,65,160055,54.5714285714286
"479",2021-05-19,117967,27,12,42127,39,160094,50.4285714285714
"480",2021-05-20,118012,45,7,42134,52,160146,47.8571428571429
"481",2021-05-21,118031,19,14,42148,33,160179,43.7142857142857
"482",2021-05-22,118059,28,13,42161,41,160220,44.8571428571429
"483",2021-05-23,118077,18,10,42171,28,160248,42.4285714285714
"484",2021-05-24,118101,24,17,42188,41,160289,42.7142857142857
"485",2021-05-25,118132,31,10,42198,41,160330,39.2857142857143
"486",2021-05-26,118155,23,10,42208,33,160363,38.4285714285714
"487",2021-05-27,118185,30,8,42216,38,160401,36.4285714285714
"488",2021-05-28,118207,22,9,42225,31,160432,36.1428571428571
"489",2021-05-29,118223,16,6,42231,22,160454,33.4285714285714
"490",2021-05-30,118247,24,8,42239,32,160486,34
"491",2021-05-31,118254,7,8,42247,15,160501,30.2857142857143
"492",2021-06-01,118296,42,16,42263,58,160559,32.7142857142857
"493",2021-06-02,118334,38,16,42279,54,160613,35.7142857142857
"494",2021-06-03,118368,34,10,42289,44,160657,36.5714285714286
"495",2021-06-04,118408,40,12,42301,52,160709,39.5714285714286
"496",2021-06-05,118429,21,11,42312,32,160741,41
"497",2021-06-06,118448,19,10,42322,29,160770,40.5714285714286
"498",2021-06-07,118476,28,17,42339,45,160815,44.8571428571429
"499",2021-06-08,118499,23,16,42355,39,160854,42.1428571428571
"500",2021-06-09,118525,26,12,42367,38,160892,39.8571428571429
"501",2021-06-10,118563,38,16,42383,54,160946,41.2857142857143
"502",2021-06-11,118596,33,7,42390,40,160986,39.5714285714286
"503",2021-06-12,118617,21,14,42404,35,161021,40
"504",2021-06-13,118638,21,6,42410,27,161048,39.7142857142857
"505",2021-06-14,118656,18,14,42424,32,161080,37.8571428571429
"506",2021-06-15,118690,34,14,42438,48,161128,39.1428571428571
"507",2021-06-16,118719,29,13,42451,42,161170,39.7142857142857
"508",2021-06-17,118762,43,17,42468,60,161230,40.5714285714286
"509",2021-06-18,118788,26,6,42474,32,161262,39.4285714285714
"510",2021-06-19,118804,16,12,42486,28,161290,38.4285714285714
"511",2021-06-20,118820,16,16,42502,32,161322,39.1428571428571
"512",2021-06-21,118862,42,27,42529,69,161391,44.4285714285714
"513",2021-06-22,118900,38,16,42545,54,161445,45.2857142857143
"514",2021-06-23,118930,30,14,42559,44,161489,45.5714285714286
"515",2021-06-24,118964,34,16,42575,50,161539,44.1428571428571
"516",2021-06-25,118991,27,26,42601,53,161592,47.1428571428571
"517",2021-06-26,119009,18,18,42619,36,161628,48.2857142857143
"518",2021-06-27,119031,22,20,42639,42,161670,49.7142857142857
"519",2021-06-28,119079,48,28,42667,76,161746,50.7142857142857
"520",2021-06-29,119123,44,35,42702,79,161825,54.2857142857143
"521",2021-06-30,119169,46,32,42734,78,161903,59.1428571428571
"522",2021-07-01,119222,53,37,42771,90,161993,64.8571428571429
"523",2021-07-02,119265,43,26,42797,69,162062,67.1428571428571
"524",2021-07-03,119331,66,35,42832,101,162163,76.4285714285714
"525",2021-07-04,119351,20,25,42857,45,162208,76.8571428571429
"526",2021-07-05,119407,56,34,42891,90,162298,78.8571428571429
"527",2021-07-06,119514,107,51,42942,158,162456,90.1428571428571
"528",2021-07-07,119602,88,75,43017,163,162619,102.285714285714
"529",2021-07-08,119693,91,54,43071,145,162764,110.142857142857
"530",2021-07-09,119791,98,49,43120,147,162911,121.285714285714
"531",2021-07-10,119897,106,43,43163,149,163060,128.142857142857
"532",2021-07-11,119965,68,51,43214,119,163179,138.714285714286
"533",2021-07-12,120093,128,81,43295,209,163388,155.714285714286
"534",2021-07-13,120240,147,93,43388,240,163628,167.428571428571
"535",2021-07-14,120401,161,71,43459,232,163860,177.285714285714
"536",2021-07-15,120567,166,99,43558,265,164125,194.428571428571
"537",2021-07-16,120706,139,104,43662,243,164368,208.142857142857
"538",2021-07-17,120854,148,53,43715,201,164569,215.571428571429
"539",2021-07-18,120969,115,71,43786,186,164755,225.142857142857
"540",2021-07-19,121169,200,113,43899,313,165068,240
"541",2021-07-20,121398,229,142,44041,371,165439,258.714285714286
"542",2021-07-21,121653,255,118,44159,373,165812,278.857142857143
"543",2021-07-22,121872,219,91,44250,310,166122,285.285714285714
"544",2021-07-23,122107,235,112,44362,347,166469,300.142857142857
"545",2021-07-24,122286,179,104,44466,283,166752,311.857142857143
"546",2021-07-25,122445,159,115,44581,274,167026,324.428571428571
"547",2021-07-26,122751,306,164,44745,470,167496,346.857142857143
"548",2021-07-27,123088,337,150,44895,487,167983,363.428571428571
"549",2021-07-28,123434,346,151,45046,497,168480,381.142857142857
"550",2021-07-29,123756,322,148,45194,470,168950,404
"551",2021-07-30,124028,272,126,45320,398,169348,411.285714285714
"552",2021-07-31,124255,227,125,45445,352,169700,421.142857142857
"553",2021-08-01,124477,222,157,45602,379,170079,436.142857142857
"554",2021-08-02,124817,340,182,45784,522,170601,443.571428571429
"555",2021-08-03,125266,449,178,45962,627,171228,463.571428571429
"556",2021-08-04,125692,426,193,46155,619,171847,481
"557",2021-08-05,126135,443,177,46332,620,172467,502.428571428571
"558",2021-08-06,126491,356,175,46507,531,172998,521.428571428571
"559",2021-08-07,126756,265,153,46660,418,173416,530.857142857143
"560",2021-08-08,126992,236,128,46788,364,173780,528.714285714286
"561",2021-08-09,127426,434,193,46981,627,174407,543.714285714286
"562",2021-08-10,127917,491,175,47156,666,175073,549.285714285714
"563",2021-08-11,128365,448,178,47334,626,175699,550.285714285714
"564",2021-08-12,128829,464,168,47502,632,176331,552
"565",2021-08-13,129317,488,147,47649,635,176966,566.857142857143
"566",2021-08-14,129628,311,117,47766,428,177394,568.285714285714
"567",2021-08-15,129866,238,119,47885,357,177751,567.285714285714
"568",2021-08-16,130285,419,187,48072,606,178357,564.285714285714
"569",2021-08-17,130809,524,183,48255,707,179064,570.142857142857
"570",2021-08-18,131276,467,157,48412,624,179688,569.857142857143
"571",2021-08-19,131658,382,163,48575,545,180233,557.428571428571
"572",2021-08-20,132062,404,134,48709,538,180771,543.571428571429
"573",2021-08-21,132310,248,112,48821,360,181131,533.857142857143
"574",2021-08-22,132524,214,95,48916,309,181440,527
"575",2021-08-23,132940,416,174,49090,590,182030,524.714285714286
"576",2021-08-24,133356,416,140,49230,556,182586,503.142857142857
"577",2021-08-25,133811,455,150,49380,605,183191,500.428571428571
"578",2021-08-26,134209,398,127,49507,525,183716,497.571428571429
"579",2021-08-27,134583,374,128,49635,502,184218,492.428571428571
"580",2021-08-28,134795,212,77,49712,289,184507,482.285714285714
"581",2021-08-29,134987,192,74,49786,266,184773,476.142857142857
"582",2021-08-30,135364,377,113,49899,490,185263,461.857142857143
"583",2021-08-31,135716,352,129,50028,481,185744,451.142857142857
"584",2021-09-01,136055,339,112,50140,451,186195,429.142857142857
"585",2021-09-02,136391,336,120,50260,456,186651,419.285714285714
"586",2021-09-03,136724,333,98,50358,431,187082,409.142857142857
"587",2021-09-04,136897,173,96,50454,269,187351,406.285714285714
"588",2021-09-05,137057,160,50,50504,210,187561,398.285714285714
"589",2021-09-06,137225,168,70,50574,238,187799,362.285714285714
"590",2021-09-07,137555,330,131,50705,461,188260,359.428571428571
"591",2021-09-08,137853,298,96,50801,394,188654,351.285714285714
"592",2021-09-09,138133,280,105,50906,385,189039,341.142857142857
"593",2021-09-10,138378,245,121,51027,366,189405,331.857142857143
"594",2021-09-11,138570,192,70,51097,262,189667,330.857142857143
"595",2021-09-12,138666,96,73,51170,169,189836,325
"596",2021-09-13,138944,278,108,51278,386,190222,346.142857142857
"597",2021-09-14,139198,254,89,51367,343,190565,329.285714285714
"598",2021-09-15,139442,244,101,51468,345,190910,322.285714285714
"599",2021-09-16,139662,220,83,51551,303,191213,310.571428571429
"600",2021-09-17,139853,191,79,51630,270,191483,296.857142857143
"601",2021-09-18,139990,137,55,51685,192,191675,286.857142857143
"602",2021-09-19,140088,98,52,51737,150,191825,284.142857142857
"603",2021-09-20,140300,212,98,51835,310,192135,273.285714285714
"604",2021-09-21,140494,194,86,51921,280,192415,264.285714285714
"605",2021-09-22,140725,231,69,51990,300,192715,257.857142857143
"606",2021-09-23,140897,172,71,52061,243,192958,249.285714285714
"607",2021-09-24,141069,172,75,52136,247,193205,246
"608",2021-09-25,141190,121,60,52196,181,193386,244.428571428571
"609",2021-09-26,141268,78,64,52260,142,193528,243.285714285714
"610",2021-09-27,141471,203,69,52329,272,193800,237.857142857143
"611",2021-09-28,141657,186,76,52405,262,194062,235.285714285714
"612",2021-09-29,141832,175,45,52450,220,194282,223.857142857143
"613",2021-09-30,141979,147,61,52511,208,194490,218.857142857143
"614",2021-10-01,142117,138,49,52560,187,194677,210.285714285714
"615",2021-10-02,142227,110,40,52600,150,194827,205.857142857143
"616",2021-10-03,142340,113,41,52641,154,194981,207.571428571429
"617",2021-10-04,142504,164,68,52709,232,195213,201.857142857143
"618",2021-10-05,142645,141,60,52769,201,195414,193.142857142857
"619",2021-10-06,142803,158,47,52816,205,195619,191
"620",2021-10-07,142955,152,49,52865,201,195820,190
"621",2021-10-08,143108,153,40,52905,193,196013,190.857142857143
"622",2021-10-09,143199,91,29,52934,120,196133,186.571428571429
"623",2021-10-10,143290,91,32,52966,123,196256,182.142857142857
"624",2021-10-11,143453,163,42,53008,205,196461,178.285714285714
"625",2021-10-12,143648,195,47,53055,242,196703,184.142857142857
"626",2021-10-13,143818,170,51,53106,221,196924,186.428571428571
"627",2021-10-14,143946,128,50,53156,178,197102,183.142857142857
"628",2021-10-15,144082,136,49,53205,185,197287,182
"629",2021-10-16,144187,105,43,53248,148,197435,186
"630",2021-10-17,144278,91,52,53300,143,197578,188.857142857143
"631",2021-10-18,144451,173,49,53349,222,197800,191.285714285714
"632",2021-10-19,144623,172,66,53415,238,198038,190.714285714286
"633",2021-10-20,144792,169,61,53476,230,198268,192
"634",2021-10-21,144945,153,70,53546,223,198491,198.428571428571
"635",2021-10-22,145117,172,47,53593,219,198710,203.285714285714
"636",2021-10-23,145258,141,51,53644,192,198902,209.571428571429
"637",2021-10-24,145342,84,39,53683,123,199025,206.714285714286
"638",2021-10-25,145533,191,74,53757,265,199290,212.857142857143
"639",2021-10-26,145712,179,60,53817,239,199529,213
"640",2021-10-27,145900,188,72,53889,260,199789,217.285714285714
"641",2021-10-28,146104,204,56,53945,260,200049,222.571428571429
"642",2021-10-29,146261,157,45,53990,202,200251,220.142857142857
"643",2021-10-30,146395,134,44,54034,178,200429,218.142857142857
"644",2021-10-31,146483,88,39,54073,127,200556,218.714285714286
"645",2021-11-01,146686,203,58,54131,261,200817,218.142857142857
"646",2021-11-02,146887,201,65,54196,266,201083,222
"647",2021-11-03,147089,202,72,54268,274,201357,224
"648",2021-11-04,147267,178,65,54333,243,201600,221.571428571429
"649",2021-11-05,147446,179,56,54389,235,201835,226.285714285714
"650",2021-11-06,147570,124,44,54433,168,202003,224.857142857143
"651",2021-11-07,147677,107,36,54469,143,202146,227.142857142857
"652",2021-11-08,147903,226,60,54529,286,202432,230.714285714286
"653",2021-11-09,148144,241,76,54605,317,202749,238
"654",2021-11-10,148322,178,46,54651,224,202973,230.857142857143
"655",2021-11-11,148466,144,54,54705,198,203171,224.428571428571
"656",2021-11-12,148686,220,47,54752,267,203438,229
"657",2021-11-13,148802,116,49,54801,165,203603,228.571428571429
"658",2021-11-14,148919,117,37,54838,154,203757,230.142857142857
"659",2021-11-15,149129,210,54,54892,264,204021,227
"660",2021-11-16,149347,218,52,54944,270,204291,220.285714285714
"661",2021-11-17,149532,185,63,55007,248,204539,223.714285714286
"662",2021-11-18,149681,149,69,55076,218,204757,226.571428571429
"663",2021-11-19,149906,225,60,55136,285,205042,229.142857142857
"664",2021-11-20,150026,120,47,55183,167,205209,229.428571428571
"665",2021-11-21,150119,93,35,55218,128,205337,225.714285714286
"666",2021-11-22,150332,213,54,55272,267,205604,226.142857142857
"667",2021-11-23,150498,166,57,55329,223,205827,219.428571428571
"668",2021-11-24,150679,181,51,55380,232,206059,217.142857142857
"669",2021-11-25,150704,25,31,55411,56,206115,194
"670",2021-11-26,150862,158,49,55460,207,206322,182.857142857143
"671",2021-11-27,151005,143,63,55523,206,206528,188.428571428571
"672",2021-11-28,151163,158,58,55581,216,206744,201
"673",2021-11-29,151481,318,94,55675,412,207156,221.714285714286
"674",2021-11-30,151778,297,100,55775,397,207553,246.571428571429
"675",2021-12-01,152050,272,105,55880,377,207930,267.285714285714
"676",2021-12-02,152300,250,80,55960,330,208260,306.428571428571
"677",2021-12-03,152559,259,83,56043,342,208602,325.714285714286
"678",2021-12-04,152723,164,62,56105,226,208828,328.571428571429
"679",2021-12-05,152872,149,53,56158,202,209030,326.571428571429
"680",2021-12-06,153169,297,94,56252,391,209421,323.571428571429
"681",2021-12-07,153396,227,75,56327,302,209723,310
"682",2021-12-08,153592,196,91,56418,287,210010,297.142857142857
"683",2021-12-09,153774,182,71,56489,253,210263,286.142857142857
"684",2021-12-10,153968,194,88,56577,282,210545,277.571428571429
"685",2021-12-11,154130,162,57,56634,219,210764,276.571428571429
"686",2021-12-12,154258,128,78,56712,206,210970,277.142857142857
"687",2021-12-13,154466,208,115,56827,323,211293,267.428571428571
"688",2021-12-14,154697,231,160,56987,391,211684,280.142857142857
"689",2021-12-15,154974,277,165,57152,442,212126,302.285714285714
"690",2021-12-16,155275,301,142,57294,443,212569,329.428571428571
"691",2021-12-17,155584,309,199,57493,508,213077,361.714285714286
"692",2021-12-18,155869,285,186,57679,471,213548,397.714285714286
"693",2021-12-19,156131,262,241,57920,503,214051,440.142857142857
"694",2021-12-20,156780,649,468,58388,1117,215168,553.571428571429
"695",2021-12-21,157513,733,554,58942,1287,216455,681.571428571429
"696",2021-12-22,158531,1018,625,59567,1643,218098,853.142857142857
"697",2021-12-23,159652,1121,692,60259,1813,219911,1048.85714285714
"698",2021-12-24,160251,599,574,60833,1173,221084,1143.85714285714
"699",2021-12-25,160442,191,438,61271,629,221713,1166.42857142857
"700",2021-12-26,161406,964,1049,62320,2013,223726,1382.14285714286
"701",2021-12-27,164010,2604,1433,63753,4037,227763,1799.28571428571
"702",2021-12-28,167184,3174,1560,65313,4734,232497,2291.71428571429
"703",2021-12-29,170550,3366,1531,66844,4897,237394,2756.57142857143
"704",2021-12-30,173759,3209,1641,68485,4850,242244,3190.42857142857
"705",2021-12-31,175871,2112,1040,69525,3152,245396,3473.14285714286
"706",2022-01-01,176745,874,902,70427,1776,247172,3637
"707",2022-01-02,179209,2464,1481,71908,3945,251117,3913
"708",2022-01-03,185141,5932,2614,74522,8546,259663,4557.14285714286
"709",2022-01-04,191427,6286,2744,77266,9030,268693,5170.85714285714
"710",2022-01-05,197961,6534,2352,79618,8886,277579,5740.71428571429
"711",2022-01-06,204097,6136,2222,81840,8358,285937,6241.85714285714
"712",2022-01-07,209216,5119,2513,84353,7632,293569,6881.85714285714
"713",2022-01-08,212295,3079,1518,85871,4597,298166,7284.85714285714
"714",2022-01-09,215153,2858,1423,87294,4281,302447,7332.85714285714
"715",2022-01-10,221019,5866,2615,89909,8481,310928,7323.57142857143
"716",2022-01-11,226845,5826,2726,92635,8552,319480,7255.28571428571
"717",2022-01-12,232478,5633,2346,94981,7979,327459,7125.71428571429
"718",2022-01-13,237373,4895,2076,97057,6971,334430,6927.57142857143
"719",2022-01-14,241882,4509,1804,98861,6313,340743,6739.14285714286
"720",2022-01-15,244262,2380,1259,100120,3639,344382,6602.28571428571
"721",2022-01-16,246291,2029,980,101100,3009,347391,6420.57142857143
"722",2022-01-17,250033,3742,1552,102652,5294,352685,5965.28571428571
"723",2022-01-18,254736,4703,1981,104633,6684,359369,5698.42857142857
"724",2022-01-19,259015,4279,1544,106177,5823,365192,5390.42857142857
"725",2022-01-20,263094,4079,1432,107609,5511,370703,5181.85714285714
"726",2022-01-21,266528,3434,1226,108835,4660,375363,4945.71428571429
"727",2022-01-22,268263,1735,678,109513,2413,377776,4770.57142857143
"728",2022-01-23,269880,1617,597,110110,2214,379990,4657
"729",2022-01-24,273496,3616,1135,111245,4751,384741,4579.42857142857
"730",2022-01-25,276534,3038,1016,112261,4054,388795,4203.71428571429
"731",2022-01-26,279322,2788,856,113117,3644,392439,3892.42857142857
"732",2022-01-27,281717,2395,689,113806,3084,395523,3545.71428571429
"733",2022-01-28,283993,2276,603,114409,2879,398402,3291.28571428571
"734",2022-01-29,285257,1264,362,114771,1626,400028,3178.85714285714
"735",2022-01-30,286219,962,342,115113,1304,401332,3048.85714285714
"736",2022-01-31,288409,2190,581,115694,2771,404103,2766
"737",2022-02-01,290074,1665,518,116212,2183,406286,2498.71428571429
"738",2022-02-02,291719,1645,474,116686,2119,408405,2280.85714285714
"739",2022-02-03,292976,1257,373,117059,1630,410035,2073.14285714286
"740",2022-02-04,294177,1201,355,117414,1556,411591,1884.14285714286
"741",2022-02-05,294789,612,235,117649,847,412438,1772.85714285714
"742",2022-02-06,295392,603,191,117840,794,413232,1700
"743",2022-02-07,296575,1183,350,118190,1533,414765,1523.14285714286
"744",2022-02-08,297549,974,293,118483,1267,416032,1392.28571428571
"745",2022-02-09,298532,983,217,118700,1200,417232,1261
"746",2022-02-10,299309,777,193,118893,970,418202,1166.71428571429
"747",2022-02-11,300014,705,185,119078,890,419092,1071.57142857143
"748",2022-02-12,300477,463,121,119199,584,419676,1034
"749",2022-02-13,300821,344,92,119291,436,420112,982.857142857143
"750",2022-02-14,301481,660,229,119520,889,421001,890.857142857143
"751",2022-02-15,302036,555,169,119689,724,421725,813.285714285714
"752",2022-02-16,302578,542,144,119833,686,422411,739.857142857143
"753",2022-02-17,302967,389,122,119955,511,422922,674.285714285714
"754",2022-02-18,303342,375,93,120048,468,423390,614
"755",2022-02-19,303583,241,65,120113,306,423696,574.285714285714
"756",2022-02-20,303771,188,41,120154,229,423925,544.714285714286
"757",2022-02-21,304048,277,75,120229,352,424277,468
"758",2022-02-22,304439,391,94,120323,485,424762,433.857142857143
"759",2022-02-23,304712,273,97,120420,370,425132,388.714285714286
"760",2022-02-24,304982,270,94,120514,364,425496,367.714285714286
"761",2022-02-25,305255,273,92,120606,365,425861,353
"762",2022-02-26,305428,173,63,120669,236,426097,343
"763",2022-02-27,305562,134,55,120724,189,426286,337.285714285714
"764",2022-02-28,305873,311,110,120834,421,426707,347.142857142857
"765",2022-03-01,306145,272,101,120935,373,427080,331.142857142857
"766",2022-03-02,306387,242,72,121007,314,427394,323.142857142857
"767",2022-03-03,306638,251,88,121095,339,427733,319.571428571429
"768",2022-03-04,306829,191,75,121170,266,427999,305.428571428571
"769",2022-03-05,306960,131,58,121228,189,428188,298.714285714286
"770",2022-03-06,307064,104,54,121282,158,428346,294.285714285714
"771",2022-03-07,307311,247,86,121368,333,428679,281.714285714286
"772",2022-03-08,307522,211,76,121444,287,428966,269.428571428571
"773",2022-03-09,307744,222,82,121526,304,429270,268
"774",2022-03-10,307886,142,59,121585,201,429471,248.285714285714
"775",2022-03-11,308027,141,60,121645,201,429672,239
"776",2022-03-12,308126,99,50,121695,149,429821,233.285714285714
"777",2022-03-13,308197,71,35,121730,106,429927,225.857142857143
"778",2022-03-14,308377,180,81,121811,261,430188,215.571428571429
"779",2022-03-15,308549,172,73,121884,245,430433,209.571428571429
"780",2022-03-16,308731,182,52,121936,234,430667,199.571428571429
"781",2022-03-17,308910,179,63,121999,242,430909,205.428571428571
"782",2022-03-18,309058,148,50,122049,198,431107,205
"783",2022-03-19,309151,93,35,122084,128,431235,202
"784",2022-03-20,309247,96,37,122121,133,431368,205.857142857143
"785",2022-03-21,309430,183,61,122182,244,431612,203.428571428571
"786",2022-03-22,309666,236,159,122341,395,432007,224.857142857143
"787",2022-03-23,309828,162,79,122420,241,432248,225.857142857143
"788",2022-03-24,310014,186,82,122502,268,432516,229.571428571429
"789",2022-03-25,310162,148,52,122554,200,432716,229.857142857143
"790",2022-03-26,310304,142,56,122610,198,432914,239.857142857143
"791",2022-03-27,310445,141,60,122670,201,433115,249.571428571429
"792",2022-03-28,310656,211,110,122780,321,433436,260.571428571429
"793",2022-03-29,310901,245,115,122895,360,433796,255.571428571429
"794",2022-03-30,311162,261,96,122991,357,434153,272.142857142857
"795",2022-03-31,311362,200,104,123095,304,434457,277.285714285714
"796",2022-04-01,311563,201,114,123209,315,434772,293.714285714286
"797",2022-04-02,311691,128,63,123272,191,434963,292.714285714286
"798",2022-04-03,311835,144,96,123368,240,435203,298.285714285714
"799",2022-04-04,312135,300,146,123514,446,435649,316.142857142857
"800",2022-04-05,312397,262,142,123656,404,436053,322.428571428571
"801",2022-04-06,312679,282,121,123777,403,436456,329
"802",2022-04-07,312902,223,108,123885,331,436787,332.857142857143
"803",2022-04-08,313128,226,122,124007,348,437135,337.571428571429
"804",2022-04-09,313280,152,106,124113,258,437393,347.142857142857
"805",2022-04-10,313446,166,93,124206,259,437652,349.857142857143
"806",2022-04-11,313725,279,170,124376,449,438101,350.285714285714
"807",2022-04-12,314077,352,189,124565,541,438642,369.857142857143
"808",2022-04-13,314367,290,156,124721,446,439088,376
"809",2022-04-14,314636,269,153,124874,422,439510,389
"810",2022-04-15,314940,304,166,125040,470,439980,406.428571428571
"811",2022-04-16,315201,261,137,125177,398,440378,426.428571428571
"812",2022-04-17,315400,199,96,125273,295,440673,431.571428571429
"813",2022-04-18,315855,455,244,125517,699,441372,467.285714285714
"814",2022-04-19,316303,448,236,125753,684,442056,487.714285714286
"815",2022-04-20,316728,425,236,125989,661,442717,518.428571428571
"816",2022-04-21,317143,415,219,126208,634,443351,548.714285714286
"817",2022-04-22,317606,463,202,126410,665,444016,576.571428571429
"818",2022-04-23,317912,306,163,126573,469,444485,586.714285714286
"819",2022-04-24,318246,334,161,126734,495,444980,615.285714285714
"820",2022-04-25,318933,687,309,127043,996,445976,657.714285714286
"821",2022-04-26,319573,640,269,127312,909,446885,689.857142857143
"822",2022-04-27,320151,578,273,127585,851,447736,717
"823",2022-04-28,320695,544,237,127822,781,448517,738
"824",2022-04-29,321258,563,244,128066,807,449324,758.285714285714
"825",2022-04-30,321710,452,201,128267,653,449977,784.571428571429
"826",2022-05-01,322099,389,222,128489,611,450588,801.142857142857
"827",2022-05-02,322988,889,374,128863,1263,451851,839.285714285714
"828",2022-05-03,323912,924,324,129187,1248,453099,887.714285714286
"829",2022-05-04,324759,847,347,129534,1194,454293,936.714285714286
"830",2022-05-05,325572,813,325,129859,1138,455431,987.714285714286
"831",2022-05-06,326355,783,343,130202,1126,456557,1033.28571428571
"832",2022-05-07,326906,551,231,130433,782,457339,1051.71428571429
"833",2022-05-08,327375,469,286,130719,755,458094,1072.28571428571
"834",2022-05-09,328415,1040,468,131187,1508,459602,1107.28571428571
"835",2022-05-10,329618,1203,432,131619,1635,461237,1162.57142857143
"836",2022-05-11,330676,1058,383,132002,1441,462678,1197.85714285714
"837",2022-05-12,331715,1039,401,132403,1440,464118,1241
"838",2022-05-13,332682,967,406,132809,1373,465491,1276.28571428571
"839",2022-05-14,333392,710,288,133097,998,466489,1307.14285714286
"840",2022-05-15,334132,740,322,133419,1062,467551,1351
"841",2022-05-16,335511,1379,536,133955,1915,469466,1409.14285714286
"842",2022-05-17,336854,1343,547,134502,1890,471356,1445.57142857143
"843",2022-05-18,338114,1260,496,134998,1756,473112,1490.57142857143
"844",2022-05-19,339370,1256,428,135426,1684,474796,1525.42857142857
"845",2022-05-20,340469,1099,474,135900,1573,476369,1554
"846",2022-05-21,341195,726,319,136219,1045,477414,1560.71428571429
"847",2022-05-22,341943,748,315,136534,1063,478477,1560.85714285714
"848",2022-05-23,343350,1407,578,137112,1985,480462,1570.85714285714
"849",2022-05-24,344768,1418,574,137686,1992,482454,1585.42857142857
"850",2022-05-25,346142,1374,533,138219,1907,484361,1607
"851",2022-05-26,347303,1161,471,138690,1632,485993,1599.57142857143
"852",2022-05-27,348341,1038,389,139079,1427,487420,1578.71428571429
"853",2022-05-28,349063,722,254,139333,976,488396,1568.85714285714
"854",2022-05-29,349779,716,272,139605,988,489384,1558.14285714286
"855",2022-05-30,350491,712,250,139855,962,490346,1412
"856",2022-05-31,352138,1647,691,140546,2338,492684,1461.42857142857
"857",2022-06-01,353567,1429,556,141102,1985,494669,1472.57142857143
"858",2022-06-02,354770,1203,488,141590,1691,496360,1481
"859",2022-06-03,355915,1145,382,141972,1527,497887,1495.28571428571
"860",2022-06-04,356774,859,285,142257,1144,499031,1519.28571428571
"861",2022-06-05,357558,784,315,142572,1099,500130,1535.14285714286
"862",2022-06-06,358980,1422,519,143091,1941,502071,1675
"863",2022-06-07,360244,1264,480,143571,1744,503815,1590.14285714286
"864",2022-06-08,361444,1200,422,143993,1622,505437,1538.28571428571
"865",2022-06-09,362518,1074,395,144388,1469,506906,1506.57142857143
"866",2022-06-10,363574,1056,387,144775,1443,508349,1494.57142857143
"867",2022-06-11,364273,699,254,145029,953,509302,1467.28571428571
"868",2022-06-12,364926,653,226,145255,879,510181,1435.85714285714
"869",2022-06-13,366032,1106,471,145726,1577,511758,1383.85714285714
"870",2022-06-14,367149,1117,430,146156,1547,513305,1355.71428571429
"871",2022-06-15,368269,1120,382,146538,1502,514807,1338.57142857143
"872",2022-06-16,369238,969,403,146941,1372,516179,1324.71428571429
"873",2022-06-17,370203,965,362,147303,1327,517506,1308.14285714286
"874",2022-06-18,370960,757,300,147603,1057,518563,1323
"875",2022-06-19,371627,667,262,147865,929,519492,1330.14285714286
"876",2022-06-20,372773,1146,453,148318,1599,521091,1333.28571428571
"877",2022-06-21,374055,1282,512,148830,1794,522885,1368.57142857143
"878",2022-06-22,375237,1182,486,149316,1668,524553,1392.28571428571
"879",2022-06-23,376346,1109,401,149717,1510,526063,1412
"880",2022-06-24,377373,1027,349,150066,1376,527439,1419
"881",2022-06-25,378151,778,328,150394,1106,528545,1426
"882",2022-06-26,378886,735,268,150662,1003,529548,1436.57142857143
"883",2022-06-27,380213,1327,484,151146,1811,531359,1466.85714285714
"884",2022-06-28,381729,1516,449,151595,1965,533324,1491.28571428571
"885",2022-06-29,382944,1215,428,152023,1643,534967,1487.71428571429
"886",2022-06-30,384004,1060,344,152367,1404,536371,1472.57142857143
"887",2022-07-01,385037,1033,305,152672,1338,537709,1467.14285714286
"888",2022-07-02,385694,657,193,152865,850,538559,1430.57142857143
"889",2022-07-03,386333,639,193,153058,832,539391,1406.14285714286
"890",2022-07-04,386844,511,101,153159,612,540003,1234.85714285714
"891",2022-07-05,388134,1290,3,153162,1293,541296,1138.85714285714
"892",2022-07-06,388248,114,0,153162,114,541410,920.428571428571
