"","date","total_cases_scc","new_cases_scc","new_cases_smc","total_cases_smc","new_cases","total_cases","new_cases_mov7"
"1",2020-01-27,1,1,0,0,1,1,1
"2",2020-01-28,2,1,0,0,1,2,1
"3",2020-01-29,3,1,0,0,1,3,1
"4",2020-01-30,4,1,0,0,1,4,1
"5",2020-01-31,6,2,0,0,2,6,1.2
"6",2020-02-01,6,0,0,0,0,6,1
"7",2020-02-02,6,0,0,0,0,6,0.857142857142857
"8",2020-02-03,6,0,0,0,0,6,0.714285714285714
"9",2020-02-04,6,0,0,0,0,6,0.571428571428571
"10",2020-02-05,6,0,0,0,0,6,0.428571428571429
"11",2020-02-06,6,0,0,0,0,6,0.285714285714286
"12",2020-02-07,6,0,0,0,0,6,0
"13",2020-02-08,6,0,0,0,0,6,0
"14",2020-02-09,6,0,0,0,0,6,0
"15",2020-02-10,6,0,0,0,0,6,0
"16",2020-02-11,6,0,0,0,0,6,0
"17",2020-02-12,6,0,0,0,0,6,0
"18",2020-02-13,6,0,0,0,0,6,0
"19",2020-02-14,6,0,0,0,0,6,0
"20",2020-02-15,6,0,0,0,0,6,0
"21",2020-02-16,6,0,0,0,0,6,0
"22",2020-02-17,7,1,0,0,1,7,0.142857142857143
"23",2020-02-18,7,0,0,0,0,7,0.142857142857143
"24",2020-02-19,7,0,0,0,0,7,0.142857142857143
"25",2020-02-20,8,1,10,10,11,18,1.71428571428571
"26",2020-02-21,8,0,2,12,2,20,2
"27",2020-02-22,8,0,0,12,0,20,2
"28",2020-02-23,8,0,2,14,2,22,2.28571428571429
"29",2020-02-24,8,0,3,17,3,25,2.57142857142857
"30",2020-02-25,8,0,4,21,4,29,3.14285714285714
"31",2020-02-26,10,2,1,22,3,32,3.57142857142857
"32",2020-02-27,10,0,2,24,2,34,2.28571428571429
"33",2020-02-28,12,2,4,28,6,40,2.85714285714286
"34",2020-02-29,16,4,5,33,9,49,4.14285714285714
"35",2020-03-01,16,0,8,41,8,57,5
"36",2020-03-02,21,5,8,49,13,70,6.42857142857143
"37",2020-03-03,23,2,9,58,11,81,7.42857142857143
"38",2020-03-04,28,5,7,65,12,93,8.71428571428571
"39",2020-03-05,35,7,4,69,11,104,10
"40",2020-03-06,45,10,14,83,24,128,12.5714285714286
"41",2020-03-07,53,8,8,91,16,144,13.5714285714286
"42",2020-03-08,57,4,10,101,14,158,14.4285714285714
"43",2020-03-09,74,17,14,115,31,189,17
"44",2020-03-10,89,15,13,128,28,217,19.4285714285714
"45",2020-03-11,115,26,14,142,40,257,23.4285714285714
"46",2020-03-12,138,23,16,158,39,296,27.4285714285714
"47",2020-03-13,186,48,33,191,81,377,35.5714285714286
"48",2020-03-14,229,43,19,210,62,439,42.1428571428571
"49",2020-03-15,261,32,25,235,57,496,48.2857142857143
"50",2020-03-16,298,37,33,268,70,566,53.8571428571429
"51",2020-03-17,351,53,36,304,89,655,62.5714285714286
"52",2020-03-18,393,42,26,330,68,723,66.5714285714286
"53",2020-03-19,436,43,21,351,64,787,70.1428571428571
"54",2020-03-20,499,63,33,384,96,883,72.2857142857143
"55",2020-03-21,535,36,30,414,66,949,72.8571428571429
"56",2020-03-22,577,42,37,451,79,1028,76
"57",2020-03-23,655,78,29,480,107,1135,81.2857142857143
"58",2020-03-24,726,71,39,519,110,1245,84.2857142857143
"59",2020-03-25,805,79,38,557,117,1362,91.2857142857143
"60",2020-03-26,878,73,37,594,110,1472,97.8571428571429
"61",2020-03-27,944,66,34,628,100,1572,98.4285714285714
"62",2020-03-28,984,40,27,655,67,1639,98.5714285714286
"63",2020-03-29,1009,25,19,674,44,1683,93.5714285714286
"64",2020-03-30,1083,74,25,699,99,1782,92.4285714285714
"65",2020-03-31,1135,52,23,722,75,1857,87.4285714285714
"66",2020-04-01,1185,50,18,740,68,1925,80.4285714285714
"67",2020-04-02,1236,51,18,758,69,1994,74.5714285714286
"68",2020-04-03,1279,43,20,778,63,2057,69.2857142857143
"69",2020-04-04,1311,32,16,794,48,2105,66.5714285714286
"70",2020-04-05,1353,42,12,806,54,2159,68
"71",2020-04-06,1406,53,21,827,74,2233,64.4285714285714
"72",2020-04-07,1448,42,20,847,62,2295,62.5714285714286
"73",2020-04-08,1518,70,19,866,89,2384,65.5714285714286
"74",2020-04-09,1586,68,13,879,81,2465,67.2857142857143
"75",2020-04-10,1667,81,16,895,97,2562,72.1428571428571
"76",2020-04-11,1708,41,15,910,56,2618,73.2857142857143
"77",2020-04-12,1732,24,11,921,35,2653,70.5714285714286
"78",2020-04-13,1772,40,26,947,66,2719,69.4285714285714
"79",2020-04-14,1816,44,40,987,84,2803,72.5714285714286
"80",2020-04-15,1847,31,36,1023,67,2870,69.4285714285714
"81",2020-04-16,1873,26,48,1071,74,2944,68.4285714285714
"82",2020-04-17,1913,40,28,1099,68,3012,64.2857142857143
"83",2020-04-18,1928,15,16,1115,31,3043,60.7142857142857
"84",2020-04-19,1942,14,21,1136,35,3078,60.7142857142857
"85",2020-04-20,1967,25,38,1174,63,3141,60.2857142857143
"86",2020-04-21,1993,26,23,1197,49,3190,55.2857142857143
"87",2020-04-22,2042,49,43,1240,92,3282,58.8571428571429
"88",2020-04-23,2062,20,22,1262,42,3324,54.2857142857143
"89",2020-04-24,2091,29,38,1300,67,3391,54.1428571428571
"90",2020-04-25,2105,14,20,1320,34,3425,54.5714285714286
"91",2020-04-26,2116,11,18,1338,29,3454,53.7142857142857
"92",2020-04-27,2140,24,26,1364,50,3504,51.8571428571429
"93",2020-04-28,2161,21,21,1385,42,3546,50.8571428571429
"94",2020-04-29,2189,28,13,1398,41,3587,43.5714285714286
"95",2020-04-30,2200,11,27,1425,38,3625,43
"96",2020-05-01,2222,22,30,1455,52,3677,40.8571428571429
"97",2020-05-02,2234,12,17,1472,29,3706,40.1428571428571
"98",2020-05-03,2242,8,16,1488,24,3730,39.4285714285714
"99",2020-05-04,2261,19,28,1516,47,3777,39
"100",2020-05-05,2274,13,22,1538,35,3812,38
"101",2020-05-06,2301,27,29,1567,56,3868,40.1428571428571
"102",2020-05-07,2314,13,26,1593,39,3907,40.2857142857143
"103",2020-05-08,2338,24,23,1616,47,3954,39.5714285714286
"104",2020-05-09,2349,11,16,1632,27,3981,39.2857142857143
"105",2020-05-10,2352,3,19,1651,22,4003,39
"106",2020-05-11,2372,20,23,1674,43,4046,38.4285714285714
"107",2020-05-12,2387,15,29,1703,44,4090,39.7142857142857
"108",2020-05-13,2407,20,28,1731,48,4138,38.5714285714286
"109",2020-05-14,2431,24,34,1765,58,4196,41.2857142857143
"110",2020-05-15,2446,15,55,1820,70,4266,44.5714285714286
"111",2020-05-16,2461,15,23,1843,38,4304,46.1428571428571
"112",2020-05-17,2468,7,17,1860,24,4328,46.4285714285714
"113",2020-05-18,2507,39,41,1901,80,4408,51.7142857142857
"114",2020-05-19,2551,44,39,1940,83,4491,57.2857142857143
"115",2020-05-20,2587,36,42,1982,78,4569,61.5714285714286
"116",2020-05-21,2608,21,70,2052,91,4660,66.2857142857143
"117",2020-05-22,2635,27,35,2087,62,4722,65.1428571428571
"118",2020-05-23,2652,17,19,2106,36,4758,64.8571428571429
"119",2020-05-24,2654,2,29,2135,31,4789,65.8571428571429
"120",2020-05-25,2661,7,34,2169,41,4830,60.2857142857143
"121",2020-05-26,2691,30,39,2208,69,4899,58.2857142857143
"122",2020-05-27,2730,39,38,2246,77,4976,58.1428571428571
"123",2020-05-28,2753,23,41,2287,64,5040,54.2857142857143
"124",2020-05-29,2797,44,31,2318,75,5115,56.1428571428571
"125",2020-05-30,2813,16,20,2338,36,5151,56.1428571428571
"126",2020-05-31,2823,10,25,2363,35,5186,56.7142857142857
"127",2020-06-01,2857,34,52,2415,86,5272,63.1428571428571
"128",2020-06-02,2882,25,46,2461,71,5343,63.4285714285714
"129",2020-06-03,2923,41,36,2497,77,5420,63.4285714285714
"130",2020-06-04,2959,36,27,2524,63,5483,63.2857142857143
"131",2020-06-05,2996,37,25,2549,62,5545,61.4285714285714
"132",2020-06-06,3009,13,25,2574,38,5583,61.7142857142857
"133",2020-06-07,3027,18,13,2587,31,5614,61.1428571428571
"134",2020-06-08,3066,39,31,2618,70,5684,58.8571428571429
"135",2020-06-09,3112,46,32,2650,78,5762,59.8571428571429
"136",2020-06-10,3175,63,31,2681,94,5856,62.2857142857143
"137",2020-06-11,3225,50,40,2721,90,5946,66.1428571428571
"138",2020-06-12,3283,58,37,2758,95,6041,70.8571428571429
"139",2020-06-13,3304,21,37,2795,58,6099,73.7142857142857
"140",2020-06-14,3317,13,21,2816,34,6133,74.1428571428571
"141",2020-06-15,3379,62,59,2875,121,6254,81.4285714285714
"142",2020-06-16,3472,93,43,2918,136,6390,89.7142857142857
"143",2020-06-17,3563,91,53,2971,144,6534,96.8571428571429
"144",2020-06-18,3665,102,46,3017,148,6682,105.142857142857
"145",2020-06-19,3776,111,40,3057,151,6833,113.142857142857
"146",2020-06-20,3826,50,39,3096,89,6922,117.571428571429
"147",2020-06-21,3863,37,49,3145,86,7008,125
"148",2020-06-22,3968,105,62,3207,167,7175,131.571428571429
"149",2020-06-23,4157,189,77,3284,266,7441,150.142857142857
"150",2020-06-24,4303,146,68,3352,214,7655,160.142857142857
"151",2020-06-25,4436,133,56,3408,189,7844,166
"152",2020-06-26,4573,137,70,3478,207,8051,174
"153",2020-06-27,4684,111,50,3528,161,8212,184.285714285714
"154",2020-06-28,4744,60,56,3584,116,8328,188.571428571429
"155",2020-06-29,4885,141,76,3660,217,8545,195.714285714286
"156",2020-06-30,5074,189,59,3719,248,8793,193.142857142857
"157",2020-07-01,5259,185,80,3799,265,9058,200.428571428571
"158",2020-07-02,5443,184,66,3865,250,9308,209.142857142857
"159",2020-07-03,5521,78,79,3944,157,9465,202
"160",2020-07-04,5565,44,58,4002,102,9567,193.571428571429
"161",2020-07-05,5660,95,63,4065,158,9725,199.571428571429
"162",2020-07-06,5911,251,109,4174,360,10085,220
"163",2020-07-07,6202,291,92,4266,383,10468,239.285714285714
"164",2020-07-08,6485,283,117,4383,400,10868,258.571428571429
"165",2020-07-09,6766,281,120,4503,401,11269,280.142857142857
"166",2020-07-10,7010,244,125,4628,369,11638,310.428571428571
"167",2020-07-11,7191,181,65,4693,246,11884,331
"168",2020-07-12,7310,119,70,4763,189,12073,335.428571428571
"169",2020-07-13,7515,205,120,4883,325,12398,330.428571428571
"170",2020-07-14,7866,351,132,5015,483,12881,344.714285714286
"171",2020-07-15,8249,383,95,5110,478,13359,355.857142857143
"172",2020-07-16,8588,339,114,5224,453,13812,363.285714285714
"173",2020-07-17,8883,295,109,5333,404,14216,368.285714285714
"174",2020-07-18,9055,172,95,5428,267,14483,371.285714285714
"175",2020-07-19,9140,85,58,5486,143,14626,364.714285714286
"176",2020-07-20,9356,216,101,5587,317,14943,363.571428571429
"177",2020-07-21,9664,308,103,5690,411,15354,353.285714285714
"178",2020-07-22,9964,300,85,5775,385,15739,340
"179",2020-07-23,10245,281,81,5856,362,16101,327
"180",2020-07-24,10491,246,102,5958,348,16449,319
"181",2020-07-25,10617,126,61,6019,187,16636,307.571428571429
"182",2020-07-26,10703,86,63,6082,149,16785,308.428571428571
"183",2020-07-27,10879,176,102,6184,278,17063,302.857142857143
"184",2020-07-28,11177,298,100,6284,398,17461,301
"185",2020-07-29,11448,271,69,6353,340,17801,294.571428571429
"186",2020-07-30,11688,240,91,6444,331,18132,290.142857142857
"187",2020-07-31,11948,260,97,6541,357,18489,291.428571428571
"188",2020-08-01,12121,173,73,6614,246,18735,299.857142857143
"189",2020-08-02,12205,84,54,6668,138,18873,298.285714285714
"190",2020-08-03,12375,170,113,6781,283,19156,299
"191",2020-08-04,12677,302,82,6863,384,19540,297
"192",2020-08-05,13010,333,114,6977,447,19987,312.285714285714
"193",2020-08-06,13255,245,97,7074,342,20329,313.857142857143
"194",2020-08-07,13513,258,98,7172,356,20685,313.714285714286
"195",2020-08-08,13719,206,63,7235,269,20954,317
"196",2020-08-09,13827,108,55,7290,163,21117,320.571428571429
"197",2020-08-10,14048,221,98,7388,319,21436,325.714285714286
"198",2020-08-11,14377,329,81,7469,410,21846,329.428571428571
"199",2020-08-12,14661,284,78,7547,362,22208,317.285714285714
"200",2020-08-13,14903,242,78,7625,320,22528,314.142857142857
"201",2020-08-14,15156,253,57,7682,310,22838,307.571428571429
"202",2020-08-15,15312,156,58,7740,214,23052,299.714285714286
"203",2020-08-16,15383,71,38,7778,109,23161,292
"204",2020-08-17,15568,185,77,7855,262,23423,283.857142857143
"205",2020-08-18,15836,268,55,7910,323,23746,271.428571428571
"206",2020-08-19,16008,172,60,7970,232,23978,252.857142857143
"207",2020-08-20,16170,162,69,8039,231,24209,240.142857142857
"208",2020-08-21,16336,166,62,8101,228,24437,228.428571428571
"209",2020-08-22,16473,137,60,8161,197,24634,226
"210",2020-08-23,16533,60,47,8208,107,24741,225.714285714286
"211",2020-08-24,16687,154,96,8304,250,24991,224
"212",2020-08-25,16974,287,67,8371,354,25345,228.428571428571
"213",2020-08-26,17202,228,59,8430,287,25632,236.285714285714
"214",2020-08-27,17401,199,67,8497,266,25898,241.285714285714
"215",2020-08-28,17592,191,106,8603,297,26195,251.142857142857
"216",2020-08-29,17733,141,47,8650,188,26383,249.857142857143
"217",2020-08-30,17789,56,41,8691,97,26480,248.428571428571
"218",2020-08-31,17937,148,80,8771,228,26708,245.285714285714
"219",2020-09-01,18171,234,68,8839,302,27010,237.857142857143
"220",2020-09-02,18402,231,81,8920,312,27322,241.428571428571
"221",2020-09-03,18570,168,63,8983,231,27553,236.428571428571
"222",2020-09-04,18747,177,78,9061,255,27808,230.428571428571
"223",2020-09-05,18837,90,48,9109,138,27946,223.285714285714
"224",2020-09-06,18882,45,46,9155,91,28037,222.428571428571
"225",2020-09-07,18923,41,55,9210,96,28133,203.571428571429
"226",2020-09-08,19115,192,76,9286,268,28401,198.714285714286
"227",2020-09-09,19322,207,76,9362,283,28684,194.571428571429
"228",2020-09-10,19466,144,61,9423,205,28889,190.857142857143
"229",2020-09-11,19598,132,46,9469,178,29067,179.857142857143
"230",2020-09-12,19681,83,42,9511,125,29192,178
"231",2020-09-13,19714,33,41,9552,74,29266,175.571428571429
"232",2020-09-14,19839,125,61,9613,186,29452,188.428571428571
"233",2020-09-15,20066,227,64,9677,291,29743,191.714285714286
"234",2020-09-16,20216,150,68,9745,218,29961,182.428571428571
"235",2020-09-17,20392,176,64,9809,240,30201,187.428571428571
"236",2020-09-18,20524,132,45,9854,177,30378,187.285714285714
"237",2020-09-19,20595,71,39,9893,110,30488,185.142857142857
"238",2020-09-20,20637,42,30,9923,72,30560,184.857142857143
"239",2020-09-21,20759,122,68,9991,190,30750,185.428571428571
"240",2020-09-22,20904,145,53,10044,198,30948,172.142857142857
"241",2020-09-23,21042,138,40,10084,178,31126,166.428571428571
"242",2020-09-24,21160,118,38,10122,156,31282,154.428571428571
"243",2020-09-25,21263,103,49,10171,152,31434,150.857142857143
"244",2020-09-26,21315,52,39,10210,91,31525,148.142857142857
"245",2020-09-27,21355,40,33,10243,73,31598,148.285714285714
"246",2020-09-28,21452,97,71,10314,168,31766,145.142857142857
"247",2020-09-29,21597,145,46,10360,191,31957,144.142857142857
"248",2020-09-30,21715,118,48,10408,166,32123,142.428571428571
"249",2020-10-01,21835,120,42,10450,162,32285,143.285714285714
"250",2020-10-02,21956,121,48,10498,169,32454,145.714285714286
"251",2020-10-03,22022,66,41,10539,107,32561,148
"252",2020-10-04,22065,43,26,10565,69,32630,147.428571428571
"253",2020-10-05,22150,85,60,10625,145,32775,144.142857142857
"254",2020-10-06,22298,148,27,10652,175,32950,141.857142857143
"255",2020-10-07,22428,130,31,10683,161,33111,141.142857142857
"256",2020-10-08,22555,127,43,10726,170,33281,142.285714285714
"257",2020-10-09,22668,113,33,10759,146,33427,139
"258",2020-10-10,22755,87,29,10788,116,33543,140.285714285714
"259",2020-10-11,22799,44,36,10824,80,33623,141.857142857143
"260",2020-10-12,22933,134,32,10856,166,33789,144.857142857143
"261",2020-10-13,23083,150,49,10905,199,33988,148.285714285714
"262",2020-10-14,23226,143,43,10948,186,34174,151.857142857143
"263",2020-10-15,23386,160,51,10999,211,34385,157.714285714286
"264",2020-10-16,23497,111,40,11039,151,34536,158.428571428571
"265",2020-10-17,23563,66,26,11065,92,34628,155
"266",2020-10-18,23603,40,29,11094,69,34697,153.428571428571
"267",2020-10-19,23743,140,61,11155,201,34898,158.428571428571
"268",2020-10-20,23941,198,48,11203,246,35144,165.142857142857
"269",2020-10-21,24088,147,45,11248,192,35336,166
"270",2020-10-22,24220,132,47,11295,179,35515,161.428571428571
"271",2020-10-23,24365,145,56,11351,201,35716,168.571428571429
"272",2020-10-24,24434,69,49,11400,118,35834,172.285714285714
"273",2020-10-25,24490,56,39,11439,95,35929,176
"274",2020-10-26,24648,158,51,11490,209,36138,177.142857142857
"275",2020-10-27,24851,203,43,11533,246,36384,177.142857142857
"276",2020-10-28,25020,169,47,11580,216,36600,180.571428571429
"277",2020-10-29,25163,143,68,11648,211,36811,185.142857142857
"278",2020-10-30,25311,148,47,11695,195,37006,184.285714285714
"279",2020-10-31,25409,98,60,11755,158,37164,190
"280",2020-11-01,25465,56,53,11808,109,37273,192
"281",2020-11-02,25685,220,82,11890,302,37575,205.285714285714
"282",2020-11-03,25965,280,112,12002,392,37967,226.142857142857
"283",2020-11-04,26264,299,97,12099,396,38363,251.857142857143
"284",2020-11-05,26530,266,99,12198,365,38728,273.857142857143
"285",2020-11-06,26788,258,99,12297,357,39085,297
"286",2020-11-07,26999,211,76,12373,287,39372,315.428571428571
"287",2020-11-08,27085,86,60,12433,146,39518,320.714285714286
"288",2020-11-09,27382,297,128,12561,425,39943,338.285714285714
"289",2020-11-10,27810,428,109,12670,537,40480,359
"290",2020-11-11,28155,345,103,12773,448,40928,366.428571428571
"291",2020-11-12,28600,445,116,12889,561,41489,394.428571428571
"292",2020-11-13,28981,381,120,13009,501,41990,415
"293",2020-11-14,29248,267,90,13099,357,42347,425
"294",2020-11-15,29365,117,102,13201,219,42566,435.428571428571
"295",2020-11-16,29681,316,181,13382,497,43063,445.714285714286
"296",2020-11-17,30246,565,165,13547,730,43793,473.285714285714
"297",2020-11-18,30821,575,161,13708,736,44529,514.428571428571
"298",2020-11-19,31334,513,153,13861,666,45195,529.428571428571
"299",2020-11-20,31885,551,133,13994,684,45879,555.571428571429
"300",2020-11-21,32226,341,132,14126,473,46352,572.142857142857
"301",2020-11-22,32500,274,102,14228,376,46728,594.571428571429
"302",2020-11-23,33132,632,199,14427,831,47559,642.285714285714
"303",2020-11-24,33822,690,196,14623,886,48445,664.571428571429
"304",2020-11-25,34662,840,195,14818,1035,49480,707.285714285714
"305",2020-11-26,34813,151,120,14938,271,49751,650.857142857143
"306",2020-11-27,35342,529,185,15123,714,50465,655.142857142857
"307",2020-11-28,35900,558,196,15319,754,51219,695.285714285714
"308",2020-11-29,36412,512,186,15505,698,51917,741.285714285714
"309",2020-11-30,37354,942,335,15840,1277,53194,805
"310",2020-12-01,38653,1299,354,16194,1653,54847,914.571428571429
"311",2020-12-02,40006,1353,323,16517,1676,56523,1006.14285714286
"312",2020-12-03,41237,1231,352,16869,1583,58106,1193.57142857143
"313",2020-12-04,42462,1225,348,17217,1573,59679,1316.28571428571
"314",2020-12-05,43276,814,290,17507,1104,60783,1366.28571428571
"315",2020-12-06,43769,493,246,17753,739,61522,1372.14285714286
"316",2020-12-07,45052,1283,507,18260,1790,63312,1445.42857142857
"317",2020-12-08,46604,1552,434,18694,1986,65298,1493
"318",2020-12-09,48143,1539,391,19085,1930,67228,1529.28571428571
"319",2020-12-10,49472,1329,440,19525,1769,68997,1555.85714285714
"320",2020-12-11,50586,1114,440,19965,1554,70551,1553.14285714286
"321",2020-12-12,51406,820,272,20237,1092,71643,1551.42857142857
"322",2020-12-13,52172,766,214,20451,980,72623,1585.85714285714
"323",2020-12-14,53420,1248,489,20940,1737,74360,1578.28571428571
"324",2020-12-15,55255,1835,494,21434,2329,76689,1627.28571428571
"325",2020-12-16,56898,1643,399,21833,2042,78731,1643.28571428571
"326",2020-12-17,58395,1497,324,22157,1821,80552,1650.71428571429
"327",2020-12-18,59580,1185,367,22524,1552,82104,1650.42857142857
"328",2020-12-19,60327,747,306,22830,1053,83157,1644.85714285714
"329",2020-12-20,60927,600,213,23043,813,83970,1621
"330",2020-12-21,62452,1525,430,23473,1955,85925,1652.14285714286
"331",2020-12-22,63889,1437,399,23872,1836,87761,1581.71428571429
"332",2020-12-23,65322,1433,322,24194,1755,89516,1540.71428571429
"333",2020-12-24,66064,742,300,24494,1042,90558,1429.42857142857
"334",2020-12-25,66274,210,197,24691,407,90965,1265.85714285714
"335",2020-12-26,67265,991,317,25008,1308,92273,1302.28571428571
"336",2020-12-27,68072,807,332,25340,1139,93412,1348.85714285714
"337",2020-12-28,69895,1823,539,25879,2362,95774,1407
"338",2020-12-29,71710,1815,442,26321,2257,98031,1467.14285714286
"339",2020-12-30,73621,1911,441,26762,2352,100383,1552.42857142857
"340",2020-12-31,74798,1177,372,27134,1549,101932,1624.85714285714
"341",2021-01-01,75073,275,305,27439,580,102512,1649.57142857143
"342",2021-01-02,76062,989,450,27889,1439,103951,1668.28571428571
"343",2021-01-03,76990,928,344,28233,1272,105223,1687.28571428571
"344",2021-01-04,78601,1611,579,28812,2190,107413,1662.71428571429
"345",2021-01-05,80854,2253,559,29371,2812,110225,1742
"346",2021-01-06,82666,1812,497,29868,2309,112534,1735.85714285714
"347",2021-01-07,84291,1625,428,30296,2053,114587,1807.85714285714
"348",2021-01-08,85433,1142,528,30824,1670,116257,1963.57142857143
"349",2021-01-09,86303,870,350,31174,1220,117477,1932.28571428571
"350",2021-01-10,86999,696,307,31481,1003,118480,1893.85714285714
"351",2021-01-11,88281,1282,494,31975,1776,120256,1834.71428571429
"352",2021-01-12,89766,1485,446,32421,1931,122187,1708.85714285714
"353",2021-01-13,91078,1312,397,32818,1709,123896,1623.14285714286
"354",2021-01-14,92242,1164,349,33167,1513,125409,1546
"355",2021-01-15,93297,1055,369,33536,1424,126833,1510.85714285714
"356",2021-01-16,93917,620,243,33779,863,127696,1459.85714285714
"357",2021-01-17,94385,468,171,33950,639,128335,1407.85714285714
"358",2021-01-18,95126,741,252,34202,993,129328,1296
"359",2021-01-19,96146,1020,308,34510,1328,130656,1209.85714285714
"360",2021-01-20,97029,883,297,34807,1180,131836,1134.28571428571
"361",2021-01-21,97806,777,231,35038,1008,132844,1062.14285714286
"362",2021-01-22,98424,618,247,35285,865,133709,982.285714285714
"363",2021-01-23,98846,422,226,35511,648,134357,951.571428571429
"364",2021-01-24,99191,345,177,35688,522,134879,934.857142857143
"365",2021-01-25,99818,627,248,35936,875,135754,918
"366",2021-01-26,100359,541,241,36177,782,136536,840
"367",2021-01-27,100892,533,202,36379,735,137271,776.428571428571
"368",2021-01-28,101307,415,156,36535,571,137842,714
"369",2021-01-29,101814,507,168,36703,675,138517,686.857142857143
"370",2021-01-30,102196,382,129,36832,511,139028,667.285714285714
"371",2021-01-31,102471,275,143,36975,418,139446,652.428571428571
"372",2021-02-01,103017,546,192,37167,738,140184,632.857142857143
"373",2021-02-02,103471,454,152,37319,606,140790,607.714285714286
"374",2021-02-03,103961,490,170,37489,660,141450,597
"375",2021-02-04,104358,397,140,37629,537,141987,592.142857142857
"376",2021-02-05,104751,393,121,37750,514,142501,569.142857142857
"377",2021-02-06,104994,243,84,37834,327,142828,542.857142857143
"378",2021-02-07,105175,181,72,37906,253,143081,519.285714285714
"379",2021-02-08,105525,350,138,38044,488,143569,483.571428571429
"380",2021-02-09,105934,409,114,38158,523,144092,471.714285714286
"381",2021-02-10,106309,375,129,38287,504,144596,449.428571428571
"382",2021-02-11,106612,303,90,38377,393,144989,428.857142857143
"383",2021-02-12,106875,263,95,38472,358,145347,406.571428571429
"384",2021-02-13,107027,152,73,38545,225,145572,392
"385",2021-02-14,107212,185,53,38598,238,145810,389.857142857143
"386",2021-02-15,107399,187,82,38680,269,146079,358.571428571429
"387",2021-02-16,107641,242,81,38761,323,146402,330
"388",2021-02-17,107904,263,60,38821,323,146725,304.142857142857
"389",2021-02-18,108175,271,67,38888,338,147063,296.285714285714
"390",2021-02-19,108408,233,63,38951,296,147359,287.428571428571
"391",2021-02-20,108583,175,60,39011,235,147594,288.857142857143
"392",2021-02-21,108748,165,43,39054,208,147802,284.571428571429
"393",2021-02-22,109012,264,64,39118,328,148130,293
"394",2021-02-23,109230,218,55,39173,273,148403,285.857142857143
"395",2021-02-24,109489,259,60,39233,319,148722,285.285714285714
"396",2021-02-25,109653,164,39,39272,203,148925,266
"397",2021-02-26,109809,156,46,39318,202,149127,252.571428571429
"398",2021-02-27,109946,137,43,39361,180,149307,244.714285714286
"399",2021-02-28,110069,123,42,39403,165,149472,238.571428571429
"400",2021-03-01,110274,205,55,39458,260,149732,228.857142857143
"401",2021-03-02,110456,182,50,39508,232,149964,223
"402",2021-03-03,110649,193,53,39561,246,150210,212.571428571429
"403",2021-03-04,110812,163,51,39612,214,150424,214.142857142857
"404",2021-03-05,110965,153,43,39655,196,150620,213.285714285714
"405",2021-03-06,111051,86,33,39688,119,150739,204.571428571429
"406",2021-03-07,111129,78,23,39711,101,150840,195.428571428571
"407",2021-03-08,111294,165,40,39751,205,151045,187.571428571429
"408",2021-03-09,111445,151,48,39799,199,151244,182.857142857143
"409",2021-03-10,111580,135,47,39846,182,151426,173.714285714286
"410",2021-03-11,111699,119,26,39872,145,151571,163.857142857143
"411",2021-03-12,111812,113,38,39910,151,151722,157.428571428571
"412",2021-03-13,111907,95,36,39946,131,151853,159.142857142857
"413",2021-03-14,111973,66,27,39973,93,151946,158
"414",2021-03-15,112109,136,39,40012,175,152121,153.714285714286
"415",2021-03-16,112225,116,53,40065,169,152290,149.428571428571
"416",2021-03-17,112378,153,34,40099,187,152477,150.142857142857
"417",2021-03-18,112485,107,31,40130,138,152615,149.142857142857
"418",2021-03-19,112599,114,40,40170,154,152769,149.571428571429
"419",2021-03-20,112666,67,25,40195,92,152861,144
"420",2021-03-21,112742,76,34,40229,110,152971,146.428571428571
"421",2021-03-22,112855,113,44,40273,157,153128,143.857142857143
"422",2021-03-23,112974,119,50,40323,169,153297,143.857142857143
"423",2021-03-24,113099,125,59,40382,184,153481,143.428571428571
"424",2021-03-25,113234,135,49,40431,184,153665,150
"425",2021-03-26,113361,127,41,40472,168,153833,152
"426",2021-03-27,113428,67,34,40506,101,153934,153.285714285714
"427",2021-03-28,113494,66,25,40531,91,154025,150.571428571429
"428",2021-03-29,113608,114,45,40576,159,154184,150.857142857143
"429",2021-03-30,113699,91,42,40618,133,154317,145.714285714286
"430",2021-03-31,113843,144,46,40664,190,154507,146.571428571429
"431",2021-04-01,113968,125,31,40695,156,154663,142.571428571429
"432",2021-04-02,114072,104,41,40736,145,154808,139.285714285714
"433",2021-04-03,114143,71,42,40778,113,154921,141
"434",2021-04-04,114202,59,25,40803,84,155005,140
"435",2021-04-05,114399,197,42,40845,239,155244,151.428571428571
"436",2021-04-06,114566,167,41,40886,208,155452,162.142857142857
"437",2021-04-07,114734,168,49,40935,217,155669,166
"438",2021-04-08,114893,159,45,40980,204,155873,172.857142857143
"439",2021-04-09,115025,132,39,41019,171,156044,176.571428571429
"440",2021-04-10,115125,100,38,41057,138,156182,180.142857142857
"441",2021-04-11,115190,65,30,41087,95,156277,181.714285714286
"442",2021-04-12,115333,143,54,41141,197,156474,175.714285714286
"443",2021-04-13,115453,120,43,41184,163,156637,169.285714285714
"444",2021-04-14,115601,148,45,41229,193,156830,165.857142857143
"445",2021-04-15,115741,140,38,41267,178,157008,162.142857142857
"446",2021-04-16,115856,115,38,41305,153,157161,159.571428571429
"447",2021-04-17,115950,94,30,41335,124,157285,157.571428571429
"448",2021-04-18,116030,80,23,41358,103,157388,158.714285714286
"449",2021-04-19,116163,133,30,41388,163,157551,153.857142857143
"450",2021-04-20,116287,124,33,41421,157,157708,153
"451",2021-04-21,116409,122,32,41453,154,157862,147.428571428571
"452",2021-04-22,116488,79,29,41482,108,157970,137.428571428571
"453",2021-04-23,116582,94,27,41509,121,158091,132.857142857143
"454",2021-04-24,116644,62,25,41534,87,158178,127.571428571429
"455",2021-04-25,116695,51,13,41547,64,158242,122
"456",2021-04-26,116770,75,36,41583,111,158353,114.571428571429
"457",2021-04-27,116876,106,30,41613,136,158489,111.571428571429
"458",2021-04-28,116939,63,35,41648,98,158587,103.571428571429
"459",2021-04-29,117021,82,27,41675,109,158696,103.714285714286
"460",2021-04-30,117084,63,28,41703,91,158787,99.4285714285714
"461",2021-05-01,117132,48,14,41717,62,158849,95.8571428571429
"462",2021-05-02,117180,48,29,41746,77,158926,97.7142857142857
"463",2021-05-03,117252,72,16,41762,88,159014,94.4285714285714
"464",2021-05-04,117337,85,24,41786,109,159123,90.5714285714286
"465",2021-05-05,117407,70,25,41811,95,159218,90.1428571428571
"466",2021-05-06,117453,46,28,41839,74,159292,85.1428571428571
"467",2021-05-07,117505,52,18,41857,70,159362,82.1428571428571
"468",2021-05-08,117531,26,14,41871,40,159402,79
"469",2021-05-09,117557,26,11,41882,37,159439,73.2857142857143
"470",2021-05-10,117599,42,29,41911,71,159510,70.8571428571429
"471",2021-05-11,117669,70,19,41930,89,159599,68
"472",2021-05-12,117720,51,18,41948,69,159668,64.2857142857143
"473",2021-05-13,117778,58,9,41957,67,159735,63.2857142857143
"474",2021-05-14,117822,44,18,41975,62,159797,62.1428571428571
"475",2021-05-15,117845,23,10,41985,33,159830,61.1428571428571
"476",2021-05-16,117873,28,16,42001,44,159874,62.1428571428571
"477",2021-05-17,117901,28,11,42012,39,159913,57.5714285714286
"478",2021-05-18,117940,39,26,42038,65,159978,54.1428571428571
"479",2021-05-19,117967,27,12,42050,39,160017,49.8571428571429
"480",2021-05-20,118012,45,7,42057,52,160069,47.7142857142857
"481",2021-05-21,118031,19,14,42071,33,160102,43.5714285714286
"482",2021-05-22,118059,28,13,42084,41,160143,44.7142857142857
"483",2021-05-23,118076,17,10,42094,27,160170,42.2857142857143
"484",2021-05-24,118100,24,17,42111,41,160211,42.5714285714286
"485",2021-05-25,118131,31,10,42121,41,160252,39.1428571428571
"486",2021-05-26,118154,23,10,42131,33,160285,38.2857142857143
"487",2021-05-27,118185,31,8,42139,39,160324,36.4285714285714
"488",2021-05-28,118207,22,9,42148,31,160355,36.1428571428571
"489",2021-05-29,118223,16,6,42154,22,160377,33.4285714285714
"490",2021-05-30,118247,24,8,42162,32,160409,34.1428571428571
"491",2021-05-31,118254,7,8,42170,15,160424,30.4285714285714
"492",2021-06-01,118296,42,16,42186,58,160482,32.8571428571429
"493",2021-06-02,118334,38,16,42202,54,160536,35.8571428571429
"494",2021-06-03,118368,34,10,42212,44,160580,36.5714285714286
"495",2021-06-04,118407,39,12,42224,51,160631,39.4285714285714
"496",2021-06-05,118429,22,11,42235,33,160664,41
"497",2021-06-06,118447,18,10,42245,28,160692,40.4285714285714
"498",2021-06-07,118475,28,16,42261,44,160736,44.5714285714286
"499",2021-06-08,118498,23,16,42277,39,160775,41.8571428571429
"500",2021-06-09,118524,26,12,42289,38,160813,39.5714285714286
"501",2021-06-10,118562,38,16,42305,54,160867,41
"502",2021-06-11,118595,33,7,42312,40,160907,39.4285714285714
"503",2021-06-12,118616,21,14,42326,35,160942,39.7142857142857
"504",2021-06-13,118637,21,6,42332,27,160969,39.5714285714286
"505",2021-06-14,118655,18,14,42346,32,161001,37.8571428571429
"506",2021-06-15,118689,34,14,42360,48,161049,39.1428571428571
"507",2021-06-16,118718,29,13,42373,42,161091,39.7142857142857
"508",2021-06-17,118761,43,17,42390,60,161151,40.5714285714286
"509",2021-06-18,118787,26,6,42396,32,161183,39.4285714285714
"510",2021-06-19,118803,16,12,42408,28,161211,38.4285714285714
"511",2021-06-20,118819,16,16,42424,32,161243,39.1428571428571
"512",2021-06-21,118861,42,27,42451,69,161312,44.4285714285714
"513",2021-06-22,118899,38,16,42467,54,161366,45.2857142857143
"514",2021-06-23,118929,30,14,42481,44,161410,45.5714285714286
"515",2021-06-24,118963,34,16,42497,50,161460,44.1428571428571
"516",2021-06-25,118990,27,26,42523,53,161513,47.1428571428571
"517",2021-06-26,119008,18,18,42541,36,161549,48.2857142857143
"518",2021-06-27,119029,21,20,42561,41,161590,49.5714285714286
"519",2021-06-28,119078,49,28,42589,77,161667,50.7142857142857
"520",2021-06-29,119122,44,35,42624,79,161746,54.2857142857143
"521",2021-06-30,119168,46,32,42656,78,161824,59.1428571428571
"522",2021-07-01,119221,53,37,42693,90,161914,64.8571428571429
"523",2021-07-02,119264,43,26,42719,69,161983,67.1428571428571
"524",2021-07-03,119330,66,35,42754,101,162084,76.4285714285714
"525",2021-07-04,119350,20,25,42779,45,162129,77
"526",2021-07-05,119406,56,34,42813,90,162219,78.8571428571429
"527",2021-07-06,119512,106,51,42864,157,162376,90
"528",2021-07-07,119600,88,75,42939,163,162539,102.142857142857
"529",2021-07-08,119691,91,53,42992,144,162683,109.857142857143
"530",2021-07-09,119789,98,50,43042,148,162831,121.142857142857
"531",2021-07-10,119895,106,43,43085,149,162980,128
"532",2021-07-11,119962,67,51,43136,118,163098,138.428571428571
"533",2021-07-12,120090,128,81,43217,209,163307,155.428571428571
"534",2021-07-13,120236,146,93,43310,239,163546,167.142857142857
"535",2021-07-14,120397,161,71,43381,232,163778,177
"536",2021-07-15,120561,164,99,43480,263,164041,194
"537",2021-07-16,120701,140,104,43584,244,164285,207.714285714286
"538",2021-07-17,120848,147,53,43637,200,164485,215
"539",2021-07-18,120963,115,71,43708,186,164671,224.714285714286
"540",2021-07-19,121161,198,113,43821,311,164982,239.285714285714
"541",2021-07-20,121391,230,142,43963,372,165354,258.285714285714
"542",2021-07-21,121646,255,117,44080,372,165726,278.285714285714
"543",2021-07-22,121865,219,91,44171,310,166036,285
"544",2021-07-23,122099,234,112,44283,346,166382,299.571428571429
"545",2021-07-24,122276,177,104,44387,281,166663,311.142857142857
"546",2021-07-25,122435,159,115,44502,274,166937,323.714285714286
"547",2021-07-26,122741,306,164,44666,470,167407,346.428571428571
"548",2021-07-27,123079,338,151,44817,489,167896,363.142857142857
"549",2021-07-28,123425,346,150,44967,496,168392,380.857142857143
"550",2021-07-29,123746,321,148,45115,469,168861,403.571428571429
"551",2021-07-30,124014,268,126,45241,394,169255,410.428571428571
"552",2021-07-31,124240,226,124,45365,350,169605,420.285714285714
"553",2021-08-01,124462,222,156,45521,378,169983,435.142857142857
"554",2021-08-02,124801,339,182,45703,521,170504,442.428571428571
"555",2021-08-03,125250,449,176,45879,625,171129,461.857142857143
"556",2021-08-04,125675,425,192,46071,617,171746,479.142857142857
"557",2021-08-05,126118,443,176,46247,619,172365,500.571428571429
"558",2021-08-06,126475,357,175,46422,532,172897,520.285714285714
"559",2021-08-07,126740,265,153,46575,418,173315,530
"560",2021-08-08,126975,235,127,46702,362,173677,527.714285714286
"561",2021-08-09,127408,433,193,46895,626,174303,542.714285714286
"562",2021-08-10,127900,492,175,47070,667,174970,548.714285714286
"563",2021-08-11,128347,447,176,47246,623,175593,549.571428571429
"564",2021-08-12,128815,468,168,47414,636,176229,552
"565",2021-08-13,129301,486,147,47561,633,176862,566.428571428571
"566",2021-08-14,129611,310,117,47678,427,177289,567.714285714286
"567",2021-08-15,129848,237,119,47797,356,177645,566.857142857143
"568",2021-08-16,130267,419,189,47986,608,178253,564.285714285714
"569",2021-08-17,130791,524,183,48169,707,178960,570
"570",2021-08-18,131258,467,157,48326,624,179584,570.142857142857
"571",2021-08-19,131638,380,163,48489,543,180127,556.857142857143
"572",2021-08-20,132041,403,134,48623,537,180664,543.142857142857
"573",2021-08-21,132289,248,112,48735,360,181024,533.571428571429
"574",2021-08-22,132500,211,95,48830,306,181330,526.428571428571
"575",2021-08-23,132917,417,174,49004,591,181921,524
"576",2021-08-24,133333,416,141,49145,557,182478,502.571428571429
"577",2021-08-25,133789,456,150,49295,606,183084,500
"578",2021-08-26,134187,398,127,49422,525,183609,497.428571428571
"579",2021-08-27,134559,372,128,49550,500,184109,492.142857142857
"580",2021-08-28,134771,212,77,49627,289,184398,482
"581",2021-08-29,134964,193,74,49701,267,184665,476.428571428571
"582",2021-08-30,135342,378,112,49813,490,185155,462
"583",2021-08-31,135694,352,128,49941,480,185635,451
"584",2021-09-01,136031,337,111,50052,448,186083,428.428571428571
"585",2021-09-02,136361,330,120,50172,450,186533,417.714285714286
"586",2021-09-03,136693,332,98,50270,430,186963,407.714285714286
"587",2021-09-04,136866,173,96,50366,269,187232,404.857142857143
"588",2021-09-05,137026,160,49,50415,209,187441,396.571428571429
"589",2021-09-06,137191,165,68,50483,233,187674,359.857142857143
"590",2021-09-07,137517,326,129,50612,455,188129,356.285714285714
"591",2021-09-08,137807,290,94,50706,384,188513,347.142857142857
"592",2021-09-09,138082,275,101,50807,376,188889,336.571428571429
"593",2021-09-10,138327,245,120,50927,365,189254,327.285714285714
"594",2021-09-11,138516,189,66,50993,255,189509,325.285714285714
"595",2021-09-12,138611,95,71,51064,166,189675,319.142857142857
"596",2021-09-13,138886,275,106,51170,381,190056,340.285714285714
"597",2021-09-14,139133,247,88,51258,335,190391,323.142857142857
"598",2021-09-15,139374,241,100,51358,341,190732,317
"599",2021-09-16,139593,219,83,51441,302,191034,306.428571428571
"600",2021-09-17,139779,186,76,51517,262,191296,291.714285714286
"601",2021-09-18,139915,136,55,51572,191,191487,282.571428571429
"602",2021-09-19,140012,97,52,51624,149,191636,280.142857142857
"603",2021-09-20,140220,208,98,51722,306,191942,269.428571428571
"604",2021-09-21,140411,191,84,51806,275,192217,260.857142857143
"605",2021-09-22,140638,227,68,51874,295,192512,254.285714285714
"606",2021-09-23,140808,170,71,51945,241,192753,245.571428571429
"607",2021-09-24,140979,171,75,52020,246,192999,243.285714285714
"608",2021-09-25,141098,119,59,52079,178,193177,241.428571428571
"609",2021-09-26,141176,78,64,52143,142,193319,240.428571428571
"610",2021-09-27,141376,200,67,52210,267,193586,234.857142857143
"611",2021-09-28,141559,183,75,52285,258,193844,232.428571428571
"612",2021-09-29,141734,175,44,52329,219,194063,221.571428571429
"613",2021-09-30,141877,143,61,52390,204,194267,216.285714285714
"614",2021-10-01,142014,137,47,52437,184,194451,207.428571428571
"615",2021-10-02,142124,110,40,52477,150,194601,203.428571428571
"616",2021-10-03,142235,111,41,52518,152,194753,204.857142857143
"617",2021-10-04,142398,163,65,52583,228,194981,199.285714285714
"618",2021-10-05,142534,136,59,52642,195,195176,190.285714285714
"619",2021-10-06,142689,155,46,52688,201,195377,187.714285714286
"620",2021-10-07,142837,148,47,52735,195,195572,186.428571428571
"621",2021-10-08,142985,148,40,52775,188,195760,187
"622",2021-10-09,143075,90,28,52803,118,195878,182.428571428571
"623",2021-10-10,143166,91,32,52835,123,196001,178.285714285714
"624",2021-10-11,143329,163,41,52876,204,196205,174.857142857143
"625",2021-10-12,143520,191,47,52923,238,196443,181
"626",2021-10-13,143687,167,50,52973,217,196660,183.285714285714
"627",2021-10-14,143814,127,49,53022,176,196836,180.571428571429
"628",2021-10-15,143948,134,48,53070,182,197018,179.714285714286
"629",2021-10-16,144052,104,43,53113,147,197165,183.857142857143
"630",2021-10-17,144143,91,50,53163,141,197306,186.428571428571
"631",2021-10-18,144314,171,48,53211,219,197525,188.571428571429
"632",2021-10-19,144486,172,66,53277,238,197763,188.571428571429
"633",2021-10-20,144653,167,62,53339,229,197992,190.285714285714
"634",2021-10-21,144804,151,70,53409,221,198213,196.714285714286
"635",2021-10-22,144972,168,46,53455,214,198427,201.285714285714
"636",2021-10-23,145113,141,49,53504,190,198617,207.428571428571
"637",2021-10-24,145195,82,39,53543,121,198738,204.571428571429
"638",2021-10-25,145385,190,73,53616,263,199001,210.857142857143
"639",2021-10-26,145562,177,60,53676,237,199238,210.714285714286
"640",2021-10-27,145747,185,70,53746,255,199493,214.428571428571
"641",2021-10-28,145947,200,55,53801,255,199748,219.285714285714
"642",2021-10-29,146102,155,45,53846,200,199948,217.285714285714
"643",2021-10-30,146235,133,43,53889,176,200124,215.285714285714
"644",2021-10-31,146322,87,39,53928,126,200250,216
"645",2021-11-01,146523,201,57,53985,258,200508,215.285714285714
"646",2021-11-02,146722,199,62,54047,261,200769,218.714285714286
"647",2021-11-03,146922,200,72,54119,272,201041,221.142857142857
"648",2021-11-04,147100,178,62,54181,240,201281,219
"649",2021-11-05,147273,173,56,54237,229,201510,223.142857142857
"650",2021-11-06,147396,123,42,54279,165,201675,221.571428571429
"651",2021-11-07,147500,104,35,54314,139,201814,223.428571428571
"652",2021-11-08,147718,218,59,54373,277,202091,226.142857142857
"653",2021-11-09,147953,235,73,54446,308,202399,232.857142857143
"654",2021-11-10,148128,175,46,54492,221,202620,225.571428571429
"655",2021-11-11,148273,145,53,54545,198,202818,219.571428571429
"656",2021-11-12,148490,217,46,54591,263,203081,224.428571428571
"657",2021-11-13,148604,114,49,54640,163,203244,224.142857142857
"658",2021-11-14,148721,117,37,54677,154,203398,226.285714285714
"659",2021-11-15,148931,210,53,54730,263,203661,224.285714285714
"660",2021-11-16,149146,215,52,54782,267,203928,218.428571428571
"661",2021-11-17,149326,180,61,54843,241,204169,221.285714285714
"662",2021-11-18,149473,147,69,54912,216,204385,223.857142857143
"663",2021-11-19,149696,223,60,54972,283,204668,226.714285714286
"664",2021-11-20,149814,118,47,55019,165,204833,227
"665",2021-11-21,149905,91,34,55053,125,204958,222.857142857143
"666",2021-11-22,150117,212,52,55105,264,205222,223
"667",2021-11-23,150278,161,57,55162,218,205440,216
"668",2021-11-24,150455,177,51,55213,228,205668,214.142857142857
"669",2021-11-25,150480,25,31,55244,56,205724,191.285714285714
"670",2021-11-26,150633,153,49,55293,202,205926,179.714285714286
"671",2021-11-27,150773,140,61,55354,201,206127,184.857142857143
"672",2021-11-28,150929,156,57,55411,213,206340,197.428571428571
"673",2021-11-29,151246,317,94,55505,411,206751,218.428571428571
"674",2021-11-30,151539,293,99,55604,392,207143,243.285714285714
"675",2021-12-01,151808,269,104,55708,373,207516,264
"676",2021-12-02,152057,249,78,55786,327,207843,302.714285714286
"677",2021-12-03,152312,255,82,55868,337,208180,322
"678",2021-12-04,152475,163,62,55930,225,208405,325.428571428571
"679",2021-12-05,152621,146,51,55981,197,208602,323.142857142857
"680",2021-12-06,152914,293,93,56074,386,208988,319.571428571429
"681",2021-12-07,153140,226,74,56148,300,209288,306.428571428571
"682",2021-12-08,153333,193,90,56238,283,209571,293.571428571429
"683",2021-12-09,153514,181,68,56306,249,209820,282.428571428571
"684",2021-12-10,153708,194,86,56392,280,210100,274.285714285714
"685",2021-12-11,153872,164,57,56449,221,210321,273.714285714286
"686",2021-12-12,153999,127,76,56525,203,210524,274.571428571429
"687",2021-12-13,154204,205,115,56640,320,210844,265.142857142857
"688",2021-12-14,154434,230,159,56799,389,211233,277.857142857143
"689",2021-12-15,154708,274,162,56961,436,211669,299.714285714286
"690",2021-12-16,155006,298,138,57099,436,212105,326.428571428571
"691",2021-12-17,155310,304,197,57296,501,212606,358
"692",2021-12-18,155596,286,182,57478,468,213074,393.285714285714
"693",2021-12-19,155851,255,235,57713,490,213564,434.285714285714
"694",2021-12-20,156482,631,456,58169,1087,214651,543.857142857143
"695",2021-12-21,157218,736,539,58708,1275,215926,670.428571428571
"696",2021-12-22,158249,1031,611,59319,1642,217568,842.714285714286
"697",2021-12-23,159379,1130,677,59996,1807,219375,1038.57142857143
"698",2021-12-24,159984,605,561,60557,1166,220541,1133.57142857143
"699",2021-12-25,160175,191,435,60992,626,221167,1156.14285714286
"700",2021-12-26,161167,992,1036,62028,2028,223195,1375.85714285714
"701",2021-12-27,163792,2625,1402,63430,4027,227222,1795.85714285714
"702",2021-12-28,166971,3179,1521,64951,4700,231922,2285.14285714286
"703",2021-12-29,170335,3364,1491,66442,4855,236777,2744.14285714286
"704",2021-12-30,173537,3202,1593,68035,4795,241572,3171
"705",2021-12-31,175636,2099,1024,69059,3123,244695,3450.57142857143
"706",2022-01-01,176510,874,888,69947,1762,246457,3612.85714285714
"707",2022-01-02,178966,2456,1443,71390,3899,250356,3880.14285714286
"708",2022-01-03,184830,5864,2518,73908,8382,258738,4502.28571428571
"709",2022-01-04,191070,6240,2649,76557,8889,267627,5100.71428571429
"710",2022-01-05,197558,6488,2268,78825,8756,276383,5658
"711",2022-01-06,203650,6092,2138,80963,8230,284613,6148.71428571429
"712",2022-01-07,208738,5088,2419,83382,7507,292120,6775
"713",2022-01-08,211776,3038,1472,84854,4510,296630,7167.57142857143
"714",2022-01-09,214613,2837,1377,86231,4214,300844,7212.57142857143
"715",2022-01-10,220425,5812,2535,88766,8347,309191,7207.57142857143
"716",2022-01-11,226220,5795,2662,91428,8457,317648,7145.85714285714
"717",2022-01-12,231841,5621,2266,93694,7887,325535,7021.71428571429
"718",2022-01-13,236702,4861,2013,95707,6874,332409,6828
"719",2022-01-14,241175,4473,1746,97453,6219,338628,6644
"720",2022-01-15,243541,2366,1218,98671,3584,342212,6511.71428571429
"721",2022-01-16,245565,2024,958,99629,2982,345194,6335.71428571429
"722",2022-01-17,249294,3729,1494,101123,5223,350417,5889.42857142857
"723",2022-01-18,253971,4677,1919,103042,6596,357013,5623.57142857143
"724",2022-01-19,258224,4253,1485,104527,5738,362751,5316.57142857143
"725",2022-01-20,262288,4064,1360,105887,5424,368175,5109.42857142857
"726",2022-01-21,265705,3417,1175,107062,4592,372767,4877
"727",2022-01-22,267437,1732,664,107726,2396,375163,4707.28571428571
"728",2022-01-23,269065,1628,579,108305,2207,377370,4596.57142857143
"729",2022-01-24,272673,3608,1070,109375,4678,382048,4518.71428571429
"730",2022-01-25,275699,3026,954,110329,3980,386028,4145
"731",2022-01-26,278475,2776,816,111145,3592,389620,3838.42857142857
"732",2022-01-27,280857,2382,662,111807,3044,392664,3498.42857142857
"733",2022-01-28,283121,2264,593,112400,2857,395521,3250.57142857143
"734",2022-01-29,284389,1268,353,112753,1621,397142,3139.85714285714
"735",2022-01-30,285349,960,345,113098,1305,398447,3011
"736",2022-01-31,287523,2174,570,113668,2744,401191,2734.71428571429
"737",2022-02-01,289176,1653,511,114179,2164,403355,2475.28571428571
"738",2022-02-02,290812,1636,475,114654,2111,405466,2263.71428571429
"739",2022-02-03,292054,1242,374,115028,1616,407082,2059.71428571429
"740",2022-02-04,293236,1182,353,115381,1535,408617,1870.85714285714
"741",2022-02-05,293848,612,236,115617,848,409465,1760.42857142857
"742",2022-02-06,294443,595,193,115810,788,410253,1686.57142857143
"743",2022-02-07,295610,1167,347,116157,1514,411767,1510.85714285714
"744",2022-02-08,296564,954,285,116442,1239,413006,1378.71428571429
"745",2022-02-09,297507,943,212,116654,1155,414161,1242.14285714286
"746",2022-02-10,298263,756,192,116846,948,415109,1146.71428571429
"747",2022-02-11,298947,684,188,117034,872,415981,1052
"748",2022-02-12,299401,454,121,117155,575,416556,1013
"749",2022-02-13,299730,329,93,117248,422,416978,960.714285714286
"750",2022-02-14,300371,641,215,117463,856,417834,866.714285714286
"751",2022-02-15,300899,528,174,117637,702,418536,790
"752",2022-02-16,301412,513,137,117774,650,419186,717.857142857143
"753",2022-02-17,301786,374,120,117894,494,419680,653
"754",2022-02-18,302154,368,90,117984,458,420138,593.857142857143
"755",2022-02-19,302388,234,59,118043,293,420431,553.571428571429
"756",2022-02-20,302569,181,41,118084,222,420653,525
"757",2022-02-21,302839,270,71,118155,341,420994,451.428571428571
"758",2022-02-22,303199,360,81,118236,441,421435,414.142857142857
"759",2022-02-23,303462,263,78,118314,341,421776,370
"760",2022-02-24,303717,255,76,118390,331,422107,346.714285714286
"761",2022-02-25,303980,263,69,118459,332,422439,328.714285714286
"762",2022-02-26,304146,166,38,118497,204,422643,316
"763",2022-02-27,304275,129,12,118509,141,422784,304.428571428571
"764",2022-02-28,304563,288,0,118509,288,423072,296.857142857143
"765",2022-03-01,304803,240,0,118509,240,423312,268.142857142857
"766",2022-03-02,304986,183,0,118509,183,423495,245.571428571429
"767",2022-03-03,305008,22,0,118509,22,423517,201.428571428571
