"","collection_date","pos_scc","neg_scc","total_scc","pos_smc","neg_smc","inconclusive_smc","total_smc","perc_pos_smc","perc_pos_scc","pos","neg","total","perc_pos","perc_pos_mov7","perc_pos_scc_mov7","perc_pos_smc_mov7"
"1",2020-01-23,0,1,1,0,0,0,0,NA,0,0,1,1,0,0,0,NA
"2",2020-01-26,0,3,3,0,0,0,0,NA,0,0,3,3,0,0,0,NA
"3",2020-01-27,1,0,1,0,0,0,0,NA,1,1,0,1,1,0.333333333333333,0.333333333333333,NA
"4",2020-01-28,0,3,3,0,0,0,0,NA,0,0,3,3,0,0.25,0.25,NA
"5",2020-02-01,0,1,1,0,0,0,0,NA,0,0,1,1,0,0.2,0.2,NA
"6",2020-02-02,0,2,2,0,0,0,0,NA,0,0,2,2,0,0.166666666666667,0.166666666666667,NA
"7",2020-02-03,0,1,1,0,0,0,0,NA,0,0,1,1,0,0.142857142857143,0.142857142857143,NA
"8",2020-02-05,0,1,1,0,0,0,0,NA,0,0,1,1,0,0.142857142857143,0.142857142857143,NA
"9",2020-02-06,0,1,1,0,0,0,0,NA,0,0,1,1,0,0.142857142857143,0.142857142857143,NA
"10",2020-02-09,0,1,1,0,0,0,0,NA,0,0,1,1,0,0,0,NA
"11",2020-02-16,0,2,2,0,0,0,0,NA,0,0,2,2,0,0,0,NA
"12",2020-02-19,0,1,1,0,0,0,0,NA,0,0,1,1,0,0,0,NA
"13",2020-02-20,0,1,1,0,0,0,0,NA,0,0,1,1,0,0,0,NA
"14",2020-02-21,0,1,1,0,1,0,1,0,0,0,2,2,0,0,0,NA
"15",2020-02-22,0,1,1,0,0,0,0,NA,0,0,1,1,0,0,0,NA
"16",2020-02-23,0,1,1,0,3,0,3,0,0,0,4,4,0,0,0,NA
"17",2020-02-26,1,1,2,0,0,0,0,NA,0.5,1,1,2,0.5,0.0714285714285714,0.0714285714285714,NA
"18",2020-02-28,1,1,2,1,4,0,5,0.2,0.5,2,5,7,0.285714285714286,0.112244897959184,0.142857142857143,NA
"19",2020-02-29,3,0,3,0,1,0,1,0,1,3,1,4,0.75,0.219387755102041,0.285714285714286,NA
"20",2020-03-01,0,0,0,0,0,0,0,NA,NA,0,0,0,NA,NA,NA,NA
"21",2020-03-02,3,0,3,0,4,0,4,0,1,3,4,7,0.428571428571429,NA,NA,NA
"22",2020-03-03,1,2,3,0,0,0,0,NA,0.333333333333333,1,2,3,0.333333333333333,NA,NA,NA
"23",2020-03-04,3,2,5,4,8,0,12,0.333333333333333,0.6,7,10,17,0.411764705882353,NA,NA,NA
"24",2020-03-05,5,5,10,2,5,0,7,0.285714285714286,0.5,7,10,17,0.411764705882353,NA,NA,NA
"25",2020-03-06,8,3,11,1,10,0,11,0.0909090909090909,0.727272727272727,9,13,22,0.409090909090909,NA,NA,NA
"26",2020-03-07,9,0,9,5,7,0,12,0.416666666666667,1,14,7,21,0.666666666666667,NA,NA,NA
"27",2020-03-08,4,6,10,9,4,0,13,0.692307692307692,0.4,13,10,23,0.565217391304348,0.460915591533056,0.651515151515151,NA
"28",2020-03-09,17,28,45,9,24,0,33,0.272727272727273,0.377777777777778,26,52,78,0.333333333333333,0.447310149356185,0.562626262626263,NA
"29",2020-03-10,15,57,72,4,27,0,31,0.129032258064516,0.208333333333333,19,84,103,0.184466019417476,0.426043390225348,0.54476911976912,0.317241514246123
"30",2020-03-11,24,101,125,8,53,0,61,0.131147540983607,0.192,32,154,186,0.172043010752688,0.391797433778253,0.486483405483406,0.288357829624733
"31",2020-03-12,21,240,261,17,74,0,91,0.186813186813187,0.0804597701149425,38,314,352,0.107954545454545,0.348395982288567,0.426549086928397,0.27422910121029
"32",2020-03-13,49,387,436,22,108,0,130,0.169230769230769,0.112385321100917,71,495,566,0.125441696113074,0.307874666148876,0.338708028903853,0.285417912399102
"33",2020-03-14,42,179,221,24,52,0,76,0.315789473684211,0.190045248868778,66,231,297,0.222222222222222,0.244382602656812,0.223000207313678,0.271006884830179
"34",2020-03-15,27,209,236,13,149,0,162,0.0802469135802469,0.114406779661017,40,358,398,0.100502512562814,0.177994762836593,0.182201175836681,0.183569630726259
"35",2020-03-16,27,413,440,21,189,0,210,0.1,0.0613636363636364,48,602,650,0.0738461538461539,0.140925165766996,0.136999155634661,0.158894306050934
"36",2020-03-17,36,329,365,18,231,0,249,0.072289156626506,0.0986301369863014,54,560,614,0.0879478827361563,0.127136860526808,0.121327270442228,0.150788148702647
"37",2020-03-18,40,452,492,27,167,0,194,0.139175257731959,0.0813008130081301,67,619,686,0.097667638483965,0.116511807345562,0.10551310087196,0.151934965380983
"38",2020-03-19,31,346,377,18,140,0,158,0.113924050632911,0.0822281167108753,49,486,535,0.091588785046729,0.114173841573016,0.105765721814237,0.141522231640943
"39",2020-03-20,38,328,366,29,125,0,154,0.188311688311688,0.103825136612022,67,453,520,0.128846153846154,0.114660192677742,0.104542838315823,0.144248077223932
"40",2020-03-21,29,237,266,18,154,0,172,0.104651162790698,0.109022556390977,47,391,438,0.107305936073059,0.0982435803707188,0.0929681679618513,0.114085461382001
"41",2020-03-22,37,350,387,26,139,0,165,0.157575757575758,0.0956072351421189,63,489,552,0.114130434782609,0.100190426402118,0.0902825187448659,0.125132439095646
"42",2020-03-23,73,820,893,52,400,0,452,0.115044247787611,0.0817469204927212,125,1220,1345,0.0929368029739777,0.102917661991807,0.0931944164775923,0.127281617351019
"43",2020-03-24,73,731,804,46,324,0,370,0.124324324324324,0.0907960199004975,119,1055,1174,0.101362862010221,0.104834087602388,0.092075256893906,0.134715212736421
"44",2020-03-25,72,615,687,43,275,0,318,0.135220125786164,0.104803493449782,115,890,1005,0.114427860696517,0.107228405061324,0.0954327826712848,0.134150193887022
"45",2020-03-26,73,582,655,46,290,1,337,0.136498516320475,0.111450381679389,119,872,992,0.119959677419355,0.111281389685985,0.0996073919525011,0.137375117556674
"46",2020-03-27,64,706,770,45,276,0,321,0.14018691588785,0.0831168831168831,109,982,1091,0.0999083409715857,0.107147416418189,0.0966490700246242,0.130500150067554
"47",2020-03-28,41,380,421,29,159,0,188,0.154255319148936,0.0973871733966746,70,539,609,0.114942528735632,0.108238358227128,0.0949868724540095,0.137586458118731
"48",2020-03-29,24,231,255,19,103,0,122,0.155737704918033,0.0941176470588235,43,334,377,0.114058355437666,0.108228061177851,0.0947740741563958,0.137323879167628
"49",2020-03-30,79,697,776,42,271,0,313,0.134185303514377,0.10180412371134,121,968,1089,0.111111111111111,0.110824390911727,0.0976393889019128,0.140058315700023
"50",2020-03-31,59,611,670,37,222,3,262,0.141221374045802,0.0880597014925373,96,833,932,0.103004291845494,0.111058880888194,0.0972484862722042,0.142472179945948
"51",2020-04-01,54,554,608,37,272,1,310,0.119354838709677,0.0888157894736842,91,826,918,0.0991285403050109,0.108873263689408,0.0949645285613332,0.140205710363593
"52",2020-04-02,60,519,579,32,255,0,287,0.111498257839721,0.103626943005181,92,774,866,0.106235565819861,0.106912676318052,0.0938468944650178,0.136634244866342
"53",2020-04-03,49,537,586,24,241,0,265,0.0905660377358491,0.083617747440273,73,778,851,0.0857814336075206,0.104894546694614,0.0939184465112163,0.129545547987485
"54",2020-04-04,35,256,291,21,135,1,157,0.133757961783439,0.120274914089347,56,391,448,0.125,0.106331328303809,0.0971881237530267,0.126617354078128
"55",2020-04-05,42,207,249,6,95,1,102,0.0588235294117647,0.168674698795181,48,302,351,0.136752136752137,0.109573297063019,0.107839131143935,0.112772471862947
"56",2020-04-06,56,645,701,43,281,1,325,0.132307692307692,0.079885877318117,99,926,1026,0.0964912280701754,0.107484742342886,0.10470795308776,0.112504241690564
"57",2020-04-07,38,636,674,31,282,0,313,0.0990415335463259,0.056379821958457,69,918,987,0.0699088145896656,0.102756817020624,0.100182256011463,0.106478550190638
"58",2020-04-08,75,606,681,16,323,1,340,0.0470588235294118,0.110132158590308,91,929,1021,0.089128305582762,0.101328212060303,0.103227451599552,0.0961505480220291
"59",2020-04-09,71,637,708,22,262,0,284,0.0774647887323944,0.100282485875706,93,899,992,0.09375,0.0995445598003229,0.102749672009627,0.0912886238638396
"60",2020-04-10,86,694,780,26,310,0,336,0.0773809523809524,0.11025641025641,112,1004,1116,0.100358422939068,0.101626986847687,0.106555195269075,0.0894050402417114
"61",2020-04-11,50,282,332,19,161,0,180,0.105555555555556,0.150602409638554,69,443,512,0.134765625,0.103022076133401,0.110887694633248,0.0853761250662996
"62",2020-04-12,24,240,264,12,121,0,133,0.0902255639097744,0.0909090909090909,36,361,397,0.0906801007556675,0.0964403567053341,0.099778322078092,0.0898621299945867
"63",2020-04-13,47,615,662,20,302,0,322,0.062111801242236,0.0709969788519638,67,917,984,0.0680894308943089,0.0923829571087817,0.0985084794400701,0.0798341455566644
"64",2020-04-14,49,631,680,43,338,0,381,0.112860892388451,0.0720588235294118,92,969,1061,0.0867106503298775,0.0947832193573834,0.100748336807349,0.081808339676968
"65",2020-04-15,37,540,577,32,280,0,312,0.102564102564103,0.0641247833622184,69,820,889,0.077615298087739,0.0931385040009516,0.0941758546319079,0.0897376652533525
"66",2020-04-16,41,596,637,68,330,0,398,0.170854271356784,0.0643642072213501,109,926,1035,0.105314009661836,0.0947905053812138,0.0890446719669999,0.10307901991398
"67",2020-04-17,50,559,609,38,342,0,380,0.1,0.0821018062397373,88,901,989,0.0889787664307381,0.0931648401657381,0.0850225856789038,0.106310312430986
"68",2020-04-18,21,346,367,21,143,0,164,0.128048780487805,0.0572207084468665,42,489,531,0.0790960451977401,0.0852120430511296,0.0716823426515198,0.10952363027845
"69",2020-04-19,21,212,233,20,132,0,152,0.131578947368421,0.0901287553648069,41,344,385,0.106493506493506,0.087471101013678,0.0715708661451935,0.115431256486829
"70",2020-04-20,35,938,973,44,507,0,551,0.0798548094373866,0.0359712230215827,79,1445,1524,0.0518372703412074,0.0851493637918063,0.0665671867408534,0.117965971943279
"71",2020-04-21,41,1065,1106,32,640,1,673,0.0475482912332838,0.0370705244122966,73,1705,1779,0.0410342889263631,0.07862416930559,0.0615688582955512,0.108635600349683
"72",2020-04-22,66,1332,1398,40,677,0,717,0.0557880055788006,0.0472103004291846,106,2009,2115,0.0501182033096927,0.0746960129087262,0.0591525035908321,0.101953300780354
"73",2020-04-23,23,1205,1228,38,719,0,757,0.0501981505944518,0.0187296416938111,61,1924,1985,0.0307304785894207,0.0640412227555241,0.0526332799440408,0.0847167121000213
"74",2020-04-24,42,1444,1486,49,707,1,757,0.0647291941875826,0.0282637954239569,91,2151,2243,0.0405706642888988,0.0571257795924042,0.0449421355417865,0.0796780255553902
"75",2020-04-25,37,683,720,20,304,0,324,0.0617283950617284,0.0513888888888889,57,987,1044,0.0545977011494253,0.0536260161569306,0.0441090184620754,0.0702036847802364
"76",2020-04-26,21,491,512,14,214,0,228,0.0614035087719298,0.041015625,35,705,740,0.0472972972972973,0.0451694148431865,0.0370928569813887,0.0601786221235948
"77",2020-04-27,48,1259,1307,41,698,1,740,0.0554054054054054,0.03672532517215,89,1957,2047,0.0434782608695652,0.0439752706329519,0.0372005858600411,0.0566858501190261
"78",2020-04-28,54,1447,1501,35,688,0,723,0.0484094052558783,0.0359760159893404,89,2135,2224,0.0400179856115108,0.0438300844451158,0.0370442275139045,0.0568088664079681
"79",2020-04-29,57,2185,2242,48,595,1,644,0.0745341614906832,0.0254237288135593,105,2780,2886,0.0363825363825364,0.0418678463126649,0.0339318601402438,0.0594868886810942
"80",2020-04-30,26,1332,1358,43,619,0,662,0.0649546827794562,0.0191458026509573,69,1951,2020,0.0341584158415842,0.0423575516344026,0.0339913117055504,0.0615949647075234
"81",2020-05-01,36,1862,1898,40,561,3,604,0.0662251655629139,0.0189673340358272,76,2423,2502,0.0303756994404476,0.0409011280846238,0.0326632457929604,0.0618086749039993
"82",2020-05-02,17,666,683,13,306,1,320,0.040625,0.0248901903367496,30,972,1003,0.0299102691924227,0.0373743520907663,0.0288777174283691,0.0587939041808953
"83",2020-05-03,12,716,728,13,235,0,248,0.0524193548387097,0.0164835164835165,25,951,976,0.0256147540983607,0.0342768459194897,0.0253731304974429,0.0575104536190067
"84",2020-05-04,49,1634,1683,55,569,1,625,0.088,0.0291146761734997,104,2203,2308,0.0450606585788562,0.0345029027351026,0.0242858949262072,0.0621668242753773
"85",2020-05-05,35,1548,1583,35,764,0,799,0.0438047559449312,0.0221099178774479,70,2312,2382,0.0293870696893367,0.0329842004605063,0.0223050237673654,0.0615090172309563
"86",2020-05-06,48,1839,1887,51,774,6,831,0.0613718411552347,0.0254372019077901,99,2613,2718,0.0364238410596026,0.0329901011286587,0.0223069484951126,0.0596286857544637
"87",2020-05-07,34,1999,2033,46,864,1,911,0.0504939626783754,0.0167240531234629,80,2863,2944,0.0271739130434783,0.0319923150146435,0.0219609842768991,0.0575628685971664
"88",2020-05-08,37,1993,2030,30,1139,0,1169,0.0256629597946963,0.0182266009852217,67,3132,3199,0.0209440450140669,0.0306449358108749,0.0218551652696698,0.0517682677731353
"89",2020-05-09,30,642,672,16,349,0,365,0.0438356164383562,0.0446428571428571,46,991,1037,0.0443587270973963,0.0327090012258711,0.0246769748133994,0.0522269272643291
"90",2020-05-10,4,425,429,16,251,0,267,0.0599250936329588,0.00932400932400932,20,676,696,0.028735632183908,0.0331548409523779,0.023654188076327,0.0532991756635075
"91",2020-05-11,37,2033,2070,49,845,1,895,0.0547486033519553,0.0178743961352657,86,2878,2965,0.0290050590219224,0.0308611838728159,0.0220484337851507,0.0485489761423583
"92",2020-05-12,28,1731,1759,38,879,2,919,0.0413492927094668,0.0159181353041501,66,2610,2678,0.0246452576549664,0.0301837821536201,0.0211638934175367,0.0481981956801491
"93",2020-05-13,37,1983,2020,36,766,1,803,0.0448318804483188,0.0183168316831683,73,2749,2823,0.0258590152320227,0.0286745213211087,0.0201466976711622,0.0458353441505897
"94",2020-05-14,27,1681,1708,49,979,1,1029,0.0476190476190476,0.015807962529274,76,2660,2737,0.0277676287906467,0.0287593378564185,0.020015827586278,0.0454246419992571
"95",2020-05-15,26,1847,1873,57,1233,0,1290,0.0441860465116279,0.0138814735718099,83,3080,3163,0.0262409105279798,0.0295160329298346,0.0193950950986478,0.0480707972445331
"96",2020-05-16,20,630,650,11,332,0,343,0.032069970845481,0.0307692307692308,31,962,993,0.0312185297079557,0.0276388618742002,0.017413148473844,0.0463899907312652
"97",2020-05-17,9,573,582,26,230,0,256,0.1015625,0.0154639175257732,35,803,838,0.0417661097852029,0.0295003586743852,0.0182902782169531,0.0523381916408425
"98",2020-05-18,48,2379,2427,55,1549,0,1604,0.0342892768079801,0.0197775030902349,103,3928,4031,0.0255519722153312,0.0290070605591579,0.0185621506390916,0.0494154307059889
"99",2020-05-19,53,2660,2713,66,1381,0,1447,0.045611610228058,0.0195355694802801,119,4041,4160,0.0286057692307692,0.0295728479271297,0.0190789269499673,0.0500243332086448
"100",2020-05-20,46,2663,2709,64,1100,1,1165,0.0549356223175966,0.0169804355850867,110,3763,3874,0.0283944243675787,0.0299350492322092,0.0188880132216699,0.0514677249042559
"101",2020-05-21,26,2942,2968,113,1323,1,1437,0.0786360473208072,0.00876010781671159,139,4265,4405,0.0315550510783201,0.0304761095590197,0.017881176834161,0.0558987248616501
"102",2020-05-22,35,3174,3209,62,1404,0,1466,0.0422919508867667,0.0109068245559364,97,4578,4675,0.0207486631016043,0.0296915027838232,0.0174562269747505,0.0556281397723842
"103",2020-05-23,17,1176,1193,24,637,0,661,0.0363086232980333,0.0142497904442582,41,1813,1854,0.0221143473570658,0.0283909053051246,0.0150963069283259,0.0562336615513203
"104",2020-05-24,3,647,650,27,404,0,431,0.0626450116009281,0.00461538461538462,30,1051,1081,0.0277520814061055,0.0263889012509678,0.0135465165125561,0.0506740203514529
"105",2020-05-25,14,1073,1087,21,349,0,370,0.0567567567567568,0.0128794848206072,35,1422,1457,0.0240219629375429,0.0261703284969981,0.0125610853311807,0.0538836603441352
"106",2020-05-26,42,3276,3318,61,1479,1,1541,0.0395846852693056,0.0126582278481013,103,4755,4859,0.0211977773204363,0.0251120439383791,0.0115786079551551,0.0530226710643135
"107",2020-05-27,54,3866,3920,48,1403,1,1452,0.0330578512396694,0.0137755102040816,102,5269,5372,0.0189873417721519,0.0237681749961752,0.0111207614721544,0.0498972751960382
"108",2020-05-28,32,3124,3156,56,1350,0,1406,0.0398293029871977,0.0101394169835234,88,4474,4562,0.0192897851819377,0.0220159941538349,0.0113178056388418,0.0443534545769511
"109",2020-05-29,53,3656,3709,50,1392,3,1445,0.0346020761245675,0.0142895659207334,103,5048,5154,0.0199844780752813,0.0219068248643602,0.0118010544052414,0.0432549010394941
"110",2020-05-30,18,1406,1424,26,853,1,880,0.0295454545454545,0.0126404494382022,44,2259,2304,0.0190972222222222,0.021475806987954,0.0115711485472334,0.0422887340748399
"111",2020-05-31,14,861,875,18,551,0,569,0.031634446397188,0.016,32,1412,1444,0.0221606648199446,0.020677033189931,0.013197522173607,0.0378586533314485
"112",2020-06-01,37,2808,2845,60,1875,0,1935,0.0310077519379845,0.0130052724077329,97,4683,4780,0.0202928870292887,0.0201443080601804,0.0132154918289107,0.0341802240716239
"113",2020-06-02,34,3165,3199,65,1488,0,1553,0.0418544752092724,0.010628321350422,99,4653,4752,0.0208333333333333,0.0200922446334514,0.0129255051863851,0.0345044797773334
"114",2020-06-03,55,2601,2656,52,1232,0,1284,0.0404984423676012,0.0207078313253012,107,3833,3940,0.0271573604060914,0.0212593901525856,0.0139158367751307,0.035567421367038
"115",2020-06-04,43,3250,3293,50,1278,1,1329,0.0376222723852521,0.0130580018220468,93,4528,4622,0.020121159671138,0.0213781579367571,0.0143327774663483,0.0352521312810457
"116",2020-06-05,41,2995,3036,41,1738,0,1779,0.0230466554243957,0.0135046113306983,82,4733,4815,0.0170301142263759,0.020956105958342,0.0142206410963433,0.0336013568953069
"117",2020-06-06,16,1625,1641,25,967,0,992,0.0252016129032258,0.00975015234613041,41,2592,2633,0.015571591340676,0.0204524444038354,0.0138077415117616,0.0329808080892742
"118",2020-06-07,21,1080,1101,18,521,0,539,0.0333951762523191,0.0190735694822888,39,1601,1640,0.023780487804878,0.0206838476873973,0.0142468228663743,0.0332323409257215
"119",2020-06-08,48,3215,3263,43,1636,0,1679,0.0256104824300179,0.0147103892123812,91,4851,4942,0.018413597733711,0.0204153777880291,0.0144904109813241,0.0324613024245835
"120",2020-06-09,48,3749,3797,51,1657,0,1708,0.0298594847775176,0.0126415591256255,99,5406,5505,0.017983651226158,0.0200082803441469,0.0147780163777817,0.0307477323629042
"121",2020-06-10,72,4035,4107,38,1580,0,1618,0.0234857849196539,0.0175310445580716,110,5615,5725,0.0192139737991266,0.0188735108288662,0.0143241896967489,0.0283173527274832
"122",2020-06-11,55,4225,4280,48,1971,1,2020,0.0237623762376238,0.0128504672897196,103,6196,6300,0.0163492063492063,0.0183346603543046,0.0142945419064165,0.0263373675635363
"123",2020-06-12,71,4545,4616,46,1579,2,1627,0.0282728948985864,0.0153812824956672,117,6124,6243,0.0187409899086977,0.0185790711660648,0.0145626377871263,0.0270839732027064
"124",2020-06-13,23,1614,1637,32,992,0,1024,0.03125,0.0140500916310324,55,2606,2661,0.0206689214580985,0.0193072611828395,0.0151769148278266,0.0279480285022455
"125",2020-06-14,14,1276,1290,15,560,0,575,0.0260869565217391,0.0108527131782946,29,1836,1865,0.0155495978552279,0.0181314197614609,0.0140025067843989,0.0269039971121627
"126",2020-06-15,68,3679,3747,52,2163,3,2218,0.0234445446348061,0.018147851614625,120,5842,5965,0.0201173512154233,0.0183748131159912,0.0144935728418623,0.0265945774271324
"127",2020-06-16,98,5837,5935,63,1866,1,1930,0.0326424870466321,0.0165122156697557,161,7703,7865,0.0204704386522568,0.0187300684625767,0.015046523776738,0.0269921491798631
"128",2020-06-17,100,5807,5907,71,1795,0,1866,0.0380493033226152,0.0169290672083968,171,7602,7773,0.0219992280972597,0.0191279619337386,0.0149605270124988,0.0290726518088575
"129",2020-06-18,110,6052,6162,81,1808,1,1890,0.0428571428571429,0.017851346965271,191,7860,8052,0.0237208147044213,0.0201810488416265,0.0156749383947204,0.031800475611646
"130",2020-06-19,113,5314,5427,58,2035,3,2096,0.0276717557251908,0.0208218168417173,171,7349,7523,0.0227302937657849,0.0207509493926389,0.0164521575870133,0.0317145985868752
"131",2020-06-20,56,2345,2401,31,648,0,679,0.0456553755522828,0.0233236151603499,87,2993,3080,0.0282467532467532,0.0218334967910182,0.01777694666263,0.0337725093800584
"132",2020-06-21,42,1000,1042,34,514,0,548,0.062043795620438,0.0403071017274472,76,1514,1590,0.0477987421383648,0.0264405174028949,0.0219847164553661,0.0389092006798726
"133",2020-06-22,111,4344,4455,56,2295,1,2352,0.0238095238095238,0.0249158249158249,167,6639,6807,0.0245335683854855,0.0270714055700466,0.022951569784109,0.0389613405619751
"134",2020-06-23,192,6732,6924,103,2053,2,2158,0.0477293790546803,0.0277296360485269,295,8785,9082,0.0324818321955516,0.0287873189333744,0.0245540584096477,0.0411166108488391
"135",2020-06-24,163,6401,6564,70,1967,1,2038,0.0343473994111874,0.0248324192565509,233,8368,8602,0.0270867240176703,0.0295141040648617,0.0256831087022412,0.0405877674329209
"136",2020-06-25,140,7777,7917,128,2176,2,2306,0.0555073720728534,0.017683465959328,268,9953,10223,0.0262153966546024,0.0298704729148875,0.0256591257013922,0.0423949430351652
"137",2020-06-26,149,7615,7764,100,2512,4,2616,0.0382262996941896,0.0191911385883565,249,10127,10380,0.0239884393063584,0.0300502079921123,0.0254261716651978,0.0439027350307365
"138",2020-06-27,122,3480,3602,43,872,0,915,0.0469945355191257,0.033870072182121,165,4352,4517,0.0365286694708878,0.0312333388812744,0.0269328083825936,0.0440940435974283
"139",2020-06-28,76,1583,1659,46,902,0,948,0.0485232067510548,0.0458107293550332,122,2485,2607,0.0467970847717683,0.0310902449717606,0.0277190409008202,0.0421625309018021
"140",2020-06-29,139,5804,5943,80,3008,2,3090,0.0258899676375405,0.0233888608446912,219,8812,9033,0.0242444370640983,0.0310489404972767,0.0275009031763725,0.0424597371629474
"141",2020-06-30,217,7943,8160,93,2595,6,2694,0.0345211581291759,0.026593137254902,310,10538,10854,0.0285608992076654,0.030488807213293,0.0273385462058547,0.0405728484593039
"142",2020-07-01,208,7882,8090,86,2911,6,3003,0.0286380286380286,0.0257107540173053,294,10793,11093,0.0265032002163527,0.0304054466702476,0.0274640226002482,0.0397572240631384
"143",2020-07-02,208,7329,7537,92,2447,1,2540,0.0362204724409449,0.0275971872097652,300,9776,10077,0.0297707651086633,0.0309133564493992,0.0288802684931678,0.0370019526871514
"144",2020-07-03,94,3030,3124,69,1620,2,1691,0.0408042578356002,0.030089628681178,163,4650,4815,0.033852544132918,0.0323225142817648,0.0304371956492851,0.0373702324216387
"145",2020-07-04,50,1151,1201,37,660,0,697,0.0530846484935438,0.0416319733555371,87,1811,1898,0.0458377239199157,0.0336523792030545,0.0315460386740588,0.0382402485608412
"146",2020-07-05,106,1863,1969,56,741,0,797,0.0702634880803011,0.0538344337227019,162,2604,2766,0.0585683297180043,0.0353339856239454,0.0326922821551544,0.0413460030364479
"147",2020-07-06,258,6763,7021,74,2953,1,3028,0.0244385733157199,0.0367469021506908,332,9716,10049,0.033038113245099,0.036590225078374,0.0346005737702972,0.0411386609904735
"148",2020-07-07,301,8429,8730,96,2697,1,2794,0.0343593414459556,0.0344788087056128,397,11126,11524,0.0344498438042346,0.0374315028778839,0.0357270982632559,0.041115544321442
"149",2020-07-08,313,8055,8368,134,3047,2,3183,0.0420986490732014,0.0374043977055449,447,11102,11551,0.0386979482295905,0.0391736097369179,0.0373976187901472,0.0430384900978953
"150",2020-07-09,303,8298,8601,127,2805,0,2932,0.0433151432469304,0.0352284618067667,430,11103,11533,0.0372843145755658,0.0402469739464754,0.0384878008754332,0.0440520144987503
"151",2020-07-10,268,8145,8413,140,2492,1,2633,0.0531712875047474,0.0318554617853322,408,10637,11046,0.0369364475828354,0.0406875315821779,0.0387400627474552,0.0458187330229142
"152",2020-07-11,197,3641,3838,80,1202,0,1282,0.062402496099844,0.0513288170922355,277,4843,5120,0.0541015625,0.0418680799507614,0.0401253261384121,0.0471498541095285
"153",2020-07-12,131,2225,2356,60,917,0,977,0.0614124872057318,0.0556027164685908,191,3142,3333,0.0573057305730573,0.0416877086443404,0.0403779379592534,0.0458854254131615
"154",2020-07-13,232,7048,7280,125,3181,5,3311,0.0377529447296889,0.0318681318681319,357,10229,10591,0.0337078651685393,0.0417833874905461,0.0396809707760307,0.0477874784722999
"155",2020-07-14,369,8989,9358,158,2639,6,2803,0.0563681769532644,0.0394315024577901,527,11628,12161,0.0433352520351945,0.0430527315235404,0.0403884984549132,0.0509315978304869
"156",2020-07-15,396,9493,9889,136,2979,3,3118,0.0436177036561899,0.0400444938820912,532,12472,13007,0.0409010532790036,0.0433674608163137,0.0407656550515626,0.0511486056280567
"157",2020-07-16,350,7958,8308,153,3011,1,3165,0.0483412322274882,0.0421280693307655,503,10969,11473,0.0438420639762922,0.0443042821592746,0.0417513132692768,0.0518666183395649
"158",2020-07-17,312,7828,8140,136,2361,3,2500,0.0544,0.0383292383292383,448,10189,10640,0.0421052631578947,0.0450426843842831,0.0426761384898348,0.0520421486960296
"159",2020-07-18,174,3602,3776,93,1276,3,1372,0.0677842565597668,0.0460805084745763,267,4878,5148,0.0518648018648019,0.0447231471506834,0.0419263801158835,0.0528109716188757
"160",2020-07-19,92,1658,1750,65,890,2,957,0.0679205851619645,0.0525714285714286,157,2548,2707,0.0579977835241965,0.044822011857989,0.0414933389877174,0.0537406998983375
"161",2020-07-20,224,5853,6077,138,2489,1,2628,0.0525114155251142,0.0368602929076847,362,8342,8705,0.0415852958070075,0.0459473590920558,0.0422065048505107,0.0558490528691126
"162",2020-07-21,296,7264,7560,131,2316,0,2447,0.0535349407437679,0.0391534391534392,427,9580,10007,0.0426701309083641,0.0458523417882229,0.0421667815213177,0.0554443048391845
"163",2020-07-22,274,7766,8040,121,2184,3,2308,0.0524263431542461,0.0340796019900498,395,9950,10348,0.0381716273676073,0.0454624238008806,0.0413146541081689,0.0567026819103354
"164",2020-07-23,287,6439,6726,114,2325,1,2440,0.0467213114754098,0.0426702349093072,401,8764,9166,0.0437486362644556,0.0454490769849039,0.0413921063336748,0.0564712646600385
"165",2020-07-24,228,5757,5985,125,1926,0,2051,0.060945880058508,0.0380952380952381,353,7683,8036,0.0439273270283723,0.0457093718235436,0.0413586777288177,0.0574063903826825
"166",2020-07-25,107,2629,2736,77,951,1,1029,0.0748299319727891,0.0391081871345029,184,3580,3765,0.048871181938911,0.0452817118341306,0.0403626318230929,0.0584129154416857
"167",2020-07-26,89,2026,2115,58,827,0,885,0.0655367231638418,0.042080378250591,147,2853,3000,0.049,0.0439963141878168,0.0388639103486875,0.0580723637276681
"168",2020-07-27,202,5890,6092,143,2598,2,2743,0.0521327014218009,0.0331582403151674,345,8488,8835,0.0390492359932088,0.0436340199287027,0.0383350456926137,0.0580182617129091
"169",2020-07-28,318,8575,8893,137,2554,6,2697,0.0507971820541342,0.0357584617114585,455,11129,11590,0.0392579810181191,0.043146569944382,0.0378500489151878,0.0576271533286757
"170",2020-07-29,306,7740,8046,110,2994,6,3110,0.0353697749196141,0.0380313199105145,416,10734,11156,0.0372893510218716,0.0430205304664198,0.0384145800466828,0.0551905007237283
"171",2020-07-30,272,7547,7819,128,2526,3,2657,0.0481746330447874,0.0347870571684359,400,10073,10476,0.0381825124093165,0.0422253699156856,0.0372884117979869,0.0553981180907822
"172",2020-07-31,286,7450,7736,139,2675,5,2819,0.04930826534232,0.0369700103412616,425,10125,10555,0.0402652771198484,0.0417022199287536,0.0371276649759903,0.0537356017027554
"173",2020-08-01,191,3792,3983,69,1236,0,1305,0.0528735632183908,0.0479538036655787,260,5028,5288,0.0491679273827534,0.0417446121350168,0.0383913244804297,0.0505989775949842
"174",2020-08-02,94,2312,2406,34,845,0,879,0.0386803185437998,0.0390689941812136,128,3157,3285,0.0389649923896499,0.0403110396192525,0.0379611267562329,0.0467623483635496
"175",2020-08-03,188,6198,6386,133,2462,4,2599,0.0511735282801077,0.0294393986846226,321,8660,8985,0.0357262103505843,0.0398363216703062,0.0374298636661551,0.046625323629022
"176",2020-08-04,295,7638,7933,98,2302,4,2404,0.040765391014975,0.037186436404891,393,9940,10337,0.0380187675341008,0.0396592911725893,0.0376338600509311,0.0451922106234278
"177",2020-08-05,336,7069,7405,105,2487,2,2594,0.0404780262143408,0.0453747467927076,441,9556,9999,0.0441044104410441,0.0406328710896139,0.0386829210341016,0.0459219608083888
"178",2020-08-06,255,7000,7255,120,2255,5,2380,0.0504201680672269,0.0351481736733287,375,9255,9635,0.0389206019719772,0.0407383124557083,0.0387345091062291,0.0462427515258801
"179",2020-08-07,252,7063,7315,136,2472,1,2609,0.0521272518206209,0.0344497607655502,388,9535,9924,0.0390971382507054,0.0405714354744022,0.0383744734525561,0.0466454638799231
"180",2020-08-08,221,3498,3719,64,1122,4,1190,0.053781512605042,0.0594245764990589,285,4620,4909,0.0580566306783459,0.0418412502309154,0.0400131552859104,0.046775170935159
"181",2020-08-09,108,1921,2029,59,786,0,845,0.0698224852071006,0.0532281912272055,167,2707,2874,0.058107167710508,0.0445758467053237,0.0420358977210521,0.0512240518870591
"182",2020-08-10,231,7336,7567,133,2386,2,2521,0.0527568425228084,0.030527289546716,364,9722,10088,0.0360824742268041,0.0446267415447836,0.0421913107013511,0.0514502396360164
"183",2020-08-11,340,7982,8322,113,2413,4,2530,0.0446640316205534,0.0408555635664504,453,10395,10852,0.0417434574272024,0.045158840100941,0.0427154717244311,0.0520071882939561
"184",2020-08-12,290,8569,8859,129,2627,8,2764,0.046671490593343,0.032735071678519,419,11196,11623,0.036049212767788,0.0440080975761901,0.0409098038509755,0.0528919689195279
"185",2020-08-13,258,7914,8172,107,2383,3,2493,0.0429201764941837,0.0315712187958884,365,10297,10665,0.0342240975152368,0.0433371683680844,0.0403988102970555,0.0518205415519503
"186",2020-08-14,266,7438,7704,96,2230,7,2333,0.0411487355336477,0.034527518172378,362,9668,10037,0.0360665537511209,0.0429042277252866,0.0404099184980309,0.0502521820823827
"187",2020-08-15,167,3606,3773,65,1148,0,1213,0.0535861500412201,0.0442618605883912,232,4754,4986,0.0465302847974328,0.0412576068851561,0.0382438162250784,0.0502242731446938
"188",2020-08-16,75,1727,1802,38,786,1,825,0.0460606060606061,0.0416204217536071,113,2513,2627,0.0430148458317472,0.039101560902476,0.0365855634431357,0.0468297189809089
"189",2020-08-17,192,6542,6734,72,2713,3,2788,0.0258249641319943,0.0285120285120285,264,9255,9522,0.0277252678008822,0.0379076742702015,0.0362976690096089,0.0429823077822212
"190",2020-08-18,291,7776,8067,84,2536,2,2622,0.0320366132723112,0.0360728895500186,375,10312,10689,0.0350827953971372,0.0369561511230493,0.0356144298644044,0.0411783908753294
"191",2020-08-19,192,7044,7236,81,2475,7,2563,0.0316035895435037,0.0265339966832504,273,9519,9799,0.0278599857128278,0.0357862615437693,0.0347285620079375,0.0390258335824953
"192",2020-08-20,174,6488,6662,81,2276,3,2360,0.0343220338983051,0.0261182827979586,255,8764,9022,0.0282642429616493,0.0349348537503996,0.0339495711510903,0.0377975274973697
"193",2020-08-21,188,6813,7001,94,2085,9,2188,0.0429616087751371,0.0268533066704756,282,8898,9189,0.0306888671237349,0.0341666128036302,0.0328532552222471,0.0380565093890111
"194",2020-08-22,152,3630,3782,42,1027,2,1071,0.0392156862745098,0.0401903754627181,194,4657,4853,0.0399752730269936,0.0332301825507103,0.0322716144900081,0.0360035859937668
"195",2020-08-23,72,1693,1765,43,690,0,733,0.0586630286493861,0.0407932011331445,115,2383,2498,0.0460368294635709,0.0336618944981137,0.0321534401156563,0.0378039320778782
"196",2020-08-24,168,6411,6579,105,2495,0,2600,0.0403846153846154,0.0255357957136343,273,8906,9179,0.0297418019392091,0.033949970803589,0.0317282640016,0.0398838822568241
"197",2020-08-25,320,7764,8084,98,2300,3,2401,0.0408163265306122,0.0395843641761504,418,10064,10485,0.0398664759179781,0.0346333537351377,0.0322299032339046,0.0411381270080099
"198",2020-08-26,259,7622,7881,110,2911,7,3028,0.0363276089828269,0.0328638497652582,369,10533,10909,0.033825281877349,0.0354855389014978,0.0331341679599057,0.0418129869279132
"199",2020-08-27,222,7243,7465,79,2345,2,2426,0.0325638911788953,0.0297387809778969,301,9588,9891,0.0304317055909413,0.0357951764199681,0.0336513819856111,0.0415618236822833
"200",2020-08-28,216,7334,7550,124,2188,6,2318,0.0534943917169974,0.0286092715231788,340,9522,9868,0.0344548034049453,0.0363331673172839,0.0339022341074259,0.0430665069596919
"201",2020-08-29,155,3631,3786,55,1085,3,1143,0.0481189851268591,0.0409403063919704,210,4716,4929,0.0426049908703591,0.0367088412949075,0.0340093670973191,0.0443384067957418
"202",2020-08-30,59,1894,1953,33,751,3,787,0.0419313850063532,0.0302099334357399,92,2645,2740,0.0335766423357664,0.034928814562364,0.0324974717119756,0.0419481719895942
"203",2020-08-31,161,6477,6638,95,2827,5,2927,0.0324564400409976,0.0242542934618861,256,9304,9565,0.0267642446419237,0.0345034492341804,0.0323143999617258,0.0408155755119345
"204",2020-09-01,246,8167,8413,104,2506,9,2619,0.0397098129056892,0.0292404611910139,350,10673,11032,0.0317258883248731,0.0333405081494511,0.0308366995352777,0.0406575021369455
"205",2020-09-02,262,7991,8253,123,2772,5,2900,0.0424137931034483,0.0317460317460317,385,10763,11153,0.03451986012732,0.0334397336137327,0.0306770112468168,0.04152695701132
"206",2020-09-03,182,7573,7755,86,2559,2,2647,0.0324896108802418,0.0234687298517086,268,10132,10402,0.0257642761007499,0.0327729579722768,0.0297812896573613,0.0415163455400838
"207",2020-09-04,189,7102,7291,111,2484,4,2599,0.042708734128511,0.0259223700452613,300,9586,9890,0.0303336703741153,0.0321842246821582,0.0293974465890874,0.0399755373131572
"208",2020-09-05,95,3382,3477,50,1193,1,1244,0.0401929260450161,0.0273224043715847,145,4575,4721,0.0307138318152934,0.0304854876742917,0.0274520320147466,0.0388432431586082
"209",2020-09-06,50,1916,1966,35,753,0,788,0.0444162436548223,0.0254323499491353,85,2669,2754,0.0308641975308642,0.0300979955593056,0.0267695200880888,0.0391982229655323
"210",2020-09-07,48,1952,2000,54,933,3,990,0.0545454545454545,0.024,102,2885,2990,0.0341137123745819,0.031147919521114,0.0267331924506765,0.042353796466169
"211",2020-09-08,201,11256,11457,108,3143,9,3260,0.0331288343558282,0.0175438596491228,309,14399,14717,0.0209961269280424,0.0296150964644239,0.0250622493732635,0.0414136566733317
"212",2020-09-09,226,9337,9563,110,3240,2,3352,0.0328162291169451,0.0236327512286939,336,12577,12915,0.0260162601626016,0.0284002964694641,0.0239032092993581,0.0400425761038313
"213",2020-09-10,171,8162,8333,108,2994,0,3102,0.034816247582205,0.0205208208328333,279,11156,11435,0.0243987756886751,0.0282052249820248,0.0234820794395188,0.0403749527755403
"214",2020-09-11,148,8090,8238,71,2224,3,2298,0.0308964316797215,0.0179655256130129,219,10314,10536,0.0207858769931663,0.0268412544990321,0.022345387377769,0.0386874809971418
"215",2020-09-12,92,3477,3569,46,1071,2,1119,0.0411081322609473,0.0257775287195293,138,4548,4688,0.0294368600682594,0.0266588299637416,0.0221246908560468,0.0388182247422748
"216",2020-09-13,33,1838,1871,34,814,1,849,0.0400471142520612,0.0176376269374666,67,2652,2720,0.0246323529411765,0.025768566450929,0.021011158997237,0.0381940633990233
"217",2020-09-14,137,6760,6897,81,2444,4,2529,0.0320284697508897,0.0198637088589242,218,9204,9426,0.0231275196265648,0.0241991103440694,0.0204202602627976,0.034977351285514
"218",2020-09-15,242,9623,9865,110,3555,6,3671,0.0299645873059112,0.0245311708058794,352,13178,13536,0.0260047281323877,0.0249146248018331,0.0214184475709056,0.0345253159926687
"219",2020-09-16,160,8204,8364,78,3112,3,3193,0.024428437206389,0.0191296030607365,238,11316,11557,0.0205935796486978,0.0241399561569897,0.0207751406897689,0.0333270600054464
"220",2020-09-17,209,8446,8655,97,2844,3,2944,0.0329483695652174,0.0241478913922588,306,11290,11599,0.0263815846193637,0.0244232145756595,0.0212932936268297,0.0330602202887339
"221",2020-09-18,149,8386,8535,63,2319,2,2384,0.0264261744966443,0.0174575278265964,212,10705,10919,0.0194156974081876,0.0242274746349482,0.0212207225144844,0.0324216121197229
"222",2020-09-19,87,3763,3850,48,1924,1,1973,0.0243284338570705,0.0225974025974026,135,5687,5823,0.0231839258114374,0.0233341983125451,0.0207664187827521,0.0300245123477405
"223",2020-09-20,50,2060,2110,20,815,1,836,0.0239234449760766,0.023696682464455,70,2875,2946,0.0237610319076714,0.0232097238791872,0.0216319981437504,0.0277211310225998
"224",2020-09-21,131,8164,8295,86,3461,2,3549,0.0242321780783319,0.015792646172393,217,11625,11844,0.0183215130023641,0.0225231515043014,0.0210504177599602,0.0266073750693773
"225",2020-09-22,157,9672,9829,72,3015,4,3091,0.0232934325461016,0.0159731407060739,229,12687,12920,0.0177244582043344,0.0213402558002938,0.0198278420314166,0.025654352960833
"226",2020-09-23,160,9856,10016,71,3416,1,3488,0.020355504587156,0.0159744408945687,231,13272,13504,0.0171060426540284,0.0208420362296267,0.0193771045791069,0.0250725054437998
"227",2020-09-24,132,8576,8708,44,3018,2,3064,0.0143603133159269,0.0151584749655489,176,11594,11772,0.0149507305470608,0.0192090570764406,0.0180929022324341,0.0224170688367583
"228",2020-09-25,105,7952,8057,85,2845,0,2930,0.0290102389078498,0.0130321459600348,190,10797,10987,0.0172931646491308,0.018905838110861,0.0174607048229253,0.0227862208955019
"229",2020-09-26,72,3754,3826,52,1769,1,1822,0.0285400658616905,0.0188186095138526,124,5523,5648,0.0219546742209632,0.0187302307407933,0.016920877239561,0.0233878826104476
"230",2020-09-27,51,2204,2255,22,891,2,915,0.0240437158469945,0.0226164079822616,73,3095,3170,0.0230283911671924,0.0186255677778677,0.0167665523135334,0.0234050641634359
"231",2020-09-28,88,7875,7963,87,3321,2,3410,0.0255131964809384,0.0110511113901796,175,11196,11373,0.0153873208476216,0.0182063974700474,0.0160891902017886,0.0235880667923797
"232",2020-09-29,166,9872,10038,78,3911,1,3990,0.0195488721804511,0.016537158796573,244,13783,14028,0.0173937838608497,0.018159158278121,0.016169764214717,0.0230531295972867
"233",2020-09-30,135,9943,10078,88,3927,2,4017,0.0219068956933035,0.0133955149831316,223,13870,14095,0.0158212131961689,0.0179756112127125,0.0158013462273689,0.023274756898165
"234",2020-10-01,135,7707,7842,59,3065,3,3127,0.0188679245283019,0.0172149961744453,194,10772,10969,0.0176862065821862,0.0183663935034447,0.0160951349714969,0.0239187013570757
"235",2020-10-02,133,8576,8709,65,3046,3,3114,0.0208734746307001,0.0152715581582271,198,11622,11823,0.0167470185232175,0.0182883726283142,0.0164150509998101,0.02275630646034
"236",2020-10-03,77,4324,4401,44,1841,1,1886,0.0233297985153765,0.017496023630993,121,6165,6287,0.019246063305233,0.0179014282117813,0.0162261101594016,0.0220119825537237
"237",2020-10-04,50,2534,2584,21,868,0,889,0.0236220472440945,0.0193498452012384,71,3402,3473,0.0204434206737691,0.0175321467127208,0.0157594583335411,0.0219517441818809
"238",2020-10-05,98,9212,9310,85,3745,6,3836,0.0221584984358707,0.0105263157894737,183,12957,13146,0.0139205842081241,0.0173226129070783,0.0156844875334403,0.021472501604014
"239",2020-10-06,159,11521,11680,79,4897,1,4977,0.0158730158730159,0.0136130136986301,238,16418,16657,0.0142882872065798,0.0168789705278969,0.0152667525194485,0.0209473792743804
"240",2020-10-07,145,10717,10862,53,4091,1,4145,0.0127864897466828,0.0133492911066102,198,14808,15007,0.0131938428733258,0.0165036319103479,0.0152601491085168,0.0196444641391489
"241",2020-10-08,139,9519,9658,64,3830,2,3896,0.0164271047227926,0.0143922137088424,203,13349,13554,0.0149771285229453,0.0161166207590278,0.0148568944705736,0.0192957755955047
"242",2020-10-09,132,8945,9077,43,3637,6,3686,0.0116657623440043,0.0145422496419522,175,12582,12763,0.0137115098331113,0.0156829766604412,0.0147527075396771,0.0179803881259768
"243",2020-10-10,96,4303,4399,31,1991,3,2025,0.0153086419753086,0.0218231416230962,127,6294,6424,0.0197696139476961,0.0157577696093645,0.0153708672528347,0.0168345086202528
"244",2020-10-11,45,2624,2669,30,1015,0,1045,0.0287081339712919,0.0168602472836268,75,3639,3714,0.0201938610662359,0.0157221182368598,0.0150152104074617,0.0175610924384238
"245",2020-10-12,130,8371,8501,39,3240,2,3281,0.0118866199329473,0.0152923185507587,169,11611,11782,0.0143439144457647,0.0157825939850941,0.0156960679447881,0.0160936812237205
"246",2020-10-13,162,12008,12170,78,5127,0,5205,0.014985590778098,0.0133114215283484,240,17135,17375,0.0138129496402878,0.015714688618481,0.0156529833490336,0.0159669062101608
"247",2020-10-14,144,11640,11784,65,4222,2,4289,0.0151550477966892,0.0122199592668024,209,15862,16073,0.0130031730230822,0.0156874500684462,0.015491650229061,0.016305271645876
"248",2020-10-15,176,11091,11267,66,4317,3,4386,0.0150478796169631,0.0156208396201296,242,15408,15653,0.0154602951510892,0.0157564738724668,0.0156671682163878,0.0161082394879003
"249",2020-10-16,120,10260,10380,53,4123,2,4178,0.0126854954523696,0.0115606936416185,173,14383,14558,0.0118835004808353,0.0154953296792845,0.0152412316449115,0.0162539156462382
"250",2020-10-17,85,4868,4953,36,2563,1,2600,0.0138461538461538,0.0171613163739148,121,7431,7553,0.0160201244538594,0.0149596883230221,0.0145752566093142,0.0160449887706447
"251",2020-10-18,43,2729,2772,14,1006,3,1023,0.0136852394916911,0.0155122655122655,57,3735,3795,0.0150197628458498,0.0142205314343955,0.014382687784834,0.0138988609878446
"252",2020-10-19,128,10928,11056,61,4252,8,4321,0.0141171025225642,0.0115774240231548,189,15180,15377,0.0122910840866229,0.0139272699545181,0.0138519885666049,0.0142175013577899
"253",2020-10-20,220,12772,12992,96,5863,0,5959,0.0161100855848297,0.0169334975369458,316,18635,18951,0.016674581816263,0.014336074551086,0.0143694279964045,0.0143781434730372
"254",2020-10-21,161,11566,11727,60,5099,4,5163,0.0116211504938989,0.0137290014496461,221,16665,16890,0.013084665482534,0.0143477163310077,0.0145850054510965,0.0138733010012101
"255",2020-10-22,138,10839,10977,67,4691,1,4759,0.0140785879386426,0.0125717409128177,205,15530,15736,0.0130274529740722,0.0140001674485767,0.0141494199214805,0.01373483076145
"256",2020-10-23,160,10520,10680,73,4012,0,4085,0.0178702570379437,0.0149812734082397,233,14532,14765,0.0157805621401964,0.0145568905427711,0.0146380741738549,0.0144755109879606
"257",2020-10-24,71,4677,4748,56,2088,0,2144,0.0261194029850746,0.0149536647009267,127,6765,6892,0.0184271619268717,0.0149007530389157,0.0143226953634281,0.0162288322935207
"258",2020-10-25,60,2505,2565,21,1069,0,1090,0.0192660550458716,0.0233918128654971,81,3574,3655,0.0221614227086183,0.0159209901621684,0.0154483449853183,0.0170260916584036
"259",2020-10-26,154,11734,11888,50,4212,1,4263,0.0117288294628196,0.0129542395693136,204,15946,16151,0.0126307968546839,0.0159695205576057,0.0156450329204838,0.0166849097927258
"260",2020-10-27,221,13446,13667,72,6062,3,6137,0.0117321166693824,0.0161703373088461,293,19508,19804,0.0147949909109271,0.0157010075711291,0.0155360100307553,0.0160594856619476
"261",2020-10-28,175,13158,13333,72,5313,1,5386,0.0133679910880059,0.0131253281332033,247,18471,18719,0.0131951493135317,0.0157167909755573,0.0154497709855492,0.0163090343182486
"262",2020-10-29,152,12035,12187,74,5315,2,5391,0.0137265813392692,0.0124723065561664,226,17350,17578,0.0128569803163045,0.0156924377387334,0.0154355660774561,0.0162587476611953
"263",2020-10-30,154,10218,10372,63,5225,0,5288,0.0119137670196672,0.0148476667952179,217,15443,15660,0.0138569604086845,0.0154176374913745,0.015416479418453,0.0154078205157272
"264",2020-10-31,107,4229,4336,56,2048,1,2105,0.026603325415677,0.0246771217712177,163,6277,6441,0.0253066294053718,0.0164004185597317,0.0168055447142089,0.0154769522915276
"265",2020-11-01,47,2386,2433,20,1133,0,1153,0.0173460537727667,0.019317714755446,67,3519,3586,0.0186837702175125,0.0159036110610023,0.0162235306984873,0.0152026663953697
"266",2020-11-02,188,10923,11111,101,4965,2,5068,0.0199289660615627,0.016920169201692,289,15888,16179,0.0178626614747512,0.0166510202924405,0.0167900920745413,0.0163741144809044
"267",2020-11-03,273,12925,13198,129,6004,5,6138,0.0210166177908113,0.0206849522654948,402,18929,19336,0.0207902358295408,0.0175074838522424,0.0174350370683483,0.0177004717839657
"268",2020-11-04,310,13131,13441,114,5762,2,5878,0.0193943518203471,0.0230637601368946,424,18893,19319,0.0219473057611678,0.0187577919161904,0.0188548130688756,0.0185613804600145
"269",2020-11-05,275,11644,11919,136,6002,8,6146,0.022128213472177,0.0230724054031378,411,17646,18065,0.0227511763077775,0.0201712484864009,0.0203691129041573,0.0197616136218584
"270",2020-11-06,260,11512,11772,126,5521,3,5650,0.0223008849557522,0.0220863064899762,386,17033,17422,0.0221558948455975,0.021356810548817,0.0214032042891227,0.0212454876127277
"271",2020-11-07,226,4881,5107,111,2649,0,2760,0.0402173913043478,0.0442529860975132,337,7530,7867,0.0428371679166137,0.0238611731932801,0.0241997563357364,0.0231903541682521
"272",2020-11-08,81,2952,3033,47,1246,2,1295,0.0362934362934363,0.0267062314540059,128,4198,4328,0.0295748613678373,0.0254170433576123,0.0252552587212449,0.0258971230997763
"273",2020-11-09,279,12052,12331,132,4803,1,4936,0.026742301458671,0.0226259021977131,411,16855,17267,0.0238026292928708,0.0262656101887722,0.0260703634349622,0.0268704567279347
"274",2020-11-10,456,14942,15398,143,6248,6,6397,0.0223542285446303,0.0296142356150149,599,21190,21795,0.0274833677448956,0.0272217718909657,0.0273459753420365,0.0270615439784802
"275",2020-11-11,381,12006,12387,148,5741,3,5892,0.0251188051595384,0.0307580527972875,529,17747,18279,0.0289403140215548,0.028220773071021,0.028445160007807,0.0278793230269361
"276",2020-11-12,471,13047,13518,176,6228,4,6408,0.0274656679151061,0.0348424323124723,647,19275,19926,0.03247013951621,0.0296091963865114,0.0301265924234262,0.0286418165187832
"277",2020-11-13,406,13307,13713,141,5751,1,5893,0.0239266926862379,0.0296069423175089,547,19058,19606,0.0278996225645211,0.0304297289177862,0.0312009689702165,0.0288740747659954
"278",2020-11-14,307,6675,6982,138,3134,1,3273,0.0421631530705774,0.0439702091091378,445,9809,10255,0.0433934666016577,0.0305092001585068,0.0311605722575915,0.0291520407325996
"279",2020-11-15,127,3571,3698,61,1204,0,1265,0.0482213438735178,0.0343428880475933,188,4775,4963,0.0378803143260125,0.0316956934382461,0.0322515231995325,0.0308560275297541
"280",2020-11-16,313,13253,13566,214,6256,3,6473,0.0330604047582265,0.0230723868494766,527,19509,20039,0.0262987175008733,0.0320522774679607,0.032315306721213,0.0317586137154049
"281",2020-11-17,590,17675,18265,274,9007,6,9287,0.0295036071928502,0.0323022173555981,864,26682,27552,0.0313588850174216,0.0326059227926073,0.0326993041127249,0.0327799535222935
"282",2020-11-18,606,16905,17511,219,8363,4,8586,0.0255066387141859,0.0346068185711838,825,25268,26097,0.0316128290608116,0.0329877106553583,0.0332491277947101,0.0328353583158145
"283",2020-11-19,509,17787,18296,228,8962,8,9198,0.0247879973907371,0.0278202885876694,737,26749,27494,0.0268058485487743,0.0321785262314389,0.0322459644054526,0.0324528339551904
"284",2020-11-20,549,17946,18495,173,7936,3,8112,0.0213264299802761,0.029683698296837,722,25882,26607,0.027135716164919,0.0320693967457814,0.0322569295453566,0.0320813678543387
"285",2020-11-21,364,8421,8785,163,5033,2,5198,0.0313582146979608,0.0414342629482072,527,13454,13983,0.037688621898019,0.0312544189309759,0.0318946515223665,0.0305378052296792
"286",2020-11-22,268,5429,5697,80,2021,3,2104,0.0380228136882129,0.0470423029664736,348,7450,7801,0.0446096654275093,0.0322157548026183,0.0337088536536351,0.0290808723460642
"287",2020-11-23,653,18533,19186,231,8898,8,9137,0.0252818211666849,0.0340352340248098,884,27431,28323,0.0312113829749673,0.0329175641560603,0.0352749746786827,0.0279696461187011
"288",2020-11-24,692,16376,17068,256,8667,2,8925,0.0286834733893557,0.0405437075228498,948,25043,25993,0.0364713576732197,0.0336479173926029,0.0364523304168615,0.0278524841467733
"289",2020-11-25,868,15818,16686,253,5478,5,5736,0.0441073919107392,0.0520196571976507,1121,21296,22422,0.04999554009455,0.0362740189688512,0.0389398787920711,0.0305097346034238
"290",2020-11-26,176,2141,2317,58,663,0,721,0.0804438280166436,0.0759602934829521,234,2804,3038,0.0770243581303489,0.043448091766219,0.04581702234854,0.0384605675499819
"291",2020-11-27,612,9745,10357,181,2718,1,2900,0.0624137931034483,0.0590904702133823,793,12463,13257,0.0598174549294712,0.0481169115897265,0.0500179897651893,0.0443301908532922
"292",2020-11-28,610,7713,8323,283,4656,5,4944,0.0572411003236246,0.0732908806920581,893,12369,13267,0.0673098665862667,0.0523485179737619,0.054568935157168,0.0480277459426727
"293",2020-11-29,559,6769,7328,141,2073,1,2215,0.0636568848758465,0.0762827510917031,700,8842,9543,0.0733521953264173,0.0564545936736059,0.0587461420322008,0.0516897561123347
"294",2020-11-30,968,17247,18215,339,8203,3,8545,0.039672322995904,0.053143013999451,1307,25450,26760,0.0488415545590433,0.0589731896141882,0.061475824885721,0.0537455420879374
"295",2020-12-01,1371,18787,20158,437,9600,11,10048,0.0434912420382166,0.0680126996725866,1808,28387,30206,0.0598556578163279,0.0623138039203465,0.0653999666213977,0.0558609376092033
"296",2020-12-02,1389,19103,20492,379,8792,2,9173,0.0413169083178895,0.0677825492875268,1768,27895,29665,0.0595988538681948,0.06368570588801,0.0676518083485229,0.055462297095939
"297",2020-12-03,1289,18504,19793,490,8838,5,9333,0.0525018750669667,0.0651240337493053,1779,27342,29126,0.0610794479159514,0.0614078615716675,0.0661037712437162,0.0514705895316995
"298",2020-12-04,1267,17686,18953,492,8108,5,8605,0.0571760604299826,0.0668495752651295,1759,25794,27558,0.0638290151680093,0.0619809416057444,0.0672122148225372,0.0507223420069186
"299",2020-12-05,866,7926,8792,323,4366,11,4700,0.0687234042553191,0.0984986351228389,1189,12292,13492,0.0881262970649274,0.0649547173884102,0.070813322598363,0.0523626711400179
"300",2020-12-06,553,5266,5819,212,2484,5,2701,0.078489448352462,0.0950335109125279,765,7750,8520,0.0897887323943662,0.0673027941124029,0.0734920025727666,0.0544816087795344
"301",2020-12-07,1305,18838,20143,621,8207,5,8833,0.0703045397939545,0.0647867745618825,1926,27045,28976,0.0664688017669796,0.0698209722849652,0.0751553969388282,0.0588576397506844
"302",2020-12-08,1603,18846,20449,588,8997,9,9594,0.0612883051907442,0.0783901413272043,2191,27843,30043,0.0729288020503944,0.0716885643184033,0.0766378886037736,0.0614000773439027
"303",2020-12-09,1665,19930,21595,594,8941,6,9541,0.0622576249868987,0.0771011808288956,2259,28871,31136,0.0725526721479959,0.0735391097869463,0.077969121681112,0.0643916082966183
"304",2020-12-10,1458,17816,19274,592,8450,4,9046,0.0654432898518682,0.0756459479091003,2050,26266,28320,0.0723870056497175,0.0751544751774843,0.0794722522753684,0.0662403818373185
"305",2020-12-11,1245,17084,18329,610,8023,14,8647,0.0705446975829768,0.0679251459435867,1855,25107,26976,0.068764827995255,0.0758595912956623,0.0796259052294337,0.0681501871448891
"306",2020-12-12,893,8275,9168,330,4538,7,4875,0.0676923076923077,0.0974040139616056,1223,12813,14043,0.087089653208004,0.0757114993161018,0.079469530777829,0.0680028876358874
"307",2020-12-13,808,7595,8403,210,2810,3,3023,0.0694674164737016,0.0961561347137927,1018,10405,11426,0.0890950463854367,0.0756124013148262,0.0796299056065811,0.0667140259389217
"308",2020-12-14,1375,19711,21086,620,9398,9,10027,0.0618330507629401,0.0652091435075405,1995,29109,31113,0.0641211069327934,0.0752770163385139,0.0796902440273894,0.0655038132202053
"309",2020-12-15,2026,21965,23991,674,10516,6,11196,0.0602000714540907,0.0844483347922138,2700,32481,35187,0.0767328843038622,0.0758204566604378,0.0805557002366765,0.0653483512578263
"310",2020-12-16,1822,20933,22755,558,9472,7,10037,0.0555943010859819,0.0800703142166557,2380,30405,32792,0.0725786777262747,0.0758241717430491,0.0809798621492136,0.0643964478434096
"311",2020-12-17,1686,20592,22278,471,8302,8,8781,0.0536385377519645,0.0756800430918395,2157,28894,31059,0.0694484690427895,0.0754043807992022,0.0809847328896049,0.0627100546862805
"312",2020-12-18,1370,18332,19702,436,8134,4,8574,0.0508514112432937,0.0695360877068318,1806,26466,28276,0.063870420144292,0.0747051796776361,0.0812148674272114,0.0598967280663257
"313",2020-12-19,876,8687,9563,331,5145,4,5480,0.0604014598540146,0.0916030534351145,1207,13832,15043,0.0802366549225553,0.073726179922572,0.0803861587805698,0.058855178375141
"314",2020-12-20,696,8131,8827,201,3672,3,3876,0.0518575851393189,0.0788489860654809,897,11803,12703,0.0706132409667008,0.0710859220056097,0.0779137089736681,0.0563394881845149
"315",2020-12-21,1685,21894,23579,550,10020,11,10581,0.0519799640865703,0.0714618940582722,2235,31914,34160,0.0654274004683841,0.071272535367837,0.078806959052344,0.0549319043736049
"316",2020-12-22,1640,21182,22822,518,9464,14,9996,0.0518207282913165,0.0718604854964508,2158,30646,32818,0.065756596989457,0.0697044943229219,0.0770086948672351,0.0537348553503515
"317",2020-12-23,1642,19178,20820,445,6740,10,7195,0.0618485059068798,0.078866474543708,2087,25918,28015,0.0744958058183116,0.0699783697646415,0.0768367177710997,0.0546283131819083
"318",2020-12-24,851,10279,11130,321,3813,5,4139,0.0775549649673834,0.0764600179694519,1172,14092,15269,0.0767568275591067,0.0710224209812582,0.0769481427536157,0.0580449456412539
"319",2020-12-25,251,1939,2190,139,1583,3,1725,0.0805797101449275,0.114611872146119,390,3522,3915,0.0996168582375479,0.0761290549945805,0.0833875405306567,0.0622918454843444
"320",2020-12-26,1090,8959,10049,316,3804,11,4131,0.0764947954490438,0.108468504328789,1406,12763,14180,0.0991537376586742,0.0788314953854546,0.0857968906583245,0.0645908934264915
"321",2020-12-27,900,7924,8824,304,3342,5,3651,0.0832648589427554,0.101994560290118,1204,11266,12475,0.0965130260521042,0.0825314646833694,0.0891034012618441,0.0690776468269824
"322",2020-12-28,1953,20860,22813,697,8619,8,9324,0.0747533247533248,0.0856090825406566,2650,29479,32137,0.0824594703923826,0.0849646175296549,0.091124428187899,0.0723309840650902
"323",2020-12-29,1969,19591,21560,601,7731,8,8340,0.0720623501199041,0.0913265306122449,2570,27322,29900,0.0859531772575251,0.087849843282236,0.0939052917758696,0.075222644326317
"324",2020-12-30,2053,18852,20905,642,5894,19,6555,0.0979405034324943,0.0982061707725425,2695,24746,27460,0.0981427530954115,0.091227978607536,0.0966681055228459,0.0803786439728333
"325",2020-12-31,1281,12406,13687,393,4377,13,4783,0.0821660045996237,0.0935924599985388,1674,16783,18470,0.0906334596643205,0.0932103546225666,0.0991155972412869,0.0810373639202962
"326",2021-01-01,318,2668,2986,208,1729,5,1942,0.107106076210093,0.10649698593436,526,4397,4928,0.106737012987013,0.0942275195867759,0.0979563277824643,0.0848268447867484
"327",2021-01-02,1063,9028,10091,547,4777,13,5337,0.102492036724752,0.105341393320781,1610,13805,15428,0.104355716878403,0.0949706594753085,0.0975095976384631,0.0885407363975639
"328",2021-01-03,986,8012,8998,332,3688,6,4026,0.0824639841033284,0.109579906645921,1318,11700,13024,0.101197788697789,0.0956399112818349,0.098593218546435,0.0884263257062172
"329",2021-01-04,1726,21302,23028,691,10202,19,10912,0.063324780058651,0.0749522320653118,2417,31504,33940,0.0712139068945197,0.0940334022107116,0.0970708113356715,0.0867936764641209
"330",2021-01-05,2413,22633,25046,750,10316,17,11083,0.0676712081566363,0.0963427293779446,3163,32949,36129,0.0875473995958925,0.0942611482590498,0.0977874111593429,0.0861663704693684
"331",2021-01-06,1982,20948,22930,607,9550,10,10167,0.0597029605586702,0.0864369821194941,2589,30498,33097,0.0782246125026437,0.0914156996029402,0.0961060984946217,0.0807038643445364
"332",2021-01-07,1769,20573,22342,582,9435,17,10034,0.0580027905122583,0.0791782293438367,2351,30008,32376,0.072615517667408,0.0888417078890955,0.0940469226868071,0.0772519766177699
"333",2021-01-08,1269,16362,17631,681,8691,15,9387,0.0725471396612336,0.0719754977029096,1950,25053,27018,0.0721741061514546,0.08390414976973,0.0891152815108856,0.0723149856822185
"334",2021-01-09,990,9134,10124,397,4630,13,5040,0.0787698412698413,0.097787435796128,1387,13764,15164,0.0914666314956476,0.0820628518579078,0.0880361447216495,0.0689261006172313
"335",2021-01-10,766,8821,9587,296,3547,6,3849,0.076903091712133,0.0798998643997079,1062,12368,13436,0.079041381363501,0.0788976508101524,0.0837961386864761,0.0681316874184891
"336",2021-01-11,1424,23028,24452,654,10676,16,11346,0.0576414595452142,0.0582365450678881,2078,33704,35798,0.0580479356388625,0.07701679777363,0.0814081834011299,0.0673197844879981
"337",2021-01-12,1638,21086,22724,619,9747,9,10375,0.0596626506024096,0.0720823798627002,2257,30833,33099,0.0681893712800991,0.0742513651570881,0.0779424191846664,0.0661757048373943
"338",2021-01-13,1438,20812,22250,495,8978,12,9485,0.0521876647337902,0.0646292134831461,1933,29790,31735,0.0609106664565937,0.0717779442933666,0.0748270236651881,0.0651020911481257
"339",2021-01-14,1287,20955,22242,463,8863,6,9332,0.0496142306043721,0.0578635014836795,1750,29818,31574,0.0554253499714955,0.0693222060510934,0.0717820625423085,0.0639037254469991
"340",2021-01-15,1143,16584,17727,475,7857,10,8342,0.0569407815871494,0.0644779150448468,1618,24441,26069,0.0620660554681806,0.0678781988106257,0.0707109793054424,0.06167424572213
"341",2021-01-16,727,8190,8917,338,4483,6,4827,0.0700227884814585,0.0815296624425255,1065,12673,13744,0.077488358556461,0.0658813026764562,0.0683884402549277,0.060424666752361
"342",2021-01-17,554,6428,6982,203,2714,3,2920,0.0695205479452055,0.0793468920080206,757,9142,9902,0.0764492021813775,0.0655109913647243,0.0683094441989724,0.0593700176427999
"343",2021-01-18,786,12506,13292,271,5216,9,5496,0.0493085880640466,0.0591333132711405,1057,17722,18788,0.0562593144560358,0.0652554740528919,0.0684375539422942,0.0581796074312046
"344",2021-01-19,1142,22712,23854,461,10327,18,10806,0.0426614843605404,0.0478745703026746,1603,33039,34660,0.0462492787074437,0.0621211751139411,0.0649792954337191,0.0557508693966518
"345",2021-01-20,997,19639,20636,398,9554,11,9963,0.0399478068854763,0.0483136266718356,1395,29193,30599,0.0455897251544168,0.0599324692136301,0.0626484973178176,0.0540023182754641
"346",2021-01-21,863,19776,20639,354,8530,13,8897,0.0397886928178038,0.0418140413779737,1217,28306,29536,0.041203954496208,0.0579008412885891,0.0603557173027168,0.0525986700202401
"347",2021-01-22,693,16394,17087,327,7147,10,7484,0.0436932121859968,0.0405571487095453,1020,23541,24571,0.0415123519596272,0.0549645979302243,0.0569384649691023,0.0507061601057897
"348",2021-01-23,493,7458,7951,262,3713,6,3981,0.0658126098970108,0.0620047792730474,755,11171,11932,0.0632752262822662,0.0529341504624822,0.0541491959448911,0.0501047060222972
"349",2021-01-24,403,5506,5909,211,2989,10,3210,0.0657320872274143,0.0682010492469115,614,8495,9119,0.0673319442921373,0.0516316850497336,0.0525569326933041,0.049563497348327
"350",2021-01-25,759,20617,21376,331,8776,13,9120,0.0362938596491228,0.0355071107784431,1090,29393,30496,0.0357423924449108,0.0487006961910014,0.049181760908633,0.0477042504319093
"351",2021-01-26,619,17536,18155,333,8513,11,8857,0.0375973806029129,0.0340952905535665,952,26049,27012,0.0352435954390641,0.0471284557240901,0.0472132923730462,0.0469808070379625
"352",2021-01-27,636,14801,15437,273,8426,8,8707,0.0313540829217871,0.0411997149705254,909,23227,24144,0.0376491053677932,0.0459940814688581,0.046197019272859,0.0457531321860069
"353",2021-01-28,510,15477,15987,190,6763,18,6971,0.0272557739205279,0.0319009194970914,700,22240,22958,0.0304904608415367,0.0444635823753336,0.0447808590041615,0.0439627152006818
"354",2021-01-29,625,15403,16028,296,7231,14,7541,0.0392520885824161,0.0389942600449214,921,22634,23569,0.0390767533624676,0.0441156397185966,0.0445575891949295,0.0433282689715988
"355",2021-01-30,436,6948,7384,187,2542,6,2735,0.0683729433272395,0.0590465872156013,623,9490,10119,0.0615673485522285,0.043871657185734,0.0441349903295801,0.0436940308902029
"356",2021-01-31,334,5010,5344,134,2477,8,2619,0.0511645666284842,0.0625,468,7487,7963,0.058771819665955,0.0426487822391366,0.0433205547228784,0.0416129565189272
"357",2021-02-01,607,19124,19731,267,8480,14,8761,0.0304759730624358,0.0307637727433987,874,27604,28492,0.0306752772708129,0.0419249086428369,0.0426429350035864,0.0407818298636862
"358",2021-02-02,519,17998,18517,214,9605,12,9831,0.0217678771233852,0.0280282983204623,733,27603,28348,0.0258572033300409,0.040583995484405,0.0417762218274286,0.0385204722237537
"359",2021-02-03,567,18058,18625,224,8883,9,9116,0.0245721807810443,0.0304429530201342,791,26941,27741,0.0285137522079233,0.039278945032995,0.0402395415488013,0.0375516290607904
"360",2021-02-04,464,17111,17575,205,8143,5,8353,0.0245420806895726,0.0264011379800853,669,25254,25928,0.0258022215365628,0.0386091965608559,0.0394538584749433,0.0371639585992254
"361",2021-02-05,486,15948,16434,208,6338,10,6556,0.0317266625991458,0.0295728368017525,694,22286,22990,0.0301870378425402,0.0373392372008662,0.0381079408687763,0.0360888977444725
"362",2021-02-06,289,6998,7287,129,3067,1,3197,0.0403503284329058,0.0396596679017428,418,10065,10484,0.039870278519649,0.0342396557676406,0.0353383809667965,0.032085667045282
"363",2021-02-07,214,5490,5704,73,2735,11,2819,0.0258957076977652,0.0375175315568022,287,8225,8523,0.0336735891118151,0.0306541942599063,0.0317694569034826,0.0284758300551792
"364",2021-02-08,439,20444,20883,189,8414,13,8616,0.0219359331476323,0.0210218838289518,628,28858,29499,0.0212888572493983,0.0293132771139899,0.030377758487133,0.0272558243530645
"365",2021-02-09,463,18843,19306,140,8551,8,8699,0.0160938038855041,0.0239821817051694,603,27394,28005,0.021531869309052,0.0286953722538487,0.0297997418278055,0.0264452424619386
"366",2021-02-10,443,17425,17868,189,9058,14,9261,0.0204081632653061,0.0247929259010522,632,26483,27129,0.0232961038003612,0.0279499939099112,0.028992595096508,0.0258503828168331
"367",2021-02-11,368,17364,17732,149,7068,12,7229,0.0206114262000277,0.0207534401082788,517,24432,24961,0.0207123112054805,0.0272228638626138,0.0281857811148214,0.0252888607468981
"368",2021-02-12,318,14320,14638,147,5764,8,5919,0.0248352762290928,0.0217242792731247,465,20084,20557,0.022620032105852,0.0261418630430869,0.0270645586107317,0.0243043769797477
"369",2021-02-13,194,6566,6760,94,2720,7,2821,0.0333215171924849,0.028698224852071,288,9286,9581,0.0300594927460599,0.0247403222182884,0.0254986381750643,0.023300261088259
"370",2021-02-14,208,4852,5060,69,2344,6,2419,0.0285241835469202,0.0411067193675889,277,7196,7479,0.037037037037037,0.0252208147790344,0.026011379290891,0.0236757576381383
"371",2021-02-15,228,12698,12926,96,4436,12,4544,0.0211267605633803,0.0176388673990407,324,17134,17470,0.0185460789925587,0.0248289893137716,0.0255280912294751,0.0235601615546737
"372",2021-02-16,289,17274,17563,112,8612,29,8753,0.0127956129327088,0.0164550475431304,401,25886,26316,0.0152378780969752,0.0239298477120464,0.0244527863491838,0.0230889914185601
"373",2021-02-17,307,14974,15281,86,7313,21,7420,0.0115902964959569,0.0200903082259014,393,22287,22701,0.0173120126866658,0.023074977552947,0.0237809838241623,0.0218292961657959
"374",2021-02-18,314,16369,16683,113,6243,5,6361,0.0177645024367238,0.0188215548762213,427,22612,23044,0.0185297691373026,0.0227631858289216,0.0235050002195827,0.0214225927710382
"375",2021-02-19,287,13764,14051,104,5467,9,5580,0.0186379928315412,0.0204255924845207,391,19231,19631,0.0199174774591208,0.0223771065936743,0.0233194735354964,0.020537266571388
"376",2021-02-20,206,6498,6704,83,2831,1,2915,0.0284734133790738,0.030727923627685,289,9329,9619,0.0300447031916,0.02237499380018,0.0236094305034412,0.0198446803123293
"377",2021-02-21,193,5019,5212,60,2672,12,2744,0.021865889212828,0.0370299309286262,253,7691,7956,0.0317998994469583,0.0216268312873116,0.023027032155018,0.018893495407459
"378",2021-02-22,298,17640,17938,97,8104,26,8227,0.0117904460921357,0.0166127773441855,395,25744,26165,0.0150965029619721,0.0211340347115135,0.0228804478614672,0.0175597361972812
"379",2021-02-23,262,17358,17620,94,8807,19,8920,0.0105381165919283,0.0148694665153235,356,26165,26540,0.013413715146948,0.0208734400043668,0.0226539362860662,0.0172372367200268
"380",2021-02-24,300,17830,18130,81,9956,12,10049,0.00806050353268982,0.0165471594043023,381,27786,28179,0.0135207069094006,0.0203318248933289,0.0221477721686949,0.0167329805824172
"381",2021-02-25,198,16035,16233,77,7331,2,7410,0.010391363022942,0.0121973757161338,275,23366,23643,0.0116313496595187,0.0193463363965026,0.021201460860111,0.015679674951877
"382",2021-02-26,200,15206,15406,69,5673,6,5748,0.0120041753653445,0.0129819550824354,269,20879,21154,0.0127162711543916,0.0183175926386842,0.0201380840883845,0.0147319867424203
"383",2021-02-27,159,6644,6803,66,2448,3,2517,0.0262216924910608,0.0233720417462884,225,9092,9320,0.0241416309012876,0.017474296597211,0.0190872438196136,0.014410312329847
"384",2021-02-28,154,4670,4824,49,2129,9,2187,0.0224051211705533,0.0319237147595357,203,6799,7011,0.0289545000713165,0.0170678109721193,0.0183577843668864,0.0144873454666649
"385",2021-03-01,233,19471,19704,71,7985,16,8072,0.00879583746283449,0.0118250101502233,304,27456,27776,0.0109447004608295,0.0164746963290989,0.0176738176248918,0.0140595442339076
"386",2021-03-02,233,16812,17045,82,8164,12,8258,0.00992976507628966,0.0136696978586096,315,24976,25303,0.012449116705529,0.0163368965517533,0.0175024221025041,0.0139726368745307
"387",2021-03-03,238,17298,17536,76,8863,15,8954,0.00848782666964485,0.0135720802919708,314,26161,26490,0.0118535296338241,0.0160987283695281,0.0170774108007424,0.0140336830369528
"388",2021-03-04,191,16496,16687,68,7219,8,7295,0.00932145305003427,0.0114460358362797,259,23715,23982,0.0107997664915353,0.0159799307741019,0.0169700765321918,0.0138808387551088
"389",2021-03-05,181,13592,13773,63,5477,1,5541,0.0113697888467786,0.0131416539606476,244,19069,19314,0.0126333229781506,0.0159680810346389,0.0169928906576507,0.0137902121095994
"390",2021-03-06,112,5961,6073,58,2585,2,2645,0.0219281663516068,0.0184422855260991,170,8546,8718,0.0194998852947924,0.0153049745194253,0.0162886397690523,0.0131768512325346
"391",2021-03-07,102,4795,4897,33,2088,8,2129,0.0155002348520432,0.0208290790279763,135,6883,7026,0.0192143467122118,0.0139135240395532,0.0147036918074009,0.0121904389013188
"392",2021-03-08,203,19082,19285,60,8042,10,8112,0.00739644970414201,0.0105263157894737,263,27124,27397,0.00959959119611636,0.0137213655731656,0.0145181640415796,0.0119905263643628
"393",2021-03-09,188,16268,16456,71,8336,9,8416,0.00843631178707224,0.0114244044725328,259,24604,24872,0.0104133161788356,0.0134305369264952,0.0141974078435686,0.0117771758944746
"394",2021-03-10,171,15888,16059,63,9337,8,9408,0.00669642857142857,0.0106482346347842,234,25225,25467,0.00918836140888208,0.0130497986086463,0.0137797156068277,0.0115212618804437
"395",2021-03-11,140,16060,16200,46,7122,6,7174,0.00641204349038193,0.00864197530864197,186,23182,23374,0.00795755968169761,0.0126437690643838,0.0133791355314508,0.0111056319433505
"396",2021-03-12,147,13765,13912,70,5012,5,5087,0.0137605661490073,0.0105664174813111,217,18777,18999,0.0114216537712511,0.0124706734633981,0.0130112446058313,0.0114471715579546
"397",2021-03-13,120,5714,5834,45,2510,0,2555,0.0176125244618395,0.0205690778196778,165,8224,8389,0.0196686136607462,0.0124947775156773,0.0133150720763426,0.0108306512879878
"398",2021-03-14,87,4530,4617,18,2019,3,2040,0.00882352941176471,0.0188434048083171,105,6549,6657,0.0157728706624606,0.0120031380799985,0.0130314043306769,0.00987683622509089
"399",2021-03-15,161,17788,17949,57,7452,9,7518,0.00758180367118915,0.00896985904507215,218,25240,25467,0.00856009738092433,0.0118546389635425,0.012809053367191,0.00990331536324049
"400",2021-03-16,147,16943,17090,65,7974,17,8056,0.00806852035749752,0.00860152135751902,212,24917,25146,0.00843076433627615,0.0115714172717483,0.0124057843507605,0.0098507737304441
"401",2021-03-17,170,15747,15917,55,8984,9,9048,0.00607869142351901,0.0106804045988566,225,24731,24965,0.00901261766473062,0.0115463110225838,0.0124103800599137,0.00976252556645702
"402",2021-03-18,132,15590,15722,67,6567,1,6635,0.0100979653353429,0.00839587838697367,199,22157,22357,0.00890101534195107,0.01168109040262,0.0123752233568182,0.0102890858300229
"403",2021-03-19,143,13739,13882,57,5402,5,5464,0.0104319180087848,0.0103011093502377,200,19141,19346,0.010338054378166,0.0115262904893221,0.0123373221952363,0.00981356466713394
"404",2021-03-20,76,5337,5413,38,2881,2,2921,0.0130092434097912,0.0140402734158507,114,8218,8334,0.013678905687545,0.010670617921722,0.0114046358518324,0.0091559530882699
"405",2021-03-21,90,4578,4668,16,1857,5,1878,0.00851970181043664,0.019280205655527,106,6435,6546,0.0161930950198595,0.0107306499727789,0.0114670359728624,0.00911254914522303
"406",2021-03-22,135,19021,19156,67,8180,9,8256,0.00811531007751938,0.00704740029233661,202,27201,27412,0.0073690354589231,0.0105604982696359,0.0111923990081859,0.00918876434612735
"407",2021-03-23,146,15346,15492,70,8458,15,8543,0.00819384291232588,0.00942421895171702,216,23804,24035,0.00898689411275224,0.0106399453805611,0.0113099272359285,0.00920666756824569
"408",2021-03-24,148,16174,16322,66,9970,10,10046,0.00656977901652399,0.00906751623575542,214,26144,26368,0.00811589805825243,0.0105118425796356,0.0110795146126283,0.00927682293867497
"409",2021-03-25,159,17163,17322,60,8443,10,8513,0.00704804416774345,0.00917907862833391,219,25606,25835,0.0084768724598413,0.0104512507393342,0.0111914003613941,0.00884111991473219
"410",2021-03-26,151,12649,12800,60,5792,7,5859,0.0102406554019457,0.011796875,211,18441,18659,0.011308215874377,0.0105898452387929,0.011405081168503,0.00881379668518375
"411",2021-03-27,81,5800,5881,39,2729,2,2770,0.0140794223826715,0.0137731678286006,120,8529,8651,0.013871228759681,0.0106173199633838,0.0113669232274672,0.00896667939559522
"412",2021-03-28,73,5803,5876,18,1807,1,1826,0.00985761226725082,0.0124234172906739,91,7610,7702,0.0118151129576733,0.00999189395450005,0.0103873820324882,0.00915780946085439
"413",2021-03-29,131,19020,19151,60,7290,1,7351,0.00816215480886954,0.00684037387081615,191,26310,26502,0.00720700324503811,0.00996874649537362,0.0103578068294139,0.00916450156533298
"414",2021-03-30,113,16565,16678,69,7488,4,7561,0.00912577701362254,0.0067753927329416,182,24053,24239,0.00750856058418252,0.00975755599129223,0.00997940308387451,0.00929763500837536
"415",2021-03-31,159,14734,14893,47,7637,4,7688,0.00611342351716962,0.0106761565836299,206,22371,22581,0.00912271378592622,0.00990138680953135,0.0102092088478566,0.00923244136561045
"416",2021-04-01,150,16750,16900,49,6452,2,6503,0.00753498385360603,0.00887573964497041,199,23202,23403,0.00850318335256164,0.00990514550849139,0.0101658747073761,0.00930200417787654
"417",2021-04-02,129,13473,13602,59,4843,3,4905,0.0120285423037717,0.00948389942655492,188,18316,18507,0.0101583184740909,0.00974087445130767,0.00983544962545535,0.00955741659242311
"418",2021-04-03,90,5692,5782,31,2624,1,2656,0.011671686746988,0.0155655482531996,121,8316,8438,0.014339890969424,0.00980782619555668,0.0100915039718266,0.00921345435875404
"419",2021-04-04,74,4929,5003,18,1431,0,1449,0.0124223602484472,0.0147911253248051,92,6360,6452,0.0142591444513329,0.0101569735517938,0.0104297479767025,0.00957984692749638
"420",2021-04-05,215,20412,20627,68,8157,4,8229,0.00826345850042533,0.0104232316866243,283,28569,28856,0.0098073191017466,0.0105284472456093,0.0109415848075323,0.00959431888343292
"421",2021-04-06,198,16804,17002,72,7668,8,7748,0.00929272070211667,0.0116456887425009,270,24472,24750,0.0109090909090909,0.0110142372920247,0.0116373413803264,0.00961816798178922
"422",2021-04-07,204,18072,18276,51,8225,4,8280,0.00615942028985507,0.0111621799080762,255,26297,26556,0.0096023497514686,0.0110827567156737,0.0117067732838188,0.00962473894931571
"423",2021-04-08,194,16933,17127,50,7109,2,7161,0.00698226504678118,0.0113271442751212,244,24042,24288,0.0100461133069829,0.011303175280591,0.0120569739452689,0.00954577911976931
"424",2021-04-09,161,15127,15288,49,5622,3,5674,0.00863588297497356,0.0105311355311355,210,20749,20962,0.0100181280412174,0.0112831480758948,0.0122065791030661,0.00906111350136957
"425",2021-04-10,128,6036,6164,31,2907,2,2940,0.0105442176870748,0.0207657365347177,159,8943,9104,0.0174648506151142,0.0117295708824219,0.012949463143283,0.00890004649281054
"426",2021-04-11,80,5360,5440,29,2159,2,2190,0.0132420091324201,0.0147058823529412,109,7519,7630,0.0142857142857143,0.0117333665730478,0.0129372855758739,0.00901713919052096
"427",2021-04-12,159,21647,21806,76,9013,9,9098,0.00835348428225984,0.00729157112721269,235,30660,30904,0.00760419363189231,0.0114186343630687,0.0124899054959579,0.00903000001649732
"428",2021-04-13,151,17993,18144,71,9065,6,9142,0.00776635309560271,0.00832231040564374,222,27058,27286,0.00813604046030932,0.011022484298957,0.0120151371621212,0.00881194750128104
"429",2021-04-14,181,16798,16979,73,10082,7,10162,0.00718362527061602,0.0106602273396549,254,26880,27141,0.00935853505766184,0.0109876536284132,0.0119434296523467,0.0089582624985326
"430",2021-04-15,156,16767,16923,52,8097,4,8153,0.00637802036060346,0.00921822371919872,208,24864,25076,0.00829478385707449,0.0107374637069977,0.0116421552872149,0.00887194182907864
"431",2021-04-16,144,13755,13899,50,5320,2,5372,0.00930752047654505,0.0103604575868768,194,19075,19271,0.0100669399616003,0.010744436838481,0.0116177727237494,0.00896789004358885
"432",2021-04-17,125,5798,5923,34,2697,1,2732,0.0124450951683748,0.0211041701840284,159,8495,8655,0.018370883882149,0.0108738701623431,0.0116661203879366,0.00923944396948885
"433",2021-04-18,94,5377,5471,32,1717,0,1749,0.0182961692395655,0.0171815024675562,126,7094,7220,0.0174515235457064,0.0113261286280562,0.0120197804043102,0.0099614668419382
"434",2021-04-19,171,21266,21437,45,8792,3,8840,0.00509049773755656,0.00797686243410925,216,30058,30277,0.00713412821613766,0.0112589764258056,0.0121176791624383,0.00949532590698059
"435",2021-04-20,140,17598,17738,34,9184,7,9225,0.00368563685636856,0.00789265982636148,174,26782,26963,0.00645328783889033,0.0110185831941743,0.0120563005082551,0.00891236644423285
"436",2021-04-21,148,16222,16370,44,8855,7,8906,0.00494048955760162,0.00904092852779475,192,25077,25276,0.00759613862952999,0.0107668122758697,0.0118249721065608,0.00859191848523079
"437",2021-04-22,104,17645,17749,48,8361,5,8414,0.00570477775136677,0.00585948504141078,152,26006,26163,0.00580973129992738,0.0104118047677059,0.0113451522954482,0.00849574096962555
"438",2021-04-23,122,13707,13829,35,5908,4,5947,0.00588532032957794,0.00882204063923639,157,19615,19776,0.00793891585760518,0.010107801324278,0.0111253784457853,0.00800685523434454
"439",2021-04-24,85,5711,5796,24,3066,4,3094,0.00775694893341952,0.0146652864044168,109,8777,8890,0.0122609673790776,0.0092349561095535,0.0102055379058408,0.00733712005792235
"440",2021-04-25,69,5603,5672,14,1746,0,1760,0.00795454545454545,0.0121650211565585,83,7349,7432,0.0111679224973089,0.0083372988169253,0.00948889771855543,0.00585974523149092
"441",2021-04-26,93,19266,19359,48,8392,7,8447,0.00568249082514502,0.00480396714706338,141,27658,27806,0.00507084801841329,0.00804254450296467,0.00903562696326317,0.00594431567257498
"442",2021-04-27,129,17639,17768,48,8853,1,8902,0.00539204673107167,0.00726024313372355,177,26492,26670,0.00663667041619798,0.00806874201400862,0.00894528172145775,0.00618808851181828
"443",2021-04-28,84,17296,17380,38,9191,4,9233,0.00411567204592224,0.0048331415420023,122,26487,26613,0.00458422575433059,0.00763846874612299,0.00834416929491597,0.00607025743872123
"444",2021-04-29,101,15510,15611,46,8124,6,8176,0.00562622309197652,0.0064697969380565,147,23634,23787,0.00617984613444318,0.00769134229391097,0.0084313567087225,0.00605903534452262
"445",2021-04-30,80,11626,11706,61,5018,3,5082,0.0120031483667847,0.00683410216982744,141,16644,16788,0.00839885632594711,0.00775704807510267,0.00814736549880694,0.0069330107784093
"446",2021-05-01,62,5857,5919,25,2731,1,2757,0.00906782734856728,0.0104747423551276,87,8588,8676,0.0100276625172891,0.00743800452341859,0.00754871634890847,0.00712027912343041
"447",2021-05-02,59,4682,4741,29,1489,0,1518,0.0191040843214756,0.0124446319341911,88,6171,6259,0.0140597539543058,0.00785112330298957,0.00758866074571312,0.00871307039013472
"448",2021-05-03,86,18023,18109,33,7885,7,7925,0.00416403785488959,0.00474901982439671,119,25908,26034,0.00457094568641008,0.00777970868413197,0.00758081112818931,0.00849614853724109
"449",2021-05-04,96,15919,16015,31,8801,5,8837,0.00350797782052733,0.00599438026849828,127,24720,24852,0.00511025269596008,0.00756164900981227,0.00739997357601427,0.00822699583573475
"450",2021-05-05,95,15018,15113,32,8715,5,8752,0.0036563071297989,0.00628597895851254,127,23733,23865,0.00532160067043788,0.00766698828354189,0.00760752177837287,0.00816137227628856
"451",2021-05-06,65,15076,15141,47,7064,4,7115,0.00660576247364722,0.00429297932765339,112,22140,22256,0.00503235082674335,0.00750306038244191,0.00729654783402957,0.00830130647367009
"452",2021-05-07,64,11423,11487,35,5273,1,5309,0.00659257864004521,0.00557151562636023,99,16696,16796,0.00589426053822339,0.00714526098419566,0.00711617832781997,0.00752836794127873
"453",2021-05-08,38,5061,5099,27,2652,1,2680,0.0100746268656716,0.00745244165522652,65,7713,7779,0.00835582979817457,0.00690642773860788,0.00668442108497697,0.00767219644372221
"454",2021-05-09,35,4196,4231,11,1447,0,1458,0.00754458161865569,0.00827227605766958,46,5643,5689,0.00808577957461768,0.00605300282722386,0.00608837024547389,0.00602083891474793
"455",2021-05-10,56,17105,17161,36,7843,3,7882,0.00456736868815022,0.00326321309946973,92,24948,25043,0.00367368126821866,0.00592482219605366,0.0058761121419129,0.00607845760521374
"456",2021-05-11,86,14661,14747,28,8133,3,8164,0.0034296913277805,0.00583169458194887,114,22794,22911,0.00497577582820479,0.00590561121494576,0.00585287132954869,0.00606727382053562
"457",2021-05-12,67,14566,14633,27,8517,3,8547,0.00315900315900316,0.00457869199753981,94,23083,23180,0.00405522001725626,0.00572469969306267,0.00560897319226688,0.00599623039613623
"458",2021-05-13,99,12180,12279,14,7689,1,7704,0.00181723779854621,0.00806254580991937,113,19869,19983,0.00565480658559776,0.00581362194432759,0.00614748268973344,0.00531215544255037
"459",2021-05-14,61,9735,9796,19,4357,1,4377,0.00434087274388851,0.00622703144140466,80,14092,14173,0.00564453538418119,0.00577794692232156,0.00624112780616836,0.00499048317167084
"460",2021-05-15,35,4646,4681,13,2250,1,2264,0.00574204946996466,0.00747703482161931,48,6896,6945,0.00691144708423326,0.00557160653461566,0.00624464111565305,0.00437154354371271
"461",2021-05-16,36,4804,4840,11,1477,0,1488,0.00739247311827957,0.00743801652892562,47,6281,6328,0.00742730720606827,0.00547753905339431,0.00612546118297534,0.00434981375794469
"462",2021-05-17,37,16401,16438,30,6424,3,6457,0.00464612048939136,0.00225088210244555,67,22825,22895,0.00292640314479144,0.00537078503576185,0.00598084246911474,0.00436106401526485
"463",2021-05-18,55,13403,13458,29,6997,2,7028,0.00412635173591349,0.00408678852727003,84,20400,20486,0.00410036122229815,0.00524572580634662,0.00573157017558919,0.00446058693071242
"464",2021-05-19,42,14307,14349,21,7021,6,7048,0.00297956867196368,0.00292703324273469,63,21328,21397,0.00294433799130719,0.00508702837406818,0.00549561892490275,0.00443495343256393
"465",2021-05-20,57,13118,13175,22,6246,1,6269,0.00350933163183921,0.00432637571157495,79,19364,19444,0.00406295001028595,0.00485962029188078,0.00496188033942497,0.00467668112303435
"466",2021-05-21,33,10424,10457,15,4516,0,4531,0.00331052747737806,0.00315578081667782,48,14940,14988,0.00320256204963971,0.00451076695837485,0.00452313025017828,0.00452948894210429
"467",2021-05-22,37,4688,4725,5,2033,1,2039,0.00245218244237371,0.00783068783068783,42,6721,6764,0.0062093435836783,0.00441046645829557,0.00457365210861664,0.00405950793816273
"468",2021-05-23,22,4542,4564,7,1292,0,1299,0.00538876058506543,0.00482033304119194,29,5834,5863,0.00494627323895617,0.00405603303442242,0.00419969732465469,0.00377326329056071
"469",2021-05-24,29,15389,15418,25,6248,1,6274,0.00398469875677399,0.00188091840705669,54,21637,21692,0.00248939701272358,0.00399360358698415,0.00414684536817056,0.00367877447161537
"470",2021-05-25,40,12094,12134,18,6542,1,6561,0.00274348422496571,0.00329652216911159,58,18636,18695,0.00310243380583044,0.00385104252748876,0.00403395017414793,0.0034812219700514
"471",2021-05-26,35,12758,12793,17,6165,5,6187,0.00274769678357847,0.00273587117955132,52,18923,18980,0.00273972602739726,0.0038218122469302,0.00400664130797888,0.0034480974145678
"472",2021-05-27,45,10985,11030,15,5300,3,5318,0.00282060925159835,0.00407978241160471,60,16285,16348,0.00367017372155615,0.00376570134854023,0.00397141369369741,0.00334970850310482
"473",2021-05-28,29,8789,8818,16,3695,1,3712,0.00431034482758621,0.00328872760263098,45,12484,12530,0.00359138068635275,0.00382124686807066,0.00399040609169072,0.00349253955313455
"474",2021-05-29,22,4262,4284,8,1795,0,1803,0.00443704936217415,0.00513538748832866,30,6057,6087,0.00492853622474125,0.00363827438822251,0.00360536318563941,0.0037760919702489
"475",2021-05-30,34,3953,3987,9,1283,0,1292,0.00696594427244582,0.00852771507399047,43,5236,5279,0.00814548209888236,0.00409530422535483,0.00413498919032492,0.00400140392558896
"476",2021-05-31,12,4085,4097,10,1321,1,1332,0.00750750750750751,0.00292897241884306,22,5406,5429,0.00405231165960582,0.00431857774633801,0.00428471119200868,0.00450466231855089
"477",2021-06-01,47,15651,15698,24,7396,1,7421,0.00323406548982617,0.0029940119760479,71,23047,23119,0.0030710670876768,0.00431409678660177,0.00424149545014244,0.0045747453563881
"478",2021-06-02,44,12538,12582,22,6019,2,6043,0.00364057587291081,0.00349705929105071,66,18557,18625,0.00354362416107383,0.004428939377127,0.00435023660892807,0.004702299512007
"479",2021-06-03,41,11361,11402,18,4910,1,4929,0.00365185636031649,0.00359586037537274,59,16271,16331,0.00361276100667442,0.00442073756071532,0.00428110488946636,0.00482104909896674
"480",2021-06-04,48,9370,9418,24,3703,1,3728,0.00643776824034335,0.0050966234869399,72,13073,13146,0.00547695116385212,0.00469010477178666,0.00453937573008192,0.00512496672936061
"481",2021-06-05,28,4679,4707,11,2034,0,2045,0.00537897310513447,0.0059485872105375,39,6713,6752,0.0057760663507109,0.00481118050406804,0.0046555471189689,0.00525952726406923
"482",2021-06-06,25,4993,5018,10,1343,1,1354,0.00738552437223043,0.0049820645675568,35,6336,6372,0.00549278091650973,0.00443222319230052,0.0041490256180498,0.00531946727832418
"483",2021-06-07,34,11707,11741,18,4752,0,4770,0.00377358490566038,0.0028958351077421,52,16459,16511,0.00314941554115438,0.00430323803252174,0.00414429171646395,0.00478604976377459
"484",2021-06-08,34,10317,10351,22,4933,3,4958,0.00443727309398951,0.00328470679161434,56,15250,15309,0.00365797896662094,0.00438708258665662,0.00418581954725915,0.00495793656436935
"485",2021-06-09,29,10172,10201,15,4869,1,4885,0.00307062436028659,0.00284285854328007,44,15041,15086,0.00291661142781387,0.00429750933904805,0.00409236229757763,0.00487651491970875
"486",2021-06-10,41,9278,9319,21,4338,2,4361,0.00481540930979133,0.00439961369245627,62,13616,13680,0.00453216374269006,0.00442885258705029,0.00420718420001814,0.00504273676963372
"487",2021-06-11,39,7643,7682,7,3626,1,3634,0.0019262520638415,0.00507680291590732,46,11269,11316,0.0040650406504065,0.00422715108512948,0.00420435268987063,0.00439823445870489
"488",2021-06-12,27,4456,4483,19,1914,1,1934,0.00982419855222337,0.00602275262101271,46,6370,6417,0.00716845878136201,0.00442606428950821,0.00421494774850994,0.00503326666543187
"489",2021-06-13,23,4769,4792,5,1322,1,1328,0.00376506024096386,0.00479966611018364,28,6091,6120,0.00457516339869281,0.00429497607267722,0.00418889082602806,0.00451605750382236
"490",2021-06-14,27,9478,9505,22,4195,1,4218,0.00521574205784732,0.00284061020515518,49,13673,13723,0.00357064781753261,0.00435515211215983,0.00418100155422993,0.00472207995413478
"491",2021-06-15,40,8724,8764,15,4376,2,4393,0.00341452310493968,0.00456412596987677,55,13100,13157,0.00418028425932963,0.00442976715397536,0.00436377572255314,0.00457597281284195
"492",2021-06-16,32,8613,8645,15,4074,2,4091,0.00366658518699584,0.00370156159629844,47,12687,12736,0.00369032663316583,0.00454029789759706,0.00448644758727005,0.00466111007380041
"493",2021-06-17,45,8526,8571,14,3723,2,3739,0.00374431666220915,0.00525026251312566,59,12249,12310,0.00479285134037368,0.00457753898298044,0.00460796884736567,0.00450809683843153
"494",2021-06-18,34,6308,6342,16,3287,2,3305,0.0048411497730711,0.00536108483128351,50,9595,9647,0.00518295843267337,0.00473724152330428,0.00464858054956227,0.0049245107968929
"495",2021-06-19,18,4181,4199,9,1777,4,1790,0.00502793296089385,0.00428673493688974,27,5958,5989,0.0045082651527801,0.00435721386207829,0.00440057802325899,0.00423932999813154
"496",2021-06-20,19,3472,3491,8,1140,0,1148,0.00696864111498258,0.00544256659982813,27,4612,4639,0.00582021987497305,0.00453507907297547,0.00449242095035106,0.00469698440870565
"497",2021-06-21,47,9565,9612,36,3899,2,3937,0.00914401828803658,0.00488972118185601,83,13464,13549,0.00612591335153886,0.00490011700640493,0.00478515108987975,0.00525816672730411
"498",2021-06-22,41,8628,8669,27,3885,3,3915,0.00689655172413793,0.00472949590494867,68,12513,12584,0.00540368722186904,0.00507488885819628,0.00480877536631859,0.00575559938718958
"499",2021-06-23,40,8437,8477,25,3803,0,3828,0.00653082549634274,0.00471865046596673,65,12240,12305,0.00528240552620886,0.00530232870005957,0.00495407377627121,0.00616477657423913
"500",2021-06-24,38,8437,8475,16,3353,3,3372,0.00474495848161329,0.00448377581120944,54,11790,11847,0.00455811597872879,0.00526879507696744,0.00484457567599746,0.00630772540558258
"501",2021-06-25,35,7062,7097,27,3133,1,3161,0.0085416007592534,0.00493166126532338,62,10195,10258,0.00604406317020862,0.00539181003947247,0.00478322945228887,0.00683636126075148
"502",2021-06-26,21,4399,4420,7,1768,0,1775,0.00394366197183099,0.00475113122171946,28,6167,6195,0.00451977401129944,0.00539345416211809,0.00484957177869312,0.00668146540517107
"503",2021-06-27,24,3914,3938,12,1377,0,1389,0.00863930885529158,0.00609446419502285,36,5291,5327,0.00675802515487141,0.00552742634496072,0.00494270000657808,0.00692013222521522
"504",2021-06-28,55,9680,9735,34,3878,2,3914,0.00868676545733265,0.00564971751412429,89,13558,13649,0.00652062422155469,0.00558381361210584,0.00505127091118783,0.00685481039225751
"505",2021-06-29,49,9378,9427,38,4262,1,4301,0.00883515461520577,0.00519783600297019,87,13640,13728,0.00633741258741259,0.00571720295004063,0.00511817663947662,0.00713175366241006
"506",2021-06-30,50,9060,9110,36,3736,1,3773,0.00954147892923403,0.00548847420417124,86,12796,12883,0.00667546378949003,0.00591621127336651,0.00522815145922012,0.00756184700996596
"507",2021-07-01,57,8844,8901,37,3352,3,3392,0.0109080188679245,0.00640377485675767,94,12196,12293,0.00764662816236883,0.0063574272996008,0.00550243703715558,0.00844228420801042
"508",2021-07-02,49,8273,8322,37,3010,2,3049,0.0121351262709085,0.00588800769045902,86,11283,11371,0.00756309911177557,0.00657443243411036,0.0056390579550321,0.00895564499538972
"509",2021-07-03,78,4805,4883,27,1914,3,1944,0.0138888888888889,0.0159737866065943,105,6719,6827,0.0153801083931449,0.008125908774374,0.00724229443858565,0.0103763916978266
"510",2021-07-04,21,1715,1736,22,798,0,820,0.0268292682926829,0.0120967741935484,43,2513,2556,0.0168231611893584,0.00956378535072928,0.00809976729551787,0.0129749573317396
"511",2021-07-05,70,5321,5391,25,1892,1,1918,0.0130344108446298,0.0129846039695789,95,7213,7309,0.0129976741004241,0.0104890781905678,0.00914760821772568,0.0135960495299249
"512",2021-07-06,116,9967,10083,56,4100,4,4160,0.0134615384615385,0.0115045125458693,172,14067,14243,0.0120761075616092,0.0113088917583101,0.0100485620095684,0.0142569615079724
"513",2021-07-07,95,8560,8655,74,3415,1,3490,0.0212034383954155,0.0109763142692086,169,11975,12145,0.0139151914368053,0.0123431385650695,0.0108325391617166,0.0159229557174269
"514",2021-07-08,98,7848,7946,73,3548,3,3624,0.0201434878587196,0.0123332494336773,171,11396,11570,0.0147796024200519,0.0133621348875956,0.0116796069584194,0.0172423084303977
"515",2021-07-09,112,7460,7572,60,3237,2,3299,0.018187329493786,0.0147913365029054,172,10697,10871,0.015821911507681,0.0145419652298678,0.0129515110744832,0.0181069088908087
"516",2021-07-10,115,4215,4330,41,1653,1,1695,0.024188790560472,0.0265588914549654,156,5868,6025,0.0258921161825726,0.0160436806283575,0.0144636689099648,0.0195783234153206
"517",2021-07-11,68,3652,3720,32,1336,2,1370,0.0233576642335766,0.0182795698924731,100,4988,5090,0.0196463654223969,0.0164469955187916,0.0153469254383826,0.0190823799783054
"518",2021-07-12,144,9229,9373,84,3686,3,3773,0.0222634508348794,0.0153632774991998,228,12915,13146,0.0173436786855317,0.0170678533166641,0.0156867359426141,0.0204008142626268
"519",2021-07-13,163,8645,8808,90,3846,1,3937,0.0228600457200914,0.0185059037238874,253,12491,12745,0.0198509219301687,0.0181785410836011,0.016686934682331,0.0217434581567058
"520",2021-07-14,176,9352,9528,88,3898,2,3988,0.0220661985957874,0.0184718723761545,264,13250,13516,0.0195324060372891,0.0189810003122417,0.017757728697609,0.0218667096139018
"521",2021-07-15,195,8455,8650,119,3898,0,4017,0.0296240975852626,0.0225433526011561,314,12353,12667,0.0247888213468067,0.0204108887303495,0.0192163148643917,0.0232210824319793
"522",2021-07-16,155,8430,8585,107,3463,2,3572,0.0299552071668533,0.0180547466511357,262,11893,12157,0.0215513695813112,0.0212293827408681,0.0196825163141388,0.0249022078138461
"523",2021-07-17,172,4697,4869,65,1936,0,2001,0.0324837581209395,0.0353255288560279,237,6633,6870,0.0344978165938865,0.022458768513913,0.0209348930857192,0.0260872031796272
"524",2021-07-18,131,4183,4314,78,1599,1,1678,0.0464839094159714,0.0303662494204914,209,5782,5992,0.0348798397863818,0.0246349791373394,0.0226615615897218,0.0293909524913979
"525",2021-07-19,231,9498,9729,110,4073,4,4187,0.0262717936470026,0.0237434474252236,341,13571,13916,0.0245041678643288,0.0256579061628818,0.0238587287220109,0.0299635728931297
"526",2021-07-20,251,9458,9709,142,4098,3,4243,0.0334668866368136,0.0258523019878463,393,13556,13952,0.028168004587156,0.0268460608281657,0.0249082141882908,0.0314788358812329
"527",2021-07-21,274,10075,10349,160,4063,4,4227,0.0378519044239413,0.026475988018166,434,14138,14576,0.029774972557629,0.0283092846167857,0.0260516592800067,0.0337339367138263
"528",2021-07-22,242,9502,9744,112,3800,4,3916,0.0286006128702758,0.0248357963875205,354,13302,13660,0.0259150805270864,0.0284701787853971,0.0263791512494874,0.0335877246116854
"529",2021-07-23,280,9355,9635,154,3968,6,4128,0.0373062015503876,0.0290607161390763,434,13323,13763,0.0315338225677541,0.0298962434977461,0.0279514326049074,0.034637866666476
"530",2021-07-24,202,5141,5343,127,2330,1,2458,0.0516680227827502,0.0378064757626801,329,7471,7801,0.0421740802461223,0.0309928525909226,0.028305853591572,0.0373784759038775
"531",2021-07-25,180,4911,5091,89,1944,2,2035,0.0437346437346437,0.0353565114908662,269,6855,7126,0.0377490878473197,0.0314027451710566,0.0290187481730542,0.0369857236636878
"532",2021-07-26,336,11400,11736,197,4773,3,4973,0.0396139151417655,0.0286298568507157,533,16173,16709,0.0318989765994374,0.0324591464189293,0.0297168066624102,0.0388917410200825
"533",2021-07-27,380,11613,11993,193,5153,4,5350,0.0360747663551402,0.0316851496706412,573,16766,17343,0.0330392665628784,0.0331550409868896,0.0305500706170952,0.0392642952655578
"534",2021-07-28,394,11632,12026,189,4649,3,4841,0.0390415203470357,0.0327623482454681,583,16281,16867,0.0345645342977412,0.0338392640926199,0.0314481220781383,0.0394342403974284
"535",2021-07-29,369,11375,11744,203,4855,4,5062,0.0401027261951798,0.0314202997275204,572,16230,16806,0.0340354635249316,0.0349993188065978,0.032388765412424,0.0410773994438432
"536",2021-07-30,279,9946,10225,181,4361,3,4545,0.0398239823982398,0.0272860635696822,460,14307,14770,0.031144211238998,0.0349436600453469,0.0321352436167963,0.0414370824221078
"537",2021-07-31,217,5101,5318,117,2216,3,2336,0.0500856164383562,0.0408048138397894,334,7317,7654,0.0436373138228377,0.0351526934134491,0.0325635776278119,0.0412110243729087
"538",2021-08-01,214,4823,5037,107,1875,8,1990,0.0537688442211055,0.0424856065118126,321,6698,7027,0.0456809449267113,0.0362858158533622,0.0335820197736614,0.0426444815852604
"539",2021-08-02,293,10882,11175,145,5383,6,5534,0.0262016624503072,0.0262192393736018,438,16265,16709,0.026213417918487,0.035473593184655,0.0332376458483594,0.0407284454864806
"540",2021-08-03,399,11642,12041,171,5240,4,5415,0.0315789473684211,0.0331367826592476,570,16882,17456,0.0326535288725939,0.0354184878003287,0.0334450219895889,0.040086185631235
"541",2021-08-04,372,11914,12286,200,4914,3,5117,0.0390854016025015,0.0302783656194042,572,16828,17403,0.0328678963397115,0.0351761109491816,0.0330901673287226,0.0400924543820159
"542",2021-08-05,458,12243,12701,197,5825,8,6030,0.0326699834162521,0.0360601527438784,655,18068,18731,0.03496876835193,0.0353094402101813,0.0337530034739166,0.0390306339850262
"543",2021-08-06,371,11347,11718,187,4792,8,4987,0.0374974934830559,0.0316606929510155,558,16139,16705,0.0334031727027836,0.0356321489907222,0.0343779505283928,0.0386982784257142
"544",2021-08-07,245,6174,6419,124,2571,6,2701,0.0459089226212514,0.0381679389312977,369,8745,9120,0.0404605263157895,0.035178322204001,0.034001254112894,0.0381016078804135
"545",2021-08-08,234,5658,5892,112,2268,8,2388,0.0469011725293132,0.0397148676171079,346,7926,8280,0.0417874396135266,0.0346221071592603,0.0336054342707933,0.0371205119244432
"546",2021-08-09,398,13637,14035,161,5753,7,5921,0.027191352812025,0.0283576772354827,559,19390,19956,0.0280116255762678,0.0348789939675147,0.0339109253939192,0.0372618962618315
"547",2021-08-10,433,12579,13012,185,5887,3,6075,0.0304526748971193,0.0332769750999078,618,18466,19087,0.0323780583643317,0.034839641037763,0.033930952885442,0.0371010001945026
"548",2021-08-11,429,13956,14385,183,5424,4,5611,0.0326145072179647,0.029822732012513,612,19380,19996,0.0306061212242448,0.034516530306982,0.0338658623701719,0.0361765867109974
"549",2021-08-12,469,12628,13097,182,5233,6,5421,0.0335731414868106,0.0358097274184928,651,17861,18518,0.0351549843395615,0.0345431325909294,0.0338300873236882,0.0363056092925057
"550",2021-08-13,472,11964,12436,197,4758,5,4960,0.0397177419354839,0.0379543261498874,669,16722,17396,0.0384571165785238,0.035265124573178,0.0347291777806699,0.0366227876428526
"551",2021-08-14,344,7139,7483,135,2918,5,3058,0.0441465009810334,0.0459708672992115,479,10057,10541,0.0454416089555071,0.0359767078074233,0.035843881833229,0.0363710131228214
"552",2021-08-15,273,6001,6274,120,2811,6,2937,0.0408580183861083,0.0435129104239719,393,8812,9211,0.0426663771577462,0.0361022703137404,0.0363864593770667,0.0355077053880779
"553",2021-08-16,390,15266,15656,132,5992,4,6128,0.0215404699738903,0.0249105774144098,522,21258,21784,0.0239625413147264,0.0355238297049488,0.0358940165454849,0.0347004364112015
"554",2021-08-17,412,13521,13933,95,3883,0,3978,0.0238813474107592,0.0295700854087418,507,17404,17911,0.0283066272123276,0.0349421966832339,0.0353644608753183,0.0337616753417215
"555",2021-08-18,190,7484,7674,14,387,0,401,0.0349127182044888,0.0247589262444618,204,7871,8075,0.0252631578947368,0.0341789162075899,0.034641060051311,0.0340899911969392
"556",2021-08-19,40,872,912,0,1,0,1,0,0.043859649122807,40,873,913,0.0438116100766703,0.0354155770271769,0.0357910488662131,0.0292938281273948
