"","date","new_cases","total_cases"
"1",2020-02-20,"9",9
"2",2020-02-21,"2",11
"3",2020-02-23,"2",13
"4",2020-02-24,"3",16
"5",2020-02-25,"4",20
"6",2020-02-26,"1",21
"7",2020-02-27,"2",23
"8",2020-02-28,"4",27
"9",2020-02-29,"5",32
"10",2020-03-01,"8",40
"11",2020-03-02,"8",48
"12",2020-03-03,"9",57
"13",2020-03-04,"7",64
"14",2020-03-05,"4",68
"15",2020-03-06,"14",82
"16",2020-03-07,"8",90
"17",2020-03-08,"10",100
"18",2020-03-09,"14",114
"19",2020-03-10,"13",127
"20",2020-03-11,"14",141
"21",2020-03-12,"16",157
"22",2020-03-13,"33",190
"23",2020-03-14,"19",209
"24",2020-03-15,"25",234
"25",2020-03-16,"33",267
"26",2020-03-17,"36",303
"27",2020-03-18,"26",329
"28",2020-03-19,"21",350
"29",2020-03-20,"33",383
"30",2020-03-21,"30",413
"31",2020-03-22,"37",450
"32",2020-03-23,"29",479
"33",2020-03-24,"38",517
"34",2020-03-25,"38",555
"35",2020-03-26,"37",592
"36",2020-03-27,"34",626
"37",2020-03-28,"27",653
"38",2020-03-29,"19",672
"39",2020-03-30,"25",697
"40",2020-03-31,"23",720
"41",2020-04-01,"18",738
"42",2020-04-02,"18",756
"43",2020-04-03,"20",776
"44",2020-04-04,"16",792
"45",2020-04-05,"12",804
"46",2020-04-06,"21",825
"47",2020-04-07,"20",845
"48",2020-04-08,"19",864
"49",2020-04-09,"13",877
"50",2020-04-10,"16",893
"51",2020-04-11,"15",908
"52",2020-04-12,"11",919
"53",2020-04-13,"26",945
"54",2020-04-14,"40",985
"55",2020-04-15,"36",1021
"56",2020-04-16,"48",1069
"57",2020-04-17,"28",1097
"58",2020-04-18,"16",1113
"59",2020-04-19,"21",1134
"60",2020-04-20,"38",1172
"61",2020-04-21,"23",1195
"62",2020-04-22,"43",1238
"63",2020-04-23,"22",1260
"64",2020-04-24,"38",1298
"65",2020-04-25,"20",1318
"66",2020-04-26,"18",1336
"67",2020-04-27,"26",1362
"68",2020-04-28,"21",1383
"69",2020-04-29,"13",1396
"70",2020-04-30,"27",1423
"71",2020-05-01,"30",1453
"72",2020-05-02,"17",1470
"73",2020-05-03,"16",1486
"74",2020-05-04,"28",1514
"75",2020-05-05,"22",1536
"76",2020-05-06,"29",1565
"77",2020-05-07,"26",1591
"78",2020-05-08,"23",1614
"79",2020-05-09,"16",1630
"80",2020-05-10,"19",1649
"81",2020-05-11,"23",1672
"82",2020-05-12,"29",1701
"83",2020-05-13,"28",1729
"84",2020-05-14,"34",1763
"85",2020-05-15,"55",1818
"86",2020-05-16,"23",1841
"87",2020-05-17,"17",1858
"88",2020-05-18,"41",1899
"89",2020-05-19,"39",1938
"90",2020-05-20,"42",1980
"91",2020-05-21,"70",2050
"92",2020-05-22,"35",2085
"93",2020-05-23,"19",2104
"94",2020-05-24,"29",2133
"95",2020-05-25,"34",2167
"96",2020-05-26,"39",2206
"97",2020-05-27,"38",2244
"98",2020-05-28,"41",2285
"99",2020-05-29,"31",2316
"100",2020-05-30,"20",2336
"101",2020-05-31,"25",2361
"102",2020-06-01,"52",2413
"103",2020-06-02,"46",2459
"104",2020-06-03,"36",2495
"105",2020-06-04,"27",2522
"106",2020-06-05,"25",2547
"107",2020-06-06,"25",2572
"108",2020-06-07,"13",2585
"109",2020-06-08,"31",2616
"110",2020-06-09,"32",2648
"111",2020-06-10,"31",2679
"112",2020-06-11,"40",2719
"113",2020-06-12,"37",2756
"114",2020-06-13,"37",2793
"115",2020-06-14,"21",2814
"116",2020-06-15,"59",2873
"117",2020-06-16,"43",2916
"118",2020-06-17,"53",2969
"119",2020-06-18,"46",3015
"120",2020-06-19,"40",3055
"121",2020-06-20,"39",3094
"122",2020-06-21,"49",3143
"123",2020-06-22,"62",3205
"124",2020-06-23,"76",3281
"125",2020-06-24,"68",3349
"126",2020-06-25,"56",3405
"127",2020-06-26,"70",3475
"128",2020-06-27,"50",3525
"129",2020-06-28,"56",3581
"130",2020-06-29,"76",3657
"131",2020-06-30,"59",3716
"132",2020-07-01,"80",3796
"133",2020-07-02,"66",3862
"134",2020-07-03,"79",3941
"135",2020-07-04,"58",3999
"136",2020-07-05,"63",4062
"137",2020-07-06,"109",4171
"138",2020-07-07,"92",4263
"139",2020-07-08,"117",4380
"140",2020-07-09,"120",4500
"141",2020-07-10,"125",4625
"142",2020-07-11,"65",4690
"143",2020-07-12,"70",4760
"144",2020-07-13,"120",4880
"145",2020-07-14,"132",5012
"146",2020-07-15,"95",5107
"147",2020-07-16,"114",5221
"148",2020-07-17,"109",5330
"149",2020-07-18,"95",5425
"150",2020-07-19,"58",5483
"151",2020-07-20,"101",5584
"152",2020-07-21,"103",5687
"153",2020-07-22,"85",5772
"154",2020-07-23,"81",5853
"155",2020-07-24,"102",5955
"156",2020-07-25,"61",6016
"157",2020-07-26,"63",6079
"158",2020-07-27,"102",6181
"159",2020-07-28,"100",6281
"160",2020-07-29,"69",6350
"161",2020-07-30,"91",6441
"162",2020-07-31,"97",6538
"163",2020-08-01,"73",6611
"164",2020-08-02,"54",6665
"165",2020-08-03,"113",6778
"166",2020-08-04,"82",6860
"167",2020-08-05,"114",6974
"168",2020-08-06,"97",7071
"169",2020-08-07,"98",7169
"170",2020-08-08,"63",7232
"171",2020-08-09,"55",7287
"172",2020-08-10,"98",7385
"173",2020-08-11,"81",7466
"174",2020-08-12,"78",7544
"175",2020-08-13,"78",7622
"176",2020-08-14,"57",7679
"177",2020-08-15,"58",7737
"178",2020-08-16,"38",7775
"179",2020-08-17,"77",7852
"180",2020-08-18,"55",7907
"181",2020-08-19,"60",7967
"182",2020-08-20,"69",8036
"183",2020-08-21,"62",8098
"184",2020-08-22,"60",8158
"185",2020-08-23,"47",8205
"186",2020-08-24,"96",8301
"187",2020-08-25,"67",8368
"188",2020-08-26,"59",8427
"189",2020-08-27,"67",8494
"190",2020-08-28,"106",8600
"191",2020-08-29,"47",8647
"192",2020-08-30,"41",8688
"193",2020-08-31,"80",8768
"194",2020-09-01,"68",8836
"195",2020-09-02,"81",8917
"196",2020-09-03,"63",8980
"197",2020-09-04,"78",9058
"198",2020-09-05,"48",9106
"199",2020-09-06,"46",9152
"200",2020-09-07,"55",9207
"201",2020-09-08,"76",9283
"202",2020-09-09,"76",9359
"203",2020-09-10,"61",9420
"204",2020-09-11,"46",9466
"205",2020-09-12,"42",9508
"206",2020-09-13,"41",9549
"207",2020-09-14,"61",9610
"208",2020-09-15,"64",9674
"209",2020-09-16,"68",9742
"210",2020-09-17,"64",9806
"211",2020-09-18,"45",9851
"212",2020-09-19,"39",9890
"213",2020-09-20,"30",9920
"214",2020-09-21,"68",9988
"215",2020-09-22,"53",10041
"216",2020-09-23,"40",10081
"217",2020-09-24,"38",10119
"218",2020-09-25,"49",10168
"219",2020-09-26,"39",10207
"220",2020-09-27,"33",10240
"221",2020-09-28,"71",10311
"222",2020-09-29,"46",10357
"223",2020-09-30,"48",10405
"224",2020-10-01,"42",10447
"225",2020-10-02,"48",10495
"226",2020-10-03,"41",10536
"227",2020-10-04,"26",10562
"228",2020-10-05,"60",10622
"229",2020-10-06,"27",10649
"230",2020-10-07,"31",10680
"231",2020-10-08,"43",10723
"232",2020-10-09,"33",10756
"233",2020-10-10,"29",10785
"234",2020-10-11,"36",10821
"235",2020-10-12,"32",10853
"236",2020-10-13,"49",10902
"237",2020-10-14,"43",10945
"238",2020-10-15,"51",10996
"239",2020-10-16,"40",11036
"240",2020-10-17,"26",11062
"241",2020-10-18,"29",11091
"242",2020-10-19,"61",11152
"243",2020-10-20,"48",11200
"244",2020-10-21,"45",11245
"245",2020-10-22,"47",11292
"246",2020-10-23,"56",11348
"247",2020-10-24,"49",11397
"248",2020-10-25,"39",11436
"249",2020-10-26,"51",11487
"250",2020-10-27,"43",11530
"251",2020-10-28,"47",11577
"252",2020-10-29,"65",11642
"253",2020-10-30,"47",11689
"254",2020-10-31,"60",11749
"255",2020-11-01,"53",11802
"256",2020-11-02,"81",11883
"257",2020-11-03,"112",11995
"258",2020-11-04,"97",12092
"259",2020-11-05,"98",12190
"260",2020-11-06,"99",12289
"261",2020-11-07,"76",12365
"262",2020-11-08,"60",12425
"263",2020-11-09,"128",12553
"264",2020-11-10,"109",12662
"265",2020-11-11,"103",12765
"266",2020-11-12,"116",12881
"267",2020-11-13,"120",13001
"268",2020-11-14,"89",13090
"269",2020-11-15,"102",13192
"270",2020-11-16,"181",13373
"271",2020-11-17,"165",13538
"272",2020-11-18,"161",13699
"273",2020-11-19,"153",13852
"274",2020-11-20,"133",13985
"275",2020-11-21,"132",14117
"276",2020-11-22,"102",14219
"277",2020-11-23,"199",14418
"278",2020-11-24,"196",14614
"279",2020-11-25,"195",14809
"280",2020-11-26,"120",14929
"281",2020-11-27,"185",15114
"282",2020-11-28,"196",15310
"283",2020-11-29,"186",15496
"284",2020-11-30,"335",15831
"285",2020-12-01,"354",16185
"286",2020-12-02,"323",16508
"287",2020-12-03,"351",16859
"288",2020-12-04,"348",17207
"289",2020-12-05,"290",17497
"290",2020-12-06,"246",17743
"291",2020-12-07,"506",18249
"292",2020-12-08,"434",18683
"293",2020-12-09,"391",19074
"294",2020-12-10,"440",19514
"295",2020-12-11,"440",19954
"296",2020-12-12,"272",20226
"297",2020-12-13,"214",20440
"298",2020-12-14,"489",20929
"299",2020-12-15,"494",21423
"300",2020-12-16,"399",21822
"301",2020-12-17,"324",22146
"302",2020-12-18,"367",22513
"303",2020-12-19,"306",22819
"304",2020-12-20,"213",23032
"305",2020-12-21,"430",23462
"306",2020-12-22,"399",23861
"307",2020-12-23,"322",24183
"308",2020-12-24,"300",24483
"309",2020-12-25,"197",24680
"310",2020-12-26,"317",24997
"311",2020-12-27,"332",25329
"312",2020-12-28,"539",25868
"313",2020-12-29,"442",26310
"314",2020-12-30,"441",26751
"315",2020-12-31,"372",27123
"316",2021-01-01,"305",27428
"317",2021-01-02,"450",27878
"318",2021-01-03,"342",28220
"319",2021-01-04,"578",28798
"320",2021-01-05,"558",29356
"321",2021-01-06,"497",29853
"322",2021-01-07,"428",30281
"323",2021-01-08,"528",30809
"324",2021-01-09,"350",31159
"325",2021-01-10,"307",31466
"326",2021-01-11,"493",31959
"327",2021-01-12,"446",32405
"328",2021-01-13,"397",32802
"329",2021-01-14,"349",33151
"330",2021-01-15,"369",33520
"331",2021-01-16,"243",33763
"332",2021-01-17,"171",33934
"333",2021-01-18,"252",34186
"334",2021-01-19,"308",34494
"335",2021-01-20,"296",34790
"336",2021-01-21,"231",35021
"337",2021-01-22,"247",35268
"338",2021-01-23,"226",35494
"339",2021-01-24,"177",35671
"340",2021-01-25,"247",35918
"341",2021-01-26,"241",36159
"342",2021-01-27,"202",36361
"343",2021-01-28,"155",36516
"344",2021-01-29,"168",36684
"345",2021-01-30,"129",36813
"346",2021-01-31,"143",36956
"347",2021-02-01,"192",37148
"348",2021-02-02,"153",37301
"349",2021-02-03,"170",37471
"350",2021-02-04,"140",37611
"351",2021-02-05,"121",37732
"352",2021-02-06,"84",37816
"353",2021-02-07,"72",37888
"354",2021-02-08,"138",38026
"355",2021-02-09,"114",38140
"356",2021-02-10,"129",38269
"357",2021-02-11,"90",38359
"358",2021-02-12,"96",38455
"359",2021-02-13,"73",38528
"360",2021-02-14,"53",38581
"361",2021-02-15,"82",38663
"362",2021-02-16,"80",38743
"363",2021-02-17,"60",38803
"364",2021-02-18,"67",38870
"365",2021-02-19,"63",38933
"366",2021-02-20,"60",38993
"367",2021-02-21,"43",39036
"368",2021-02-22,"64",39100
"369",2021-02-23,"55",39155
"370",2021-02-24,"60",39215
"371",2021-02-25,"39",39254
"372",2021-02-26,"46",39300
"373",2021-02-27,"43",39343
"374",2021-02-28,"42",39385
"375",2021-03-01,"55",39440
"376",2021-03-02,"50",39490
"377",2021-03-03,"53",39543
"378",2021-03-04,"51",39594
"379",2021-03-05,"43",39637
"380",2021-03-06,"33",39670
"381",2021-03-07,"23",39693
"382",2021-03-08,"40",39733
"383",2021-03-09,"48",39781
"384",2021-03-10,"47",39828
"385",2021-03-11,"26",39854
"386",2021-03-12,"38",39892
"387",2021-03-13,"36",39928
"388",2021-03-14,"27",39955
"389",2021-03-15,"39",39994
"390",2021-03-16,"53",40047
"391",2021-03-17,"34",40081
"392",2021-03-18,"31",40112
"393",2021-03-19,"40",40152
"394",2021-03-20,"25",40177
"395",2021-03-21,"34",40211
"396",2021-03-22,"44",40255
"397",2021-03-23,"50",40305
"398",2021-03-24,"59",40364
"399",2021-03-25,"49",40413
"400",2021-03-26,"41",40454
"401",2021-03-27,"34",40488
"402",2021-03-28,"25",40513
"403",2021-03-29,"45",40558
"404",2021-03-30,"42",40600
"405",2021-03-31,"46",40646
"406",2021-04-01,"31",40677
"407",2021-04-02,"41",40718
"408",2021-04-03,"42",40760
"409",2021-04-04,"25",40785
"410",2021-04-05,"42",40827
"411",2021-04-06,"41",40868
"412",2021-04-07,"49",40917
"413",2021-04-08,"45",40962
"414",2021-04-09,"39",41001
"415",2021-04-10,"38",41039
"416",2021-04-11,"30",41069
"417",2021-04-12,"54",41123
"418",2021-04-13,"43",41166
"419",2021-04-14,"45",41211
"420",2021-04-15,"38",41249
"421",2021-04-16,"38",41287
"422",2021-04-17,"30",41317
"423",2021-04-18,"23",41340
"424",2021-04-19,"30",41370
"425",2021-04-20,"33",41403
"426",2021-04-21,"32",41435
"427",2021-04-22,"29",41464
"428",2021-04-23,"26",41490
"429",2021-04-24,"25",41515
"430",2021-04-25,"13",41528
"431",2021-04-26,"36",41564
"432",2021-04-27,"30",41594
"433",2021-04-28,"35",41629
"434",2021-04-29,"27",41656
"435",2021-04-30,"28",41684
"436",2021-05-01,"14",41698
"437",2021-05-02,"29",41727
"438",2021-05-03,"16",41743
"439",2021-05-04,"24",41767
"440",2021-05-05,"25",41792
"441",2021-05-06,"28",41820
"442",2021-05-07,"18",41838
"443",2021-05-08,"14",41852
"444",2021-05-09,"11",41863
"445",2021-05-10,"29",41892
"446",2021-05-11,"19",41911
"447",2021-05-12,"18",41929
"448",2021-05-13,"9",41938
"449",2021-05-14,"18",41956
"450",2021-05-15,"10",41966
"451",2021-05-16,"16",41982
"452",2021-05-17,"11",41993
"453",2021-05-18,"26",42019
"454",2021-05-19,"12",42031
"455",2021-05-20,"7",42038
"456",2021-05-21,"14",42052
"457",2021-05-22,"13",42065
"458",2021-05-23,"10",42075
"459",2021-05-24,"17",42092
"460",2021-05-25,"10",42102
"461",2021-05-26,"10",42112
"462",2021-05-27,"8",42120
"463",2021-05-28,"9",42129
"464",2021-05-29,"6",42135
"465",2021-05-30,"8",42143
"466",2021-05-31,"8",42151
"467",2021-06-01,"16",42167
"468",2021-06-02,"16",42183
"469",2021-06-03,"10",42193
"470",2021-06-04,"12",42205
"471",2021-06-05,"11",42216
"472",2021-06-06,"10",42226
"473",2021-06-07,"16",42242
"474",2021-06-08,"16",42258
"475",2021-06-09,"12",42270
"476",2021-06-10,"16",42286
"477",2021-06-11,"7",42293
"478",2021-06-12,"14",42307
"479",2021-06-13,"6",42313
"480",2021-06-14,"14",42327
"481",2021-06-15,"14",42341
"482",2021-06-16,"13",42354
"483",2021-06-17,"17",42371
"484",2021-06-18,"6",42377
"485",2021-06-19,"12",42389
"486",2021-06-20,"16",42405
"487",2021-06-21,"27",42432
"488",2021-06-22,"16",42448
"489",2021-06-23,"13",42461
"490",2021-06-24,"16",42477
"491",2021-06-25,"26",42503
"492",2021-06-26,"18",42521
"493",2021-06-27,"21",42542
"494",2021-06-28,"28",42570
"495",2021-06-29,"34",42604
"496",2021-06-30,"32",42636
"497",2021-07-01,"37",42673
"498",2021-07-02,"26",42699
"499",2021-07-03,"35",42734
"500",2021-07-04,"25",42759
"501",2021-07-05,"34",42793
"502",2021-07-06,"51",42844
"503",2021-07-07,"75",42919
"504",2021-07-08,"53",42972
"505",2021-07-09,"50",43022
"506",2021-07-10,"43",43065
"507",2021-07-11,"51",43116
"508",2021-07-12,"81",43197
"509",2021-07-13,"93",43290
"510",2021-07-14,"71",43361
"511",2021-07-15,"99",43460
"512",2021-07-16,"104",43564
"513",2021-07-17,"53",43617
"514",2021-07-18,"70",43687
"515",2021-07-19,"113",43800
"516",2021-07-20,"142",43942
"517",2021-07-21,"116",44058
"518",2021-07-22,"91",44149
"519",2021-07-23,"112",44261
"520",2021-07-24,"103",44364
"521",2021-07-25,"115",44479
"522",2021-07-26,"164",44643
"523",2021-07-27,"149",44792
"524",2021-07-28,"151",44943
"525",2021-07-29,"147",45090
"526",2021-07-30,"126",45216
"527",2021-07-31,"122",45338
"528",2021-08-01,"149",45487
"529",2021-08-02,"173",45660
"530",2021-08-03,"168",45828
"531",2021-08-04,"180",46008
"532",2021-08-05,"165",46173
"533",2021-08-06,"162",46335
"534",2021-08-07,"141",46476
"535",2021-08-08,"118",46594
"536",2021-08-09,"179",46773
"537",2021-08-10,"155",46928
"538",2021-08-11,"156",47084
"539",2021-08-12,"158",47242
"540",2021-08-13,"136",47378
"541",2021-08-14,"107",47485
"542",2021-08-15,"110",47595
"543",2021-08-16,"163",47758
"544",2021-08-17,"165",47923
"545",2021-08-18,"143",48066
"546",2021-08-19,"155",48221
"547",2021-08-20,"125",48346
"548",2021-08-21,"105",48451
"549",2021-08-22,"91",48542
"550",2021-08-23,"140",48682
"551",2021-08-24,"133",48815
"552",2021-08-25,"140",48955
"553",2021-08-26,"109",49064
"554",2021-08-27,"120",49184
"555",2021-08-28,"71",49255
"556",2021-08-29,"68",49323
"557",2021-08-30,"106",49429
"558",2021-08-31,"117",49546
"559",2021-09-01,"105",49651
"560",2021-09-02,"107",49758
"561",2021-09-03,"88",49846
"562",2021-09-04,"81",49927
"563",2021-09-05,"45",49972
"564",2021-09-06,"66",50038
"565",2021-09-07,"115",50153
"566",2021-09-08,"89",50242
"567",2021-09-09,"96",50338
"568",2021-09-10,"110",50448
"569",2021-09-11,"61",50509
"570",2021-09-12,"66",50575
"571",2021-09-13,"94",50669
"572",2021-09-14,"78",50747
"573",2021-09-15,"91",50838
"574",2021-09-16,"79",50917
"575",2021-09-17,"59",50976
"576",2021-09-18,"50",51026
"577",2021-09-19,"50",51076
"578",2021-09-20,"82",51158
"579",2021-09-21,"76",51234
"580",2021-09-22,"62",51296
"581",2021-09-23,"64",51360
"582",2021-09-24,"67",51427
"583",2021-09-25,"53",51480
"584",2021-09-26,"53",51533
"585",2021-09-27,"54",51587
"586",2021-09-28,"65",51652
"587",2021-09-29,"41",51693
"588",2021-09-30,"57",51750
"589",2021-10-01,"44",51794
"590",2021-10-02,"34",51828
"591",2021-10-03,"39",51867
"592",2021-10-04,"54",51921
"593",2021-10-05,"52",51973
"594",2021-10-06,"43",52016
"595",2021-10-07,"41",52057
"596",2021-10-08,"38",52095
"597",2021-10-09,"26",52121
"598",2021-10-10,"31",52152
"599",2021-10-11,"41",52193
"600",2021-10-12,"47",52240
"601",2021-10-13,"47",52287
"602",2021-10-14,"47",52334
"603",2021-10-15,"45",52379
"604",2021-10-16,"37",52416
"605",2021-10-17,"45",52461
"606",2021-10-18,"39",52500
"607",2021-10-19,"63",52563
"608",2021-10-20,"54",52617
"609",2021-10-21,"61",52678
"610",2021-10-22,"43",52721
"611",2021-10-23,"44",52765
"612",2021-10-24,"31",52796
"613",2021-10-25,"65",52861
"614",2021-10-26,"52",52913
"615",2021-10-27,"63",52976
"616",2021-10-28,"52",53028
"617",2021-10-29,"41",53069
"618",2021-10-30,"38",53107
"619",2021-10-31,"32",53139
"620",2021-11-01,"52",53191
"621",2021-11-02,"60",53251
"622",2021-11-03,"63",53314
"623",2021-11-04,"58",53372
"624",2021-11-05,"51",53423
"625",2021-11-06,"40",53463
"626",2021-11-07,"30",53493
"627",2021-11-08,"59",53552
"628",2021-11-09,"72",53624
"629",2021-11-10,"43",53667
"630",2021-11-11,"47",53714
"631",2021-11-12,"36",53750
"632",2021-11-13,"47",53797
"633",2021-11-14,"30",53827
"634",2021-11-15,"49",53876
"635",2021-11-16,"44",53920
"636",2021-11-17,"56",53976
"637",2021-11-18,"56",54032
"638",2021-11-19,"53",54085
"639",2021-11-20,"39",54124
"640",2021-11-21,"31",54155
"641",2021-11-22,"45",54200
"642",2021-11-23,"52",54252
"643",2021-11-24,"45",54297
"644",2021-11-25,"31",54328
"645",2021-11-26,"47",54375
"646",2021-11-27,"49",54424
"647",2021-11-28,"49",54473
"648",2021-11-29,"83",54556
"649",2021-11-30,"85",54641
"650",2021-12-01,"81",54722
"651",2021-12-02,"73",54795
"652",2021-12-03,"64",54859
"653",2021-12-04,"59",54918
"654",2021-12-05,"37",54955
"655",2021-12-06,"75",55030
"656",2021-12-07,"51",55081
"657",2021-12-08,"67",55148
"658",2021-12-09,"51",55199
"659",2021-12-10,"55",55254
"660",2021-12-11,"17",55271
"661",2021-12-12,"6",55277
"662",2021-12-13,"3",55280
