"","date","new_cases","total_cases"
"1",2020-02-20,11,11
"2",2020-02-21,2,13
"3",2020-02-23,2,15
"4",2020-02-24,3,18
"5",2020-02-25,4,22
"6",2020-02-26,1,23
"7",2020-02-27,2,25
"8",2020-02-28,4,29
"9",2020-02-29,5,34
"10",2020-03-01,8,42
"11",2020-03-02,8,50
"12",2020-03-03,9,59
"13",2020-03-04,7,66
"14",2020-03-05,4,70
"15",2020-03-06,14,84
"16",2020-03-07,8,92
"17",2020-03-08,10,102
"18",2020-03-09,14,116
"19",2020-03-10,13,129
"20",2020-03-11,14,143
"21",2020-03-12,16,159
"22",2020-03-13,33,192
"23",2020-03-14,19,211
"24",2020-03-15,25,236
"25",2020-03-16,33,269
"26",2020-03-17,36,305
"27",2020-03-18,26,331
"28",2020-03-19,21,352
"29",2020-03-20,33,385
"30",2020-03-21,30,415
"31",2020-03-22,37,452
"32",2020-03-23,29,481
"33",2020-03-24,38,519
"34",2020-03-25,38,557
"35",2020-03-26,37,594
"36",2020-03-27,34,628
"37",2020-03-28,27,655
"38",2020-03-29,19,674
"39",2020-03-30,25,699
"40",2020-03-31,23,722
"41",2020-04-01,18,740
"42",2020-04-02,18,758
"43",2020-04-03,20,778
"44",2020-04-04,16,794
"45",2020-04-05,12,806
"46",2020-04-06,21,827
"47",2020-04-07,20,847
"48",2020-04-08,19,866
"49",2020-04-09,13,879
"50",2020-04-10,16,895
"51",2020-04-11,15,910
"52",2020-04-12,11,921
"53",2020-04-13,26,947
"54",2020-04-14,40,987
"55",2020-04-15,36,1023
"56",2020-04-16,48,1071
"57",2020-04-17,28,1099
"58",2020-04-18,16,1115
"59",2020-04-19,21,1136
"60",2020-04-20,38,1174
"61",2020-04-21,23,1197
"62",2020-04-22,43,1240
"63",2020-04-23,22,1262
"64",2020-04-24,38,1300
"65",2020-04-25,20,1320
"66",2020-04-26,18,1338
"67",2020-04-27,26,1364
"68",2020-04-28,21,1385
"69",2020-04-29,13,1398
"70",2020-04-30,27,1425
"71",2020-05-01,30,1455
"72",2020-05-02,17,1472
"73",2020-05-03,16,1488
"74",2020-05-04,28,1516
"75",2020-05-05,22,1538
"76",2020-05-06,29,1567
"77",2020-05-07,26,1593
"78",2020-05-08,23,1616
"79",2020-05-09,16,1632
"80",2020-05-10,19,1651
"81",2020-05-11,23,1674
"82",2020-05-12,29,1703
"83",2020-05-13,28,1731
"84",2020-05-14,34,1765
"85",2020-05-15,55,1820
"86",2020-05-16,23,1843
"87",2020-05-17,17,1860
"88",2020-05-18,41,1901
"89",2020-05-19,39,1940
"90",2020-05-20,42,1982
"91",2020-05-21,70,2052
"92",2020-05-22,35,2087
"93",2020-05-23,19,2106
"94",2020-05-24,29,2135
"95",2020-05-25,34,2169
"96",2020-05-26,39,2208
"97",2020-05-27,38,2246
"98",2020-05-28,41,2287
"99",2020-05-29,31,2318
"100",2020-05-30,20,2338
"101",2020-05-31,25,2363
"102",2020-06-01,52,2415
"103",2020-06-02,46,2461
"104",2020-06-03,36,2497
"105",2020-06-04,27,2524
"106",2020-06-05,25,2549
"107",2020-06-06,25,2574
"108",2020-06-07,13,2587
"109",2020-06-08,31,2618
"110",2020-06-09,32,2650
"111",2020-06-10,31,2681
"112",2020-06-11,40,2721
"113",2020-06-12,37,2758
"114",2020-06-13,37,2795
"115",2020-06-14,21,2816
"116",2020-06-15,59,2875
"117",2020-06-16,43,2918
"118",2020-06-17,53,2971
"119",2020-06-18,46,3017
"120",2020-06-19,40,3057
"121",2020-06-20,39,3096
"122",2020-06-21,49,3145
"123",2020-06-22,62,3207
"124",2020-06-23,77,3284
"125",2020-06-24,68,3352
"126",2020-06-25,56,3408
"127",2020-06-26,70,3478
"128",2020-06-27,50,3528
"129",2020-06-28,56,3584
"130",2020-06-29,76,3660
"131",2020-06-30,59,3719
"132",2020-07-01,80,3799
"133",2020-07-02,66,3865
"134",2020-07-03,79,3944
"135",2020-07-04,58,4002
"136",2020-07-05,63,4065
"137",2020-07-06,109,4174
"138",2020-07-07,92,4266
"139",2020-07-08,117,4383
"140",2020-07-09,120,4503
"141",2020-07-10,125,4628
"142",2020-07-11,65,4693
"143",2020-07-12,70,4763
"144",2020-07-13,120,4883
"145",2020-07-14,132,5015
"146",2020-07-15,95,5110
"147",2020-07-16,114,5224
"148",2020-07-17,109,5333
"149",2020-07-18,95,5428
"150",2020-07-19,58,5486
"151",2020-07-20,101,5587
"152",2020-07-21,103,5690
"153",2020-07-22,85,5775
"154",2020-07-23,81,5856
"155",2020-07-24,102,5958
"156",2020-07-25,61,6019
"157",2020-07-26,63,6082
"158",2020-07-27,102,6184
"159",2020-07-28,100,6284
"160",2020-07-29,69,6353
"161",2020-07-30,91,6444
"162",2020-07-31,97,6541
"163",2020-08-01,73,6614
"164",2020-08-02,54,6668
"165",2020-08-03,113,6781
"166",2020-08-04,82,6863
"167",2020-08-05,114,6977
"168",2020-08-06,97,7074
"169",2020-08-07,98,7172
"170",2020-08-08,63,7235
"171",2020-08-09,55,7290
"172",2020-08-10,98,7388
"173",2020-08-11,81,7469
"174",2020-08-12,78,7547
"175",2020-08-13,78,7625
"176",2020-08-14,57,7682
"177",2020-08-15,58,7740
"178",2020-08-16,38,7778
"179",2020-08-17,77,7855
"180",2020-08-18,55,7910
"181",2020-08-19,60,7970
"182",2020-08-20,69,8039
"183",2020-08-21,62,8101
"184",2020-08-22,60,8161
"185",2020-08-23,47,8208
"186",2020-08-24,96,8304
"187",2020-08-25,67,8371
"188",2020-08-26,59,8430
"189",2020-08-27,67,8497
"190",2020-08-28,106,8603
"191",2020-08-29,47,8650
"192",2020-08-30,41,8691
"193",2020-08-31,80,8771
"194",2020-09-01,68,8839
"195",2020-09-02,81,8920
"196",2020-09-03,63,8983
"197",2020-09-04,78,9061
"198",2020-09-05,48,9109
"199",2020-09-06,46,9155
"200",2020-09-07,55,9210
"201",2020-09-08,76,9286
"202",2020-09-09,76,9362
"203",2020-09-10,61,9423
"204",2020-09-11,46,9469
"205",2020-09-12,42,9511
"206",2020-09-13,41,9552
"207",2020-09-14,61,9613
"208",2020-09-15,64,9677
"209",2020-09-16,68,9745
"210",2020-09-17,64,9809
"211",2020-09-18,45,9854
"212",2020-09-19,39,9893
"213",2020-09-20,30,9923
"214",2020-09-21,68,9991
"215",2020-09-22,53,10044
"216",2020-09-23,40,10084
"217",2020-09-24,38,10122
"218",2020-09-25,49,10171
"219",2020-09-26,39,10210
"220",2020-09-27,33,10243
"221",2020-09-28,71,10314
"222",2020-09-29,46,10360
"223",2020-09-30,48,10408
"224",2020-10-01,42,10450
"225",2020-10-02,47,10497
"226",2020-10-03,41,10538
"227",2020-10-04,26,10564
"228",2020-10-05,60,10624
"229",2020-10-06,27,10651
"230",2020-10-07,31,10682
"231",2020-10-08,43,10725
"232",2020-10-09,33,10758
"233",2020-10-10,29,10787
"234",2020-10-11,36,10823
"235",2020-10-12,32,10855
"236",2020-10-13,49,10904
"237",2020-10-14,43,10947
"238",2020-10-15,51,10998
"239",2020-10-16,40,11038
"240",2020-10-17,26,11064
"241",2020-10-18,29,11093
"242",2020-10-19,61,11154
"243",2020-10-20,48,11202
"244",2020-10-21,45,11247
"245",2020-10-22,47,11294
"246",2020-10-23,56,11350
"247",2020-10-24,49,11399
"248",2020-10-25,39,11438
"249",2020-10-26,51,11489
"250",2020-10-27,43,11532
"251",2020-10-28,47,11579
"252",2020-10-29,68,11647
"253",2020-10-30,47,11694
"254",2020-10-31,60,11754
"255",2020-11-01,53,11807
"256",2020-11-02,82,11889
"257",2020-11-03,112,12001
"258",2020-11-04,97,12098
"259",2020-11-05,99,12197
"260",2020-11-06,99,12296
"261",2020-11-07,76,12372
"262",2020-11-08,60,12432
"263",2020-11-09,128,12560
"264",2020-11-10,109,12669
"265",2020-11-11,103,12772
"266",2020-11-12,116,12888
"267",2020-11-13,120,13008
"268",2020-11-14,90,13098
"269",2020-11-15,102,13200
"270",2020-11-16,181,13381
"271",2020-11-17,165,13546
"272",2020-11-18,161,13707
"273",2020-11-19,153,13860
"274",2020-11-20,133,13993
"275",2020-11-21,132,14125
"276",2020-11-22,102,14227
"277",2020-11-23,199,14426
"278",2020-11-24,196,14622
"279",2020-11-25,195,14817
"280",2020-11-26,120,14937
"281",2020-11-27,185,15122
"282",2020-11-28,196,15318
"283",2020-11-29,186,15504
"284",2020-11-30,335,15839
"285",2020-12-01,354,16193
"286",2020-12-02,324,16517
"287",2020-12-03,352,16869
"288",2020-12-04,348,17217
"289",2020-12-05,290,17507
"290",2020-12-06,246,17753
"291",2020-12-07,507,18260
"292",2020-12-08,434,18694
"293",2020-12-09,391,19085
"294",2020-12-10,440,19525
"295",2020-12-11,440,19965
"296",2020-12-12,272,20237
"297",2020-12-13,214,20451
"298",2020-12-14,489,20940
"299",2020-12-15,494,21434
"300",2020-12-16,399,21833
"301",2020-12-17,324,22157
"302",2020-12-18,367,22524
"303",2020-12-19,306,22830
"304",2020-12-20,213,23043
"305",2020-12-21,430,23473
"306",2020-12-22,399,23872
"307",2020-12-23,322,24194
"308",2020-12-24,300,24494
"309",2020-12-25,197,24691
"310",2020-12-26,317,25008
"311",2020-12-27,332,25340
"312",2020-12-28,541,25881
"313",2020-12-29,442,26323
"314",2020-12-30,441,26764
"315",2020-12-31,373,27137
"316",2021-01-01,306,27443
"317",2021-01-02,452,27895
"318",2021-01-03,346,28241
"319",2021-01-04,608,28849
"320",2021-01-05,566,29415
"321",2021-01-06,498,29913
"322",2021-01-07,430,30343
"323",2021-01-08,529,30872
"324",2021-01-09,352,31224
"325",2021-01-10,307,31531
"326",2021-01-11,494,32025
"327",2021-01-12,453,32478
"328",2021-01-13,397,32875
"329",2021-01-14,349,33224
"330",2021-01-15,369,33593
"331",2021-01-16,243,33836
"332",2021-01-17,172,34008
"333",2021-01-18,253,34261
"334",2021-01-19,316,34577
"335",2021-01-20,297,34874
"336",2021-01-21,231,35105
"337",2021-01-22,247,35352
"338",2021-01-23,226,35578
"339",2021-01-24,177,35755
"340",2021-01-25,248,36003
"341",2021-01-26,241,36244
"342",2021-01-27,202,36446
"343",2021-01-28,156,36602
"344",2021-01-29,168,36770
"345",2021-01-30,129,36899
"346",2021-01-31,143,37042
"347",2021-02-01,193,37235
"348",2021-02-02,153,37388
"349",2021-02-03,169,37557
"350",2021-02-04,140,37697
"351",2021-02-05,121,37818
"352",2021-02-06,84,37902
"353",2021-02-07,72,37974
"354",2021-02-08,138,38112
"355",2021-02-09,114,38226
"356",2021-02-10,129,38355
"357",2021-02-11,90,38445
"358",2021-02-12,96,38541
"359",2021-02-13,74,38615
"360",2021-02-14,53,38668
"361",2021-02-15,83,38751
"362",2021-02-16,81,38832
"363",2021-02-17,60,38892
"364",2021-02-18,67,38959
"365",2021-02-19,63,39022
"366",2021-02-20,60,39082
"367",2021-02-21,43,39125
"368",2021-02-22,65,39190
"369",2021-02-23,55,39245
"370",2021-02-24,60,39305
"371",2021-02-25,39,39344
"372",2021-02-26,46,39390
"373",2021-02-27,43,39433
"374",2021-02-28,42,39475
"375",2021-03-01,55,39530
"376",2021-03-02,50,39580
"377",2021-03-03,53,39633
"378",2021-03-04,51,39684
"379",2021-03-05,43,39727
"380",2021-03-06,33,39760
"381",2021-03-07,23,39783
"382",2021-03-08,40,39823
"383",2021-03-09,48,39871
"384",2021-03-10,47,39918
"385",2021-03-11,26,39944
"386",2021-03-12,38,39982
"387",2021-03-13,36,40018
"388",2021-03-14,27,40045
"389",2021-03-15,39,40084
"390",2021-03-16,53,40137
"391",2021-03-17,34,40171
"392",2021-03-18,31,40202
"393",2021-03-19,40,40242
"394",2021-03-20,25,40267
"395",2021-03-21,34,40301
"396",2021-03-22,44,40345
"397",2021-03-23,50,40395
"398",2021-03-24,59,40454
"399",2021-03-25,49,40503
"400",2021-03-26,41,40544
"401",2021-03-27,34,40578
"402",2021-03-28,25,40603
"403",2021-03-29,45,40648
"404",2021-03-30,42,40690
"405",2021-03-31,46,40736
"406",2021-04-01,31,40767
"407",2021-04-02,41,40808
"408",2021-04-03,42,40850
"409",2021-04-04,25,40875
"410",2021-04-05,42,40917
"411",2021-04-06,42,40959
"412",2021-04-07,49,41008
"413",2021-04-08,45,41053
"414",2021-04-09,39,41092
"415",2021-04-10,38,41130
"416",2021-04-11,30,41160
"417",2021-04-12,54,41214
"418",2021-04-13,43,41257
"419",2021-04-14,45,41302
"420",2021-04-15,38,41340
"421",2021-04-16,38,41378
"422",2021-04-17,30,41408
"423",2021-04-18,23,41431
"424",2021-04-19,30,41461
"425",2021-04-20,33,41494
"426",2021-04-21,32,41526
"427",2021-04-22,30,41556
"428",2021-04-23,27,41583
"429",2021-04-24,25,41608
"430",2021-04-25,13,41621
"431",2021-04-26,36,41657
"432",2021-04-27,30,41687
"433",2021-04-28,35,41722
"434",2021-04-29,27,41749
"435",2021-04-30,28,41777
"436",2021-05-01,14,41791
"437",2021-05-02,29,41820
"438",2021-05-03,16,41836
"439",2021-05-04,24,41860
"440",2021-05-05,25,41885
"441",2021-05-06,28,41913
"442",2021-05-07,18,41931
"443",2021-05-08,14,41945
"444",2021-05-09,11,41956
"445",2021-05-10,29,41985
"446",2021-05-11,19,42004
"447",2021-05-12,18,42022
"448",2021-05-13,9,42031
"449",2021-05-14,18,42049
"450",2021-05-15,10,42059
"451",2021-05-16,16,42075
"452",2021-05-17,11,42086
"453",2021-05-18,26,42112
"454",2021-05-19,12,42124
"455",2021-05-20,7,42131
"456",2021-05-21,14,42145
"457",2021-05-22,13,42158
"458",2021-05-23,10,42168
"459",2021-05-24,17,42185
"460",2021-05-25,10,42195
"461",2021-05-26,10,42205
"462",2021-05-27,8,42213
"463",2021-05-28,9,42222
"464",2021-05-29,6,42228
"465",2021-05-30,8,42236
"466",2021-05-31,8,42244
"467",2021-06-01,16,42260
"468",2021-06-02,16,42276
"469",2021-06-03,10,42286
"470",2021-06-04,12,42298
"471",2021-06-05,11,42309
"472",2021-06-06,10,42319
"473",2021-06-07,17,42336
"474",2021-06-08,16,42352
"475",2021-06-09,12,42364
"476",2021-06-10,16,42380
"477",2021-06-11,7,42387
"478",2021-06-12,14,42401
"479",2021-06-13,6,42407
"480",2021-06-14,14,42421
"481",2021-06-15,14,42435
"482",2021-06-16,13,42448
"483",2021-06-17,17,42465
"484",2021-06-18,6,42471
"485",2021-06-19,12,42483
"486",2021-06-20,16,42499
"487",2021-06-21,27,42526
"488",2021-06-22,16,42542
"489",2021-06-23,14,42556
"490",2021-06-24,16,42572
"491",2021-06-25,26,42598
"492",2021-06-26,18,42616
"493",2021-06-27,20,42636
"494",2021-06-28,28,42664
"495",2021-06-29,35,42699
"496",2021-06-30,32,42731
"497",2021-07-01,37,42768
"498",2021-07-02,26,42794
"499",2021-07-03,35,42829
"500",2021-07-04,25,42854
"501",2021-07-05,34,42888
"502",2021-07-06,51,42939
"503",2021-07-07,75,43014
"504",2021-07-08,53,43067
"505",2021-07-09,50,43117
"506",2021-07-10,43,43160
"507",2021-07-11,51,43211
"508",2021-07-12,81,43292
"509",2021-07-13,93,43385
"510",2021-07-14,71,43456
"511",2021-07-15,99,43555
"512",2021-07-16,104,43659
"513",2021-07-17,53,43712
"514",2021-07-18,71,43783
"515",2021-07-19,113,43896
"516",2021-07-20,142,44038
"517",2021-07-21,117,44155
"518",2021-07-22,91,44246
"519",2021-07-23,112,44358
"520",2021-07-24,104,44462
"521",2021-07-25,115,44577
"522",2021-07-26,164,44741
"523",2021-07-27,150,44891
"524",2021-07-28,151,45042
"525",2021-07-29,148,45190
"526",2021-07-30,126,45316
"527",2021-07-31,125,45441
"528",2021-08-01,157,45598
"529",2021-08-02,182,45780
"530",2021-08-03,178,45958
"531",2021-08-04,193,46151
"532",2021-08-05,177,46328
"533",2021-08-06,175,46503
"534",2021-08-07,153,46656
"535",2021-08-08,127,46783
"536",2021-08-09,193,46976
"537",2021-08-10,175,47151
"538",2021-08-11,178,47329
"539",2021-08-12,168,47497
"540",2021-08-13,147,47644
"541",2021-08-14,117,47761
"542",2021-08-15,119,47880
"543",2021-08-16,188,48068
"544",2021-08-17,183,48251
"545",2021-08-18,157,48408
"546",2021-08-19,163,48571
"547",2021-08-20,134,48705
"548",2021-08-21,112,48817
"549",2021-08-22,95,48912
"550",2021-08-23,174,49086
"551",2021-08-24,140,49226
"552",2021-08-25,150,49376
"553",2021-08-26,127,49503
"554",2021-08-27,128,49631
"555",2021-08-28,77,49708
"556",2021-08-29,74,49782
"557",2021-08-30,113,49895
"558",2021-08-31,129,50024
"559",2021-09-01,112,50136
"560",2021-09-02,120,50256
"561",2021-09-03,98,50354
"562",2021-09-04,96,50450
"563",2021-09-05,50,50500
"564",2021-09-06,70,50570
"565",2021-09-07,131,50701
"566",2021-09-08,96,50797
"567",2021-09-09,105,50902
"568",2021-09-10,121,51023
"569",2021-09-11,70,51093
"570",2021-09-12,73,51166
"571",2021-09-13,108,51274
"572",2021-09-14,89,51363
"573",2021-09-15,101,51464
"574",2021-09-16,83,51547
"575",2021-09-17,79,51626
"576",2021-09-18,55,51681
"577",2021-09-19,52,51733
"578",2021-09-20,98,51831
"579",2021-09-21,86,51917
"580",2021-09-22,69,51986
"581",2021-09-23,71,52057
"582",2021-09-24,75,52132
"583",2021-09-25,60,52192
"584",2021-09-26,64,52256
"585",2021-09-27,69,52325
"586",2021-09-28,76,52401
"587",2021-09-29,45,52446
"588",2021-09-30,61,52507
"589",2021-10-01,49,52556
"590",2021-10-02,40,52596
"591",2021-10-03,41,52637
"592",2021-10-04,68,52705
"593",2021-10-05,60,52765
"594",2021-10-06,47,52812
"595",2021-10-07,49,52861
"596",2021-10-08,40,52901
"597",2021-10-09,29,52930
"598",2021-10-10,32,52962
"599",2021-10-11,42,53004
"600",2021-10-12,47,53051
"601",2021-10-13,51,53102
"602",2021-10-14,50,53152
"603",2021-10-15,49,53201
"604",2021-10-16,43,53244
"605",2021-10-17,52,53296
"606",2021-10-18,49,53345
"607",2021-10-19,66,53411
"608",2021-10-20,61,53472
"609",2021-10-21,70,53542
"610",2021-10-22,47,53589
"611",2021-10-23,51,53640
"612",2021-10-24,39,53679
"613",2021-10-25,74,53753
"614",2021-10-26,60,53813
"615",2021-10-27,72,53885
"616",2021-10-28,56,53941
"617",2021-10-29,45,53986
"618",2021-10-30,44,54030
"619",2021-10-31,39,54069
"620",2021-11-01,58,54127
"621",2021-11-02,65,54192
"622",2021-11-03,72,54264
"623",2021-11-04,65,54329
"624",2021-11-05,56,54385
"625",2021-11-06,44,54429
"626",2021-11-07,36,54465
"627",2021-11-08,60,54525
"628",2021-11-09,76,54601
"629",2021-11-10,46,54647
"630",2021-11-11,54,54701
"631",2021-11-12,47,54748
"632",2021-11-13,49,54797
"633",2021-11-14,38,54835
"634",2021-11-15,54,54889
"635",2021-11-16,52,54941
"636",2021-11-17,63,55004
"637",2021-11-18,69,55073
"638",2021-11-19,60,55133
"639",2021-11-20,47,55180
"640",2021-11-21,35,55215
"641",2021-11-22,54,55269
"642",2021-11-23,57,55326
"643",2021-11-24,51,55377
"644",2021-11-25,31,55408
"645",2021-11-26,49,55457
"646",2021-11-27,63,55520
"647",2021-11-28,58,55578
"648",2021-11-29,94,55672
"649",2021-11-30,100,55772
"650",2021-12-01,105,55877
"651",2021-12-02,80,55957
"652",2021-12-03,83,56040
"653",2021-12-04,62,56102
"654",2021-12-05,53,56155
"655",2021-12-06,94,56249
"656",2021-12-07,75,56324
"657",2021-12-08,91,56415
"658",2021-12-09,71,56486
"659",2021-12-10,88,56574
"660",2021-12-11,57,56631
"661",2021-12-12,78,56709
"662",2021-12-13,115,56824
"663",2021-12-14,160,56984
"664",2021-12-15,165,57149
"665",2021-12-16,142,57291
"666",2021-12-17,199,57490
"667",2021-12-18,186,57676
"668",2021-12-19,241,57917
"669",2021-12-20,468,58385
"670",2021-12-21,554,58939
"671",2021-12-22,625,59564
"672",2021-12-23,692,60256
"673",2021-12-24,573,60829
"674",2021-12-25,438,61267
"675",2021-12-26,1049,62316
"676",2021-12-27,1434,63750
"677",2021-12-28,1559,65309
"678",2021-12-29,1531,66840
"679",2021-12-30,1640,68480
"680",2021-12-31,1041,69521
"681",2022-01-01,902,70423
"682",2022-01-02,1481,71904
"683",2022-01-03,2614,74518
"684",2022-01-04,2744,77262
"685",2022-01-05,2353,79615
"686",2022-01-06,2222,81837
"687",2022-01-07,2515,84352
"688",2022-01-08,1518,85870
"689",2022-01-09,1423,87293
"690",2022-01-10,2615,89908
"691",2022-01-11,2727,92635
"692",2022-01-12,2346,94981
"693",2022-01-13,2077,97058
"694",2022-01-14,1808,98866
"695",2022-01-15,1259,100125
"696",2022-01-16,981,101106
"697",2022-01-17,1553,102659
"698",2022-01-18,1982,104641
"699",2022-01-19,1545,106186
"700",2022-01-20,1433,107619
"701",2022-01-21,1226,108845
"702",2022-01-22,678,109523
"703",2022-01-23,597,110120
"704",2022-01-24,1135,111255
"705",2022-01-25,1017,112272
"706",2022-01-26,856,113128
"707",2022-01-27,689,113817
"708",2022-01-28,603,114420
"709",2022-01-29,362,114782
"710",2022-01-30,342,115124
"711",2022-01-31,581,115705
"712",2022-02-01,518,116223
"713",2022-02-02,474,116697
"714",2022-02-03,373,117070
"715",2022-02-04,354,117424
"716",2022-02-05,235,117659
"717",2022-02-06,191,117850
"718",2022-02-07,351,118201
"719",2022-02-08,293,118494
"720",2022-02-09,217,118711
"721",2022-02-10,193,118904
"722",2022-02-11,185,119089
"723",2022-02-12,121,119210
"724",2022-02-13,92,119302
"725",2022-02-14,229,119531
"726",2022-02-15,169,119700
"727",2022-02-16,144,119844
"728",2022-02-17,122,119966
"729",2022-02-18,94,120060
"730",2022-02-19,65,120125
"731",2022-02-20,41,120166
"732",2022-02-21,76,120242
"733",2022-02-22,94,120336
"734",2022-02-23,97,120433
"735",2022-02-24,94,120527
"736",2022-02-25,92,120619
"737",2022-02-26,63,120682
"738",2022-02-27,55,120737
"739",2022-02-28,110,120847
"740",2022-03-01,101,120948
"741",2022-03-02,72,121020
"742",2022-03-03,88,121108
"743",2022-03-04,75,121183
"744",2022-03-05,58,121241
"745",2022-03-06,54,121295
"746",2022-03-07,86,121381
"747",2022-03-08,76,121457
"748",2022-03-09,82,121539
"749",2022-03-10,59,121598
"750",2022-03-11,60,121658
"751",2022-03-12,50,121708
"752",2022-03-13,35,121743
"753",2022-03-14,81,121824
"754",2022-03-15,73,121897
"755",2022-03-16,52,121949
"756",2022-03-17,63,122012
"757",2022-03-18,50,122062
"758",2022-03-19,35,122097
"759",2022-03-20,37,122134
"760",2022-03-21,60,122194
"761",2022-03-22,159,122353
"762",2022-03-23,79,122432
"763",2022-03-24,82,122514
"764",2022-03-25,51,122565
"765",2022-03-26,56,122621
"766",2022-03-27,60,122681
"767",2022-03-28,110,122791
"768",2022-03-29,115,122906
"769",2022-03-30,96,123002
"770",2022-03-31,104,123106
"771",2022-04-01,114,123220
"772",2022-04-02,63,123283
"773",2022-04-03,96,123379
"774",2022-04-04,145,123524
"775",2022-04-05,142,123666
"776",2022-04-06,121,123787
"777",2022-04-07,108,123895
"778",2022-04-08,122,124017
"779",2022-04-09,106,124123
"780",2022-04-10,93,124216
"781",2022-04-11,169,124385
"782",2022-04-12,189,124574
"783",2022-04-13,156,124730
"784",2022-04-14,152,124882
"785",2022-04-15,166,125048
"786",2022-04-16,138,125186
"787",2022-04-17,96,125282
"788",2022-04-18,244,125526
"789",2022-04-19,236,125762
"790",2022-04-20,238,126000
"791",2022-04-21,219,126219
"792",2022-04-22,204,126423
"793",2022-04-23,162,126585
"794",2022-04-24,160,126745
"795",2022-04-25,307,127052
"796",2022-04-26,268,127320
"797",2022-04-27,274,127594
"798",2022-04-28,237,127831
"799",2022-04-29,240,128071
"800",2022-04-30,199,128270
"801",2022-05-01,208,128478
"802",2022-05-02,379,128857
"803",2022-05-03,323,129180
"804",2022-05-04,346,129526
"805",2022-05-05,325,129851
"806",2022-05-06,339,130190
"807",2022-05-07,229,130419
"808",2022-05-08,283,130702
"809",2022-05-09,467,131169
"810",2022-05-10,429,131598
"811",2022-05-11,381,131979
"812",2022-05-12,397,132376
"813",2022-05-13,402,132778
"814",2022-05-14,283,133061
"815",2022-05-15,304,133365
"816",2022-05-16,512,133877
"817",2022-05-17,524,134401
"818",2022-05-18,469,134870
"819",2022-05-19,394,135264
"820",2022-05-20,406,135670
"821",2022-05-21,225,135895
"822",2022-05-22,178,136073
"823",2022-05-23,219,136292
"824",2022-05-24,33,136325
