"","date","new_cases","total_cases"
"1",2020-02-20,11,11
"2",2020-02-21,2,13
"3",2020-02-23,2,15
"4",2020-02-24,3,18
"5",2020-02-25,4,22
"6",2020-02-26,1,23
"7",2020-02-27,2,25
"8",2020-02-28,4,29
"9",2020-02-29,5,34
"10",2020-03-01,8,42
"11",2020-03-02,8,50
"12",2020-03-03,9,59
"13",2020-03-04,7,66
"14",2020-03-05,4,70
"15",2020-03-06,14,84
"16",2020-03-07,8,92
"17",2020-03-08,10,102
"18",2020-03-09,14,116
"19",2020-03-10,13,129
"20",2020-03-11,14,143
"21",2020-03-12,16,159
"22",2020-03-13,33,192
"23",2020-03-14,19,211
"24",2020-03-15,25,236
"25",2020-03-16,33,269
"26",2020-03-17,36,305
"27",2020-03-18,26,331
"28",2020-03-19,21,352
"29",2020-03-20,33,385
"30",2020-03-21,30,415
"31",2020-03-22,37,452
"32",2020-03-23,29,481
"33",2020-03-24,39,520
"34",2020-03-25,38,558
"35",2020-03-26,37,595
"36",2020-03-27,34,629
"37",2020-03-28,27,656
"38",2020-03-29,19,675
"39",2020-03-30,25,700
"40",2020-03-31,23,723
"41",2020-04-01,18,741
"42",2020-04-02,18,759
"43",2020-04-03,20,779
"44",2020-04-04,16,795
"45",2020-04-05,12,807
"46",2020-04-06,21,828
"47",2020-04-07,20,848
"48",2020-04-08,19,867
"49",2020-04-09,13,880
"50",2020-04-10,16,896
"51",2020-04-11,15,911
"52",2020-04-12,11,922
"53",2020-04-13,26,948
"54",2020-04-14,40,988
"55",2020-04-15,36,1024
"56",2020-04-16,48,1072
"57",2020-04-17,28,1100
"58",2020-04-18,16,1116
"59",2020-04-19,21,1137
"60",2020-04-20,38,1175
"61",2020-04-21,23,1198
"62",2020-04-22,43,1241
"63",2020-04-23,22,1263
"64",2020-04-24,38,1301
"65",2020-04-25,20,1321
"66",2020-04-26,18,1339
"67",2020-04-27,26,1365
"68",2020-04-28,21,1386
"69",2020-04-29,13,1399
"70",2020-04-30,27,1426
"71",2020-05-01,30,1456
"72",2020-05-02,17,1473
"73",2020-05-03,16,1489
"74",2020-05-04,28,1517
"75",2020-05-05,22,1539
"76",2020-05-06,29,1568
"77",2020-05-07,26,1594
"78",2020-05-08,23,1617
"79",2020-05-09,16,1633
"80",2020-05-10,19,1652
"81",2020-05-11,23,1675
"82",2020-05-12,29,1704
"83",2020-05-13,28,1732
"84",2020-05-14,34,1766
"85",2020-05-15,55,1821
"86",2020-05-16,23,1844
"87",2020-05-17,17,1861
"88",2020-05-18,41,1902
"89",2020-05-19,39,1941
"90",2020-05-20,42,1983
"91",2020-05-21,70,2053
"92",2020-05-22,35,2088
"93",2020-05-23,19,2107
"94",2020-05-24,29,2136
"95",2020-05-25,34,2170
"96",2020-05-26,39,2209
"97",2020-05-27,38,2247
"98",2020-05-28,41,2288
"99",2020-05-29,31,2319
"100",2020-05-30,20,2339
"101",2020-05-31,25,2364
"102",2020-06-01,52,2416
"103",2020-06-02,46,2462
"104",2020-06-03,36,2498
"105",2020-06-04,27,2525
"106",2020-06-05,25,2550
"107",2020-06-06,25,2575
"108",2020-06-07,13,2588
"109",2020-06-08,31,2619
"110",2020-06-09,32,2651
"111",2020-06-10,31,2682
"112",2020-06-11,40,2722
"113",2020-06-12,37,2759
"114",2020-06-13,37,2796
"115",2020-06-14,21,2817
"116",2020-06-15,59,2876
"117",2020-06-16,43,2919
"118",2020-06-17,53,2972
"119",2020-06-18,46,3018
"120",2020-06-19,40,3058
"121",2020-06-20,39,3097
"122",2020-06-21,49,3146
"123",2020-06-22,62,3208
"124",2020-06-23,77,3285
"125",2020-06-24,68,3353
"126",2020-06-25,56,3409
"127",2020-06-26,70,3479
"128",2020-06-27,50,3529
"129",2020-06-28,56,3585
"130",2020-06-29,76,3661
"131",2020-06-30,59,3720
"132",2020-07-01,80,3800
"133",2020-07-02,66,3866
"134",2020-07-03,79,3945
"135",2020-07-04,58,4003
"136",2020-07-05,63,4066
"137",2020-07-06,109,4175
"138",2020-07-07,92,4267
"139",2020-07-08,117,4384
"140",2020-07-09,120,4504
"141",2020-07-10,125,4629
"142",2020-07-11,65,4694
"143",2020-07-12,70,4764
"144",2020-07-13,120,4884
"145",2020-07-14,132,5016
"146",2020-07-15,95,5111
"147",2020-07-16,114,5225
"148",2020-07-17,109,5334
"149",2020-07-18,95,5429
"150",2020-07-19,58,5487
"151",2020-07-20,101,5588
"152",2020-07-21,103,5691
"153",2020-07-22,85,5776
"154",2020-07-23,81,5857
"155",2020-07-24,102,5959
"156",2020-07-25,61,6020
"157",2020-07-26,63,6083
"158",2020-07-27,102,6185
"159",2020-07-28,100,6285
"160",2020-07-29,69,6354
"161",2020-07-30,91,6445
"162",2020-07-31,97,6542
"163",2020-08-01,73,6615
"164",2020-08-02,54,6669
"165",2020-08-03,113,6782
"166",2020-08-04,82,6864
"167",2020-08-05,114,6978
"168",2020-08-06,97,7075
"169",2020-08-07,98,7173
"170",2020-08-08,63,7236
"171",2020-08-09,55,7291
"172",2020-08-10,98,7389
"173",2020-08-11,81,7470
"174",2020-08-12,78,7548
"175",2020-08-13,78,7626
"176",2020-08-14,57,7683
"177",2020-08-15,58,7741
"178",2020-08-16,38,7779
"179",2020-08-17,77,7856
"180",2020-08-18,55,7911
"181",2020-08-19,60,7971
"182",2020-08-20,69,8040
"183",2020-08-21,62,8102
"184",2020-08-22,60,8162
"185",2020-08-23,47,8209
"186",2020-08-24,96,8305
"187",2020-08-25,67,8372
"188",2020-08-26,59,8431
"189",2020-08-27,67,8498
"190",2020-08-28,106,8604
"191",2020-08-29,47,8651
"192",2020-08-30,41,8692
"193",2020-08-31,80,8772
"194",2020-09-01,68,8840
"195",2020-09-02,81,8921
"196",2020-09-03,63,8984
"197",2020-09-04,78,9062
"198",2020-09-05,48,9110
"199",2020-09-06,46,9156
"200",2020-09-07,55,9211
"201",2020-09-08,76,9287
"202",2020-09-09,76,9363
"203",2020-09-10,61,9424
"204",2020-09-11,46,9470
"205",2020-09-12,42,9512
"206",2020-09-13,41,9553
"207",2020-09-14,61,9614
"208",2020-09-15,64,9678
"209",2020-09-16,68,9746
"210",2020-09-17,64,9810
"211",2020-09-18,45,9855
"212",2020-09-19,39,9894
"213",2020-09-20,30,9924
"214",2020-09-21,68,9992
"215",2020-09-22,53,10045
"216",2020-09-23,40,10085
"217",2020-09-24,38,10123
"218",2020-09-25,49,10172
"219",2020-09-26,39,10211
"220",2020-09-27,33,10244
"221",2020-09-28,71,10315
"222",2020-09-29,46,10361
"223",2020-09-30,48,10409
"224",2020-10-01,42,10451
"225",2020-10-02,48,10499
"226",2020-10-03,41,10540
"227",2020-10-04,26,10566
"228",2020-10-05,60,10626
"229",2020-10-06,27,10653
"230",2020-10-07,31,10684
"231",2020-10-08,43,10727
"232",2020-10-09,33,10760
"233",2020-10-10,29,10789
"234",2020-10-11,36,10825
"235",2020-10-12,32,10857
"236",2020-10-13,49,10906
"237",2020-10-14,43,10949
"238",2020-10-15,51,11000
"239",2020-10-16,40,11040
"240",2020-10-17,26,11066
"241",2020-10-18,29,11095
"242",2020-10-19,61,11156
"243",2020-10-20,48,11204
"244",2020-10-21,45,11249
"245",2020-10-22,47,11296
"246",2020-10-23,56,11352
"247",2020-10-24,49,11401
"248",2020-10-25,39,11440
"249",2020-10-26,51,11491
"250",2020-10-27,43,11534
"251",2020-10-28,47,11581
"252",2020-10-29,68,11649
"253",2020-10-30,47,11696
"254",2020-10-31,60,11756
"255",2020-11-01,53,11809
"256",2020-11-02,82,11891
"257",2020-11-03,112,12003
"258",2020-11-04,97,12100
"259",2020-11-05,99,12199
"260",2020-11-06,99,12298
"261",2020-11-07,76,12374
"262",2020-11-08,60,12434
"263",2020-11-09,128,12562
"264",2020-11-10,109,12671
"265",2020-11-11,103,12774
"266",2020-11-12,116,12890
"267",2020-11-13,120,13010
"268",2020-11-14,90,13100
"269",2020-11-15,102,13202
"270",2020-11-16,181,13383
"271",2020-11-17,165,13548
"272",2020-11-18,161,13709
"273",2020-11-19,153,13862
"274",2020-11-20,133,13995
"275",2020-11-21,132,14127
"276",2020-11-22,102,14229
"277",2020-11-23,199,14428
"278",2020-11-24,196,14624
"279",2020-11-25,195,14819
"280",2020-11-26,120,14939
"281",2020-11-27,185,15124
"282",2020-11-28,196,15320
"283",2020-11-29,186,15506
"284",2020-11-30,335,15841
"285",2020-12-01,354,16195
"286",2020-12-02,323,16518
"287",2020-12-03,352,16870
"288",2020-12-04,348,17218
"289",2020-12-05,290,17508
"290",2020-12-06,246,17754
"291",2020-12-07,507,18261
"292",2020-12-08,434,18695
"293",2020-12-09,391,19086
"294",2020-12-10,440,19526
"295",2020-12-11,440,19966
"296",2020-12-12,272,20238
"297",2020-12-13,214,20452
"298",2020-12-14,489,20941
"299",2020-12-15,494,21435
"300",2020-12-16,399,21834
"301",2020-12-17,324,22158
"302",2020-12-18,367,22525
"303",2020-12-19,306,22831
"304",2020-12-20,213,23044
"305",2020-12-21,430,23474
"306",2020-12-22,399,23873
"307",2020-12-23,322,24195
"308",2020-12-24,300,24495
"309",2020-12-25,197,24692
"310",2020-12-26,317,25009
"311",2020-12-27,332,25341
"312",2020-12-28,539,25880
"313",2020-12-29,442,26322
"314",2020-12-30,441,26763
"315",2020-12-31,372,27135
"316",2021-01-01,305,27440
"317",2021-01-02,450,27890
"318",2021-01-03,344,28234
"319",2021-01-04,579,28813
"320",2021-01-05,559,29372
"321",2021-01-06,497,29869
"322",2021-01-07,428,30297
"323",2021-01-08,528,30825
"324",2021-01-09,350,31175
"325",2021-01-10,307,31482
"326",2021-01-11,494,31976
"327",2021-01-12,447,32423
"328",2021-01-13,397,32820
"329",2021-01-14,349,33169
"330",2021-01-15,369,33538
"331",2021-01-16,243,33781
"332",2021-01-17,171,33952
"333",2021-01-18,252,34204
"334",2021-01-19,308,34512
"335",2021-01-20,297,34809
"336",2021-01-21,231,35040
"337",2021-01-22,247,35287
"338",2021-01-23,226,35513
"339",2021-01-24,177,35690
"340",2021-01-25,248,35938
"341",2021-01-26,241,36179
"342",2021-01-27,202,36381
"343",2021-01-28,156,36537
"344",2021-01-29,168,36705
"345",2021-01-30,129,36834
"346",2021-01-31,143,36977
"347",2021-02-01,192,37169
"348",2021-02-02,152,37321
"349",2021-02-03,170,37491
"350",2021-02-04,140,37631
"351",2021-02-05,121,37752
"352",2021-02-06,84,37836
"353",2021-02-07,72,37908
"354",2021-02-08,138,38046
"355",2021-02-09,114,38160
"356",2021-02-10,129,38289
"357",2021-02-11,90,38379
"358",2021-02-12,95,38474
"359",2021-02-13,73,38547
"360",2021-02-14,53,38600
"361",2021-02-15,82,38682
"362",2021-02-16,81,38763
"363",2021-02-17,60,38823
"364",2021-02-18,67,38890
"365",2021-02-19,63,38953
"366",2021-02-20,60,39013
"367",2021-02-21,43,39056
"368",2021-02-22,64,39120
"369",2021-02-23,55,39175
"370",2021-02-24,60,39235
"371",2021-02-25,39,39274
"372",2021-02-26,46,39320
"373",2021-02-27,43,39363
"374",2021-02-28,42,39405
"375",2021-03-01,55,39460
"376",2021-03-02,50,39510
"377",2021-03-03,53,39563
"378",2021-03-04,51,39614
"379",2021-03-05,43,39657
"380",2021-03-06,33,39690
"381",2021-03-07,23,39713
"382",2021-03-08,40,39753
"383",2021-03-09,48,39801
"384",2021-03-10,47,39848
"385",2021-03-11,26,39874
"386",2021-03-12,38,39912
"387",2021-03-13,36,39948
"388",2021-03-14,27,39975
"389",2021-03-15,39,40014
"390",2021-03-16,53,40067
"391",2021-03-17,34,40101
"392",2021-03-18,31,40132
"393",2021-03-19,40,40172
"394",2021-03-20,25,40197
"395",2021-03-21,34,40231
"396",2021-03-22,44,40275
"397",2021-03-23,50,40325
"398",2021-03-24,59,40384
"399",2021-03-25,49,40433
"400",2021-03-26,41,40474
"401",2021-03-27,34,40508
"402",2021-03-28,25,40533
"403",2021-03-29,45,40578
"404",2021-03-30,42,40620
"405",2021-03-31,46,40666
"406",2021-04-01,31,40697
"407",2021-04-02,41,40738
"408",2021-04-03,42,40780
"409",2021-04-04,25,40805
"410",2021-04-05,42,40847
"411",2021-04-06,41,40888
"412",2021-04-07,49,40937
"413",2021-04-08,45,40982
"414",2021-04-09,39,41021
"415",2021-04-10,38,41059
"416",2021-04-11,30,41089
"417",2021-04-12,54,41143
"418",2021-04-13,43,41186
"419",2021-04-14,45,41231
"420",2021-04-15,38,41269
"421",2021-04-16,38,41307
"422",2021-04-17,30,41337
"423",2021-04-18,23,41360
"424",2021-04-19,30,41390
"425",2021-04-20,33,41423
"426",2021-04-21,32,41455
"427",2021-04-22,29,41484
"428",2021-04-23,27,41511
"429",2021-04-24,25,41536
"430",2021-04-25,13,41549
"431",2021-04-26,36,41585
"432",2021-04-27,30,41615
"433",2021-04-28,35,41650
"434",2021-04-29,27,41677
"435",2021-04-30,28,41705
"436",2021-05-01,14,41719
"437",2021-05-02,29,41748
"438",2021-05-03,16,41764
"439",2021-05-04,24,41788
"440",2021-05-05,25,41813
"441",2021-05-06,28,41841
"442",2021-05-07,18,41859
"443",2021-05-08,14,41873
"444",2021-05-09,11,41884
"445",2021-05-10,29,41913
"446",2021-05-11,19,41932
"447",2021-05-12,18,41950
"448",2021-05-13,9,41959
"449",2021-05-14,18,41977
"450",2021-05-15,10,41987
"451",2021-05-16,16,42003
"452",2021-05-17,11,42014
"453",2021-05-18,26,42040
"454",2021-05-19,12,42052
"455",2021-05-20,7,42059
"456",2021-05-21,14,42073
"457",2021-05-22,13,42086
"458",2021-05-23,10,42096
"459",2021-05-24,17,42113
"460",2021-05-25,10,42123
"461",2021-05-26,10,42133
"462",2021-05-27,8,42141
"463",2021-05-28,9,42150
"464",2021-05-29,6,42156
"465",2021-05-30,8,42164
"466",2021-05-31,8,42172
"467",2021-06-01,16,42188
"468",2021-06-02,16,42204
"469",2021-06-03,10,42214
"470",2021-06-04,12,42226
"471",2021-06-05,11,42237
"472",2021-06-06,10,42247
"473",2021-06-07,16,42263
"474",2021-06-08,16,42279
"475",2021-06-09,12,42291
"476",2021-06-10,16,42307
"477",2021-06-11,7,42314
"478",2021-06-12,14,42328
"479",2021-06-13,6,42334
"480",2021-06-14,14,42348
"481",2021-06-15,14,42362
"482",2021-06-16,13,42375
"483",2021-06-17,17,42392
"484",2021-06-18,6,42398
"485",2021-06-19,12,42410
"486",2021-06-20,16,42426
"487",2021-06-21,27,42453
"488",2021-06-22,16,42469
"489",2021-06-23,14,42483
"490",2021-06-24,16,42499
"491",2021-06-25,26,42525
"492",2021-06-26,18,42543
"493",2021-06-27,20,42563
"494",2021-06-28,28,42591
"495",2021-06-29,35,42626
"496",2021-06-30,32,42658
"497",2021-07-01,37,42695
"498",2021-07-02,26,42721
"499",2021-07-03,35,42756
"500",2021-07-04,25,42781
"501",2021-07-05,34,42815
"502",2021-07-06,51,42866
"503",2021-07-07,75,42941
"504",2021-07-08,53,42994
"505",2021-07-09,50,43044
"506",2021-07-10,43,43087
"507",2021-07-11,51,43138
"508",2021-07-12,81,43219
"509",2021-07-13,93,43312
"510",2021-07-14,71,43383
"511",2021-07-15,99,43482
"512",2021-07-16,104,43586
"513",2021-07-17,53,43639
"514",2021-07-18,71,43710
"515",2021-07-19,113,43823
"516",2021-07-20,142,43965
"517",2021-07-21,117,44082
"518",2021-07-22,91,44173
"519",2021-07-23,112,44285
"520",2021-07-24,104,44389
"521",2021-07-25,115,44504
"522",2021-07-26,164,44668
"523",2021-07-27,151,44819
"524",2021-07-28,150,44969
"525",2021-07-29,148,45117
"526",2021-07-30,126,45243
"527",2021-07-31,124,45367
"528",2021-08-01,156,45523
"529",2021-08-02,182,45705
"530",2021-08-03,176,45881
"531",2021-08-04,192,46073
"532",2021-08-05,176,46249
"533",2021-08-06,175,46424
"534",2021-08-07,153,46577
"535",2021-08-08,127,46704
"536",2021-08-09,193,46897
"537",2021-08-10,175,47072
"538",2021-08-11,176,47248
"539",2021-08-12,168,47416
"540",2021-08-13,147,47563
"541",2021-08-14,117,47680
"542",2021-08-15,119,47799
"543",2021-08-16,188,47987
"544",2021-08-17,183,48170
"545",2021-08-18,157,48327
"546",2021-08-19,163,48490
"547",2021-08-20,134,48624
"548",2021-08-21,112,48736
"549",2021-08-22,95,48831
"550",2021-08-23,174,49005
"551",2021-08-24,141,49146
"552",2021-08-25,150,49296
"553",2021-08-26,127,49423
"554",2021-08-27,128,49551
"555",2021-08-28,77,49628
"556",2021-08-29,74,49702
"557",2021-08-30,112,49814
"558",2021-08-31,128,49942
"559",2021-09-01,111,50053
"560",2021-09-02,120,50173
"561",2021-09-03,98,50271
"562",2021-09-04,96,50367
"563",2021-09-05,50,50417
"564",2021-09-06,69,50486
"565",2021-09-07,131,50617
"566",2021-09-08,96,50713
"567",2021-09-09,102,50815
"568",2021-09-10,121,50936
"569",2021-09-11,69,51005
"570",2021-09-12,73,51078
"571",2021-09-13,107,51185
"572",2021-09-14,89,51274
"573",2021-09-15,101,51375
"574",2021-09-16,83,51458
"575",2021-09-17,78,51536
"576",2021-09-18,55,51591
"577",2021-09-19,52,51643
"578",2021-09-20,99,51742
"579",2021-09-21,86,51828
"580",2021-09-22,70,51898
"581",2021-09-23,71,51969
"582",2021-09-24,75,52044
"583",2021-09-25,60,52104
"584",2021-09-26,64,52168
"585",2021-09-27,69,52237
"586",2021-09-28,77,52314
"587",2021-09-29,45,52359
"588",2021-09-30,61,52420
"589",2021-10-01,49,52469
"590",2021-10-02,40,52509
"591",2021-10-03,41,52550
"592",2021-10-04,66,52616
"593",2021-10-05,60,52676
"594",2021-10-06,46,52722
"595",2021-10-07,47,52769
"596",2021-10-08,40,52809
"597",2021-10-09,29,52838
"598",2021-10-10,32,52870
"599",2021-10-11,42,52912
"600",2021-10-12,47,52959
"601",2021-10-13,51,53010
"602",2021-10-14,49,53059
"603",2021-10-15,49,53108
"604",2021-10-16,43,53151
"605",2021-10-17,51,53202
"606",2021-10-18,48,53250
"607",2021-10-19,66,53316
"608",2021-10-20,62,53378
"609",2021-10-21,70,53448
"610",2021-10-22,46,53494
"611",2021-10-23,50,53544
"612",2021-10-24,39,53583
"613",2021-10-25,73,53656
"614",2021-10-26,61,53717
"615",2021-10-27,71,53788
"616",2021-10-28,55,53843
"617",2021-10-29,45,53888
"618",2021-10-30,44,53932
"619",2021-10-31,39,53971
"620",2021-11-01,57,54028
"621",2021-11-02,63,54091
"622",2021-11-03,72,54163
"623",2021-11-04,63,54226
"624",2021-11-05,56,54282
"625",2021-11-06,42,54324
"626",2021-11-07,36,54360
"627",2021-11-08,59,54419
"628",2021-11-09,73,54492
"629",2021-11-10,46,54538
"630",2021-11-11,53,54591
"631",2021-11-12,46,54637
"632",2021-11-13,49,54686
"633",2021-11-14,37,54723
"634",2021-11-15,54,54777
"635",2021-11-16,52,54829
"636",2021-11-17,61,54890
"637",2021-11-18,69,54959
"638",2021-11-19,60,55019
"639",2021-11-20,47,55066
"640",2021-11-21,34,55100
"641",2021-11-22,52,55152
"642",2021-11-23,57,55209
"643",2021-11-24,51,55260
"644",2021-11-25,31,55291
"645",2021-11-26,49,55340
"646",2021-11-27,62,55402
"647",2021-11-28,58,55460
"648",2021-11-29,94,55554
"649",2021-11-30,99,55653
"650",2021-12-01,104,55757
"651",2021-12-02,78,55835
"652",2021-12-03,82,55917
"653",2021-12-04,62,55979
"654",2021-12-05,51,56030
"655",2021-12-06,93,56123
"656",2021-12-07,75,56198
"657",2021-12-08,90,56288
"658",2021-12-09,68,56356
"659",2021-12-10,86,56442
"660",2021-12-11,57,56499
"661",2021-12-12,76,56575
"662",2021-12-13,115,56690
"663",2021-12-14,159,56849
"664",2021-12-15,162,57011
"665",2021-12-16,138,57149
"666",2021-12-17,197,57346
"667",2021-12-18,182,57528
"668",2021-12-19,235,57763
"669",2021-12-20,456,58219
"670",2021-12-21,548,58767
"671",2021-12-22,618,59385
"672",2021-12-23,682,60067
"673",2021-12-24,566,60633
"674",2021-12-25,436,61069
"675",2021-12-26,1043,62112
"676",2021-12-27,1419,63531
"677",2021-12-28,1524,65055
"678",2021-12-29,1491,66546
"679",2021-12-30,1592,68138
"680",2021-12-31,1024,69162
"681",2022-01-01,888,70050
"682",2022-01-02,1444,71494
"683",2022-01-03,2518,74012
"684",2022-01-04,2649,76661
"685",2022-01-05,2268,78929
"686",2022-01-06,2138,81067
"687",2022-01-07,2419,83486
"688",2022-01-08,1473,84959
"689",2022-01-09,1378,86337
"690",2022-01-10,2536,88873
"691",2022-01-11,2664,91537
"692",2022-01-12,2267,93804
"693",2022-01-13,2013,95817
"694",2022-01-14,1746,97563
"695",2022-01-15,1218,98781
"696",2022-01-16,958,99739
"697",2022-01-17,1495,101234
"698",2022-01-18,1919,103153
"699",2022-01-19,1485,104638
"700",2022-01-20,1359,105997
"701",2022-01-21,1175,107172
"702",2022-01-22,664,107836
"703",2022-01-23,580,108416
"704",2022-01-24,1072,109488
"705",2022-01-25,955,110443
"706",2022-01-26,817,111260
"707",2022-01-27,661,111921
"708",2022-01-28,592,112513
"709",2022-01-29,354,112867
"710",2022-01-30,346,113213
"711",2022-01-31,578,113791
"712",2022-02-01,519,114310
"713",2022-02-02,475,114785
"714",2022-02-03,375,115160
"715",2022-02-04,356,115516
"716",2022-02-05,237,115753
"717",2022-02-06,191,115944
"718",2022-02-07,350,116294
"719",2022-02-08,287,116581
"720",2022-02-09,220,116801
"721",2022-02-10,194,116995
"722",2022-02-11,188,117183
"723",2022-02-12,121,117304
"724",2022-02-13,94,117398
"725",2022-02-14,225,117623
"726",2022-02-15,171,117794
"727",2022-02-16,143,117937
"728",2022-02-17,124,118061
"729",2022-02-18,93,118154
"730",2022-02-19,65,118219
"731",2022-02-20,41,118260
"732",2022-02-21,75,118335
"733",2022-02-22,90,118425
"734",2022-02-23,91,118516
"735",2022-02-24,96,118612
"736",2022-02-25,90,118702
"737",2022-02-26,59,118761
"738",2022-02-27,54,118815
"739",2022-02-28,100,118915
"740",2022-03-01,86,119001
"741",2022-03-02,66,119067
"742",2022-03-03,75,119142
"743",2022-03-04,53,119195
"744",2022-03-05,23,119218
"745",2022-03-06,6,119224
