"","date","new_cases","total_cases"
"1",2020-02-20,"11",11
"2",2020-02-21,"1",12
"3",2020-02-23,"1",13
"4",2020-02-24,"3",16
"5",2020-02-25,"4",20
"6",2020-02-26,"2",22
"7",2020-02-27,"2",24
"8",2020-02-28,"4",28
"9",2020-02-29,"5",33
"10",2020-03-01,"7",40
"11",2020-03-02,"8",48
"12",2020-03-03,"8",56
"13",2020-03-04,"7",63
"14",2020-03-05,"4",67
"15",2020-03-06,"14",81
"16",2020-03-07,"8",89
"17",2020-03-08,"10",99
"18",2020-03-09,"14",113
"19",2020-03-10,"13",126
"20",2020-03-11,"14",140
"21",2020-03-12,"16",156
"22",2020-03-13,"32",188
"23",2020-03-14,"19",207
"24",2020-03-15,"25",232
"25",2020-03-16,"33",265
"26",2020-03-17,"36",301
"27",2020-03-18,"27",328
"28",2020-03-19,"22",350
"29",2020-03-20,"31",381
"30",2020-03-21,"30",411
"31",2020-03-22,"36",447
"32",2020-03-23,"29",476
"33",2020-03-24,"37",513
"34",2020-03-25,"38",551
"35",2020-03-26,"37",588
"36",2020-03-27,"35",623
"37",2020-03-28,"28",651
"38",2020-03-29,"19",670
"39",2020-03-30,"25",695
"40",2020-03-31,"22",717
"41",2020-04-01,"18",735
"42",2020-04-02,"18",753
"43",2020-04-03,"21",774
"44",2020-04-04,"16",790
"45",2020-04-05,"12",802
"46",2020-04-06,"22",824
"47",2020-04-07,"20",844
"48",2020-04-08,"19",863
"49",2020-04-09,"13",876
"50",2020-04-10,"16",892
"51",2020-04-11,"15",907
"52",2020-04-12,"11",918
"53",2020-04-13,"26",944
"54",2020-04-14,"40",984
"55",2020-04-15,"36",1020
"56",2020-04-16,"49",1069
"57",2020-04-17,"28",1097
"58",2020-04-18,"16",1113
"59",2020-04-19,"21",1134
"60",2020-04-20,"38",1172
"61",2020-04-21,"23",1195
"62",2020-04-22,"42",1237
"63",2020-04-23,"23",1260
"64",2020-04-24,"38",1298
"65",2020-04-25,"20",1318
"66",2020-04-26,"18",1336
"67",2020-04-27,"26",1362
"68",2020-04-28,"21",1383
"69",2020-04-29,"13",1396
"70",2020-04-30,"27",1423
"71",2020-05-01,"29",1452
"72",2020-05-02,"17",1469
"73",2020-05-03,"16",1485
"74",2020-05-04,"27",1512
"75",2020-05-05,"27",1539
"76",2020-05-06,"28",1567
"77",2020-05-07,"27",1594
"78",2020-05-08,"20",1614
"79",2020-05-09,"16",1630
"80",2020-05-10,"19",1649
"81",2020-05-11,"23",1672
"82",2020-05-12,"29",1701
"83",2020-05-13,"28",1729
"84",2020-05-14,"32",1761
"85",2020-05-15,"47",1808
"86",2020-05-16,"23",1831
"87",2020-05-17,"21",1852
"88",2020-05-18,"41",1893
"89",2020-05-19,"40",1933
"90",2020-05-20,"41",1974
"91",2020-05-21,"73",2047
"92",2020-05-22,"33",2080
"93",2020-05-23,"18",2098
"94",2020-05-24,"31",2129
"95",2020-05-25,"35",2164
"96",2020-05-26,"39",2203
"97",2020-05-27,"38",2241
"98",2020-05-28,"39",2280
"99",2020-05-29,"31",2311
"100",2020-05-30,"20",2331
"101",2020-05-31,"25",2356
"102",2020-06-01,"53",2409
"103",2020-06-02,"46",2455
"104",2020-06-03,"36",2491
"105",2020-06-04,"27",2518
"106",2020-06-05,"25",2543
"107",2020-06-06,"24",2567
"108",2020-06-07,"13",2580
"109",2020-06-08,"32",2612
"110",2020-06-09,"31",2643
"111",2020-06-10,"32",2675
"112",2020-06-11,"39",2714
"113",2020-06-12,"37",2751
"114",2020-06-13,"36",2787
"115",2020-06-14,"21",2808
"116",2020-06-15,"60",2868
"117",2020-06-16,"44",2912
"118",2020-06-17,"54",2966
"119",2020-06-18,"46",3012
"120",2020-06-19,"40",3052
"121",2020-06-20,"39",3091
"122",2020-06-21,"49",3140
"123",2020-06-22,"61",3201
"124",2020-06-23,"76",3277
"125",2020-06-24,"68",3345
"126",2020-06-25,"59",3404
"127",2020-06-26,"70",3474
"128",2020-06-27,"52",3526
"129",2020-06-28,"56",3582
"130",2020-06-29,"74",3656
"131",2020-06-30,"59",3715
"132",2020-07-01,"80",3795
"133",2020-07-02,"64",3859
"134",2020-07-03,"79",3938
"135",2020-07-04,"58",3996
"136",2020-07-05,"63",4059
"137",2020-07-06,"108",4167
"138",2020-07-07,"87",4254
"139",2020-07-08,"115",4369
"140",2020-07-09,"118",4487
"141",2020-07-10,"129",4616
"142",2020-07-11,"65",4681
"143",2020-07-12,"72",4753
"144",2020-07-13,"120",4873
"145",2020-07-14,"133",5006
"146",2020-07-15,"91",5097
"147",2020-07-16,"115",5212
"148",2020-07-17,"111",5323
"149",2020-07-18,"94",5417
"150",2020-07-19,"59",5476
"151",2020-07-20,"104",5580
"152",2020-07-21,"106",5686
"153",2020-07-22,"86",5772
"154",2020-07-23,"81",5853
"155",2020-07-24,"100",5953
"156",2020-07-25,"61",6014
"157",2020-07-26,"63",6077
"158",2020-07-27,"102",6179
"159",2020-07-28,"99",6278
"160",2020-07-29,"68",6346
"161",2020-07-30,"90",6436
"162",2020-07-31,"99",6535
"163",2020-08-01,"72",6607
"164",2020-08-02,"54",6661
"165",2020-08-03,"113",6774
"166",2020-08-04,"82",6856
"167",2020-08-05,"113",6969
"168",2020-08-06,"99",7068
"169",2020-08-07,"98",7166
"170",2020-08-08,"63",7229
"171",2020-08-09,"56",7285
"172",2020-08-10,"98",7383
"173",2020-08-11,"83",7466
"174",2020-08-12,"79",7545
"175",2020-08-13,"79",7624
"176",2020-08-14,"56",7680
"177",2020-08-15,"58",7738
"178",2020-08-16,"39",7777
"179",2020-08-17,"76",7853
"180",2020-08-18,"57",7910
"181",2020-08-19,"62",7972
"182",2020-08-20,"68",8040
"183",2020-08-21,"62",8102
"184",2020-08-22,"60",8162
"185",2020-08-23,"47",8209
"186",2020-08-24,"96",8305
"187",2020-08-25,"67",8372
"188",2020-08-26,"60",8432
"189",2020-08-27,"67",8499
"190",2020-08-28,"106",8605
"191",2020-08-29,"47",8652
"192",2020-08-30,"41",8693
"193",2020-08-31,"80",8773
"194",2020-09-01,"67",8840
"195",2020-09-02,"80",8920
"196",2020-09-03,"63",8983
"197",2020-09-04,"76",9059
"198",2020-09-05,"48",9107
"199",2020-09-06,"46",9153
"200",2020-09-07,"55",9208
"201",2020-09-08,"77",9285
"202",2020-09-09,"76",9361
"203",2020-09-10,"61",9422
"204",2020-09-11,"47",9469
"205",2020-09-12,"42",9511
"206",2020-09-13,"40",9551
"207",2020-09-14,"62",9613
"208",2020-09-15,"61",9674
"209",2020-09-16,"69",9743
"210",2020-09-17,"64",9807
"211",2020-09-18,"44",9851
"212",2020-09-19,"38",9889
"213",2020-09-20,"31",9920
"214",2020-09-21,"68",9988
"215",2020-09-22,"53",10041
"216",2020-09-23,"38",10079
"217",2020-09-24,"38",10117
"218",2020-09-25,"48",10165
"219",2020-09-26,"40",10205
"220",2020-09-27,"33",10238
"221",2020-09-28,"72",10310
"222",2020-09-29,"46",10356
"223",2020-09-30,"48",10404
"224",2020-10-01,"42",10446
"225",2020-10-02,"48",10494
"226",2020-10-03,"42",10536
"227",2020-10-04,"27",10563
"228",2020-10-05,"60",10623
"229",2020-10-06,"28",10651
"230",2020-10-07,"30",10681
"231",2020-10-08,"43",10724
"232",2020-10-09,"31",10755
"233",2020-10-10,"29",10784
"234",2020-10-11,"34",10818
"235",2020-10-12,"34",10852
"236",2020-10-13,"49",10901
"237",2020-10-14,"43",10944
"238",2020-10-15,"51",10995
"239",2020-10-16,"41",11036
"240",2020-10-17,"27",11063
"241",2020-10-18,"28",11091
"242",2020-10-19,"60",11151
"243",2020-10-20,"49",11200
"244",2020-10-21,"46",11246
"245",2020-10-22,"47",11293
"246",2020-10-23,"56",11349
"247",2020-10-24,"49",11398
"248",2020-10-25,"39",11437
"249",2020-10-26,"51",11488
"250",2020-10-27,"42",11530
"251",2020-10-28,"46",11576
"252",2020-10-29,"66",11642
"253",2020-10-30,"47",11689
"254",2020-10-31,"60",11749
"255",2020-11-01,"53",11802
"256",2020-11-02,"80",11882
"257",2020-11-03,"112",11994
"258",2020-11-04,"94",12088
"259",2020-11-05,"98",12186
"260",2020-11-06,"98",12284
"261",2020-11-07,"77",12361
"262",2020-11-08,"62",12423
"263",2020-11-09,"126",12549
"264",2020-11-10,"111",12660
"265",2020-11-11,"102",12762
"266",2020-11-12,"116",12878
"267",2020-11-13,"120",12998
"268",2020-11-14,"89",13087
"269",2020-11-15,"102",13189
"270",2020-11-16,"181",13370
"271",2020-11-17,"163",13533
"272",2020-11-18,"164",13697
"273",2020-11-19,"152",13849
"274",2020-11-20,"133",13982
"275",2020-11-21,"132",14114
"276",2020-11-22,"102",14216
"277",2020-11-23,"198",14414
"278",2020-11-24,"197",14611
"279",2020-11-25,"197",14808
"280",2020-11-26,"121",14929
"281",2020-11-27,"184",15113
"282",2020-11-28,"196",15309
"283",2020-11-29,"186",15495
"284",2020-11-30,"334",15829
"285",2020-12-01,"356",16185
"286",2020-12-02,"326",16511
"287",2020-12-03,"352",16863
"288",2020-12-04,"351",17214
"289",2020-12-05,"292",17506
"290",2020-12-06,"245",17751
"291",2020-12-07,"502",18253
"292",2020-12-08,"437",18690
"293",2020-12-09,"391",19081
"294",2020-12-10,"436",19517
"295",2020-12-11,"447",19964
"296",2020-12-12,"269",20233
"297",2020-12-13,"208",20441
"298",2020-12-14,"473",20914
"299",2020-12-15,"479",21393
"300",2020-12-16,"390",21783
"301",2020-12-17,"351",22134
"302",2020-12-18,"356",22490
"303",2020-12-19,"302",22792
"304",2020-12-20,"211",23003
"305",2020-12-21,"421",23424
"306",2020-12-22,"399",23823
"307",2020-12-23,"324",24147
"308",2020-12-24,"319",24466
"309",2020-12-25,"185",24651
"310",2020-12-26,"312",24963
"311",2020-12-27,"327",25290
"312",2020-12-28,"540",25830
"313",2020-12-29,"449",26279
"314",2020-12-30,"439",26718
"315",2020-12-31,"364",27082
"316",2021-01-01,"285",27367
"317",2021-01-02,"430",27797
"318",2021-01-03,"317",28114
"319",2021-01-04,"560",28674
"320",2021-01-05,"545",29219
"321",2021-01-06,"494",29713
"322",2021-01-07,"425",30138
"323",2021-01-08,"513",30651
"324",2021-01-09,"348",30999
"325",2021-01-10,"302",31301
"326",2021-01-11,"505",31806
"327",2021-01-12,"440",32246
"328",2021-01-13,"395",32641
"329",2021-01-14,"343",32984
"330",2021-01-15,"367",33351
"331",2021-01-16,"240",33591
"332",2021-01-17,"170",33761
"333",2021-01-18,"253",34014
"334",2021-01-19,"306",34320
"335",2021-01-20,"292",34612
"336",2021-01-21,"231",34843
"337",2021-01-22,"242",35085
"338",2021-01-23,"223",35308
"339",2021-01-24,"171",35479
"340",2021-01-25,"244",35723
"341",2021-01-26,"236",35959
"342",2021-01-27,"201",36160
"343",2021-01-28,"153",36313
"344",2021-01-29,"165",36478
"345",2021-01-30,"128",36606
"346",2021-01-31,"141",36747
"347",2021-02-01,"196",36943
"348",2021-02-02,"150",37093
"349",2021-02-03,"162",37255
"350",2021-02-04,"147",37402
"351",2021-02-05,"107",37509
"352",2021-02-06,"79",37588
"353",2021-02-07,"72",37660
"354",2021-02-08,"135",37795
"355",2021-02-09,"110",37905
"356",2021-02-10,"131",38036
"357",2021-02-11,"88",38124
"358",2021-02-12,"96",38220
"359",2021-02-13,"73",38293
"360",2021-02-14,"51",38344
"361",2021-02-15,"82",38426
"362",2021-02-16,"79",38505
"363",2021-02-17,"58",38563
"364",2021-02-18,"69",38632
"365",2021-02-19,"66",38698
"366",2021-02-20,"58",38756
"367",2021-02-21,"39",38795
"368",2021-02-22,"64",38859
"369",2021-02-23,"53",38912
"370",2021-02-24,"59",38971
"371",2021-02-25,"42",39013
"372",2021-02-26,"48",39061
"373",2021-02-27,"43",39104
"374",2021-02-28,"42",39146
"375",2021-03-01,"52",39198
"376",2021-03-02,"51",39249
"377",2021-03-03,"52",39301
"378",2021-03-04,"52",39353
"379",2021-03-05,"46",39399
"380",2021-03-06,"31",39430
"381",2021-03-07,"24",39454
"382",2021-03-08,"37",39491
"383",2021-03-09,"45",39536
"384",2021-03-10,"42",39578
"385",2021-03-11,"26",39604
"386",2021-03-12,"37",39641
"387",2021-03-13,"29",39670
"388",2021-03-14,"21",39691
"389",2021-03-15,"40",39731
"390",2021-03-16,"42",39773
"391",2021-03-17,"17",39790
"392",2021-03-18,"33",39823
"393",2021-03-19,"29",39852
"394",2021-03-20,"20",39872
"395",2021-03-21,"2",39874
