"","date","new_cases","total_cases"
"1",2020-02-20,23,23
"2",2020-02-21,2,25
"3",2020-02-23,2,27
"4",2020-02-24,3,30
"5",2020-02-25,4,34
"6",2020-02-26,1,35
"7",2020-02-27,2,37
"8",2020-02-28,4,41
"9",2020-02-29,5,46
"10",2020-03-01,8,54
"11",2020-03-02,8,62
"12",2020-03-03,9,71
"13",2020-03-04,7,78
"14",2020-03-05,4,82
"15",2020-03-06,14,96
"16",2020-03-07,8,104
"17",2020-03-08,10,114
"18",2020-03-09,14,128
"19",2020-03-10,13,141
"20",2020-03-11,14,155
"21",2020-03-12,16,171
"22",2020-03-13,33,204
"23",2020-03-14,19,223
"24",2020-03-15,25,248
"25",2020-03-16,33,281
"26",2020-03-17,36,317
"27",2020-03-18,26,343
"28",2020-03-19,21,364
"29",2020-03-20,33,397
"30",2020-03-21,30,427
"31",2020-03-22,37,464
"32",2020-03-23,29,493
"33",2020-03-24,38,531
"34",2020-03-25,38,569
"35",2020-03-26,37,606
"36",2020-03-27,34,640
"37",2020-03-28,27,667
"38",2020-03-29,19,686
"39",2020-03-30,25,711
"40",2020-03-31,24,735
"41",2020-04-01,18,753
"42",2020-04-02,18,771
"43",2020-04-03,20,791
"44",2020-04-04,16,807
"45",2020-04-05,12,819
"46",2020-04-06,21,840
"47",2020-04-07,20,860
"48",2020-04-08,19,879
"49",2020-04-09,13,892
"50",2020-04-10,16,908
"51",2020-04-11,15,923
"52",2020-04-12,11,934
"53",2020-04-13,26,960
"54",2020-04-14,40,1000
"55",2020-04-15,36,1036
"56",2020-04-16,48,1084
"57",2020-04-17,28,1112
"58",2020-04-18,16,1128
"59",2020-04-19,21,1149
"60",2020-04-20,38,1187
"61",2020-04-21,23,1210
"62",2020-04-22,43,1253
"63",2020-04-23,22,1275
"64",2020-04-24,38,1313
"65",2020-04-25,20,1333
"66",2020-04-26,18,1351
"67",2020-04-27,26,1377
"68",2020-04-28,21,1398
"69",2020-04-29,13,1411
"70",2020-04-30,27,1438
"71",2020-05-01,30,1468
"72",2020-05-02,17,1485
"73",2020-05-03,16,1501
"74",2020-05-04,28,1529
"75",2020-05-05,22,1551
"76",2020-05-06,29,1580
"77",2020-05-07,26,1606
"78",2020-05-08,23,1629
"79",2020-05-09,16,1645
"80",2020-05-10,19,1664
"81",2020-05-11,23,1687
"82",2020-05-12,29,1716
"83",2020-05-13,28,1744
"84",2020-05-14,34,1778
"85",2020-05-15,55,1833
"86",2020-05-16,23,1856
"87",2020-05-17,17,1873
"88",2020-05-18,41,1914
"89",2020-05-19,39,1953
"90",2020-05-20,42,1995
"91",2020-05-21,70,2065
"92",2020-05-22,35,2100
"93",2020-05-23,19,2119
"94",2020-05-24,29,2148
"95",2020-05-25,34,2182
"96",2020-05-26,39,2221
"97",2020-05-27,38,2259
"98",2020-05-28,41,2300
"99",2020-05-29,31,2331
"100",2020-05-30,20,2351
"101",2020-05-31,25,2376
"102",2020-06-01,52,2428
"103",2020-06-02,46,2474
"104",2020-06-03,36,2510
"105",2020-06-04,27,2537
"106",2020-06-05,25,2562
"107",2020-06-06,25,2587
"108",2020-06-07,13,2600
"109",2020-06-08,31,2631
"110",2020-06-09,32,2663
"111",2020-06-10,31,2694
"112",2020-06-11,40,2734
"113",2020-06-12,37,2771
"114",2020-06-13,37,2808
"115",2020-06-14,21,2829
"116",2020-06-15,59,2888
"117",2020-06-16,43,2931
"118",2020-06-17,53,2984
"119",2020-06-18,46,3030
"120",2020-06-19,40,3070
"121",2020-06-20,39,3109
"122",2020-06-21,49,3158
"123",2020-06-22,62,3220
"124",2020-06-23,77,3297
"125",2020-06-24,68,3365
"126",2020-06-25,56,3421
"127",2020-06-26,70,3491
"128",2020-06-27,50,3541
"129",2020-06-28,56,3597
"130",2020-06-29,76,3673
"131",2020-06-30,59,3732
"132",2020-07-01,80,3812
"133",2020-07-02,66,3878
"134",2020-07-03,79,3957
"135",2020-07-04,58,4015
"136",2020-07-05,63,4078
"137",2020-07-06,109,4187
"138",2020-07-07,92,4279
"139",2020-07-08,117,4396
"140",2020-07-09,120,4516
"141",2020-07-10,125,4641
"142",2020-07-11,65,4706
"143",2020-07-12,70,4776
"144",2020-07-13,120,4896
"145",2020-07-14,132,5028
"146",2020-07-15,95,5123
"147",2020-07-16,114,5237
"148",2020-07-17,109,5346
"149",2020-07-18,95,5441
"150",2020-07-19,58,5499
"151",2020-07-20,101,5600
"152",2020-07-21,103,5703
"153",2020-07-22,85,5788
"154",2020-07-23,81,5869
"155",2020-07-24,102,5971
"156",2020-07-25,61,6032
"157",2020-07-26,63,6095
"158",2020-07-27,102,6197
"159",2020-07-28,100,6297
"160",2020-07-29,69,6366
"161",2020-07-30,91,6457
"162",2020-07-31,97,6554
"163",2020-08-01,73,6627
"164",2020-08-02,54,6681
"165",2020-08-03,113,6794
"166",2020-08-04,82,6876
"167",2020-08-05,114,6990
"168",2020-08-06,97,7087
"169",2020-08-07,98,7185
"170",2020-08-08,63,7248
"171",2020-08-09,55,7303
"172",2020-08-10,98,7401
"173",2020-08-11,81,7482
"174",2020-08-12,78,7560
"175",2020-08-13,78,7638
"176",2020-08-14,57,7695
"177",2020-08-15,58,7753
"178",2020-08-16,38,7791
"179",2020-08-17,77,7868
"180",2020-08-18,55,7923
"181",2020-08-19,60,7983
"182",2020-08-20,69,8052
"183",2020-08-21,62,8114
"184",2020-08-22,60,8174
"185",2020-08-23,47,8221
"186",2020-08-24,96,8317
"187",2020-08-25,67,8384
"188",2020-08-26,59,8443
"189",2020-08-27,67,8510
"190",2020-08-28,106,8616
"191",2020-08-29,47,8663
"192",2020-08-30,41,8704
"193",2020-08-31,80,8784
"194",2020-09-01,68,8852
"195",2020-09-02,81,8933
"196",2020-09-03,63,8996
"197",2020-09-04,78,9074
"198",2020-09-05,48,9122
"199",2020-09-06,46,9168
"200",2020-09-07,55,9223
"201",2020-09-08,76,9299
"202",2020-09-09,76,9375
"203",2020-09-10,61,9436
"204",2020-09-11,46,9482
"205",2020-09-12,42,9524
"206",2020-09-13,41,9565
"207",2020-09-14,61,9626
"208",2020-09-15,64,9690
"209",2020-09-16,68,9758
"210",2020-09-17,64,9822
"211",2020-09-18,45,9867
"212",2020-09-19,39,9906
"213",2020-09-20,30,9936
"214",2020-09-21,68,10004
"215",2020-09-22,53,10057
"216",2020-09-23,40,10097
"217",2020-09-24,38,10135
"218",2020-09-25,49,10184
"219",2020-09-26,39,10223
"220",2020-09-27,33,10256
"221",2020-09-28,71,10327
"222",2020-09-29,46,10373
"223",2020-09-30,48,10421
"224",2020-10-01,42,10463
"225",2020-10-02,47,10510
"226",2020-10-03,41,10551
"227",2020-10-04,26,10577
"228",2020-10-05,60,10637
"229",2020-10-06,27,10664
"230",2020-10-07,31,10695
"231",2020-10-08,43,10738
"232",2020-10-09,33,10771
"233",2020-10-10,29,10800
"234",2020-10-11,36,10836
"235",2020-10-12,32,10868
"236",2020-10-13,49,10917
"237",2020-10-14,43,10960
"238",2020-10-15,51,11011
"239",2020-10-16,40,11051
"240",2020-10-17,26,11077
"241",2020-10-18,29,11106
"242",2020-10-19,61,11167
"243",2020-10-20,48,11215
"244",2020-10-21,45,11260
"245",2020-10-22,47,11307
"246",2020-10-23,56,11363
"247",2020-10-24,49,11412
"248",2020-10-25,39,11451
"249",2020-10-26,51,11502
"250",2020-10-27,43,11545
"251",2020-10-28,47,11592
"252",2020-10-29,68,11660
"253",2020-10-30,47,11707
"254",2020-10-31,60,11767
"255",2020-11-01,53,11820
"256",2020-11-02,82,11902
"257",2020-11-03,112,12014
"258",2020-11-04,97,12111
"259",2020-11-05,99,12210
"260",2020-11-06,99,12309
"261",2020-11-07,76,12385
"262",2020-11-08,60,12445
"263",2020-11-09,128,12573
"264",2020-11-10,109,12682
"265",2020-11-11,103,12785
"266",2020-11-12,116,12901
"267",2020-11-13,120,13021
"268",2020-11-14,90,13111
"269",2020-11-15,102,13213
"270",2020-11-16,181,13394
"271",2020-11-17,165,13559
"272",2020-11-18,161,13720
"273",2020-11-19,153,13873
"274",2020-11-20,133,14006
"275",2020-11-21,132,14138
"276",2020-11-22,102,14240
"277",2020-11-23,199,14439
"278",2020-11-24,196,14635
"279",2020-11-25,195,14830
"280",2020-11-26,120,14950
"281",2020-11-27,185,15135
"282",2020-11-28,196,15331
"283",2020-11-29,186,15517
"284",2020-11-30,335,15852
"285",2020-12-01,354,16206
"286",2020-12-02,324,16530
"287",2020-12-03,352,16882
"288",2020-12-04,348,17230
"289",2020-12-05,290,17520
"290",2020-12-06,246,17766
"291",2020-12-07,507,18273
"292",2020-12-08,434,18707
"293",2020-12-09,391,19098
"294",2020-12-10,440,19538
"295",2020-12-11,440,19978
"296",2020-12-12,272,20250
"297",2020-12-13,214,20464
"298",2020-12-14,489,20953
"299",2020-12-15,494,21447
"300",2020-12-16,399,21846
"301",2020-12-17,324,22170
"302",2020-12-18,367,22537
"303",2020-12-19,306,22843
"304",2020-12-20,213,23056
"305",2020-12-21,430,23486
"306",2020-12-22,399,23885
"307",2020-12-23,322,24207
"308",2020-12-24,300,24507
"309",2020-12-25,197,24704
"310",2020-12-26,317,25021
"311",2020-12-27,332,25353
"312",2020-12-28,541,25894
"313",2020-12-29,442,26336
"314",2020-12-30,441,26777
"315",2020-12-31,373,27150
"316",2021-01-01,306,27456
"317",2021-01-02,452,27908
"318",2021-01-03,346,28254
"319",2021-01-04,608,28862
"320",2021-01-05,566,29428
"321",2021-01-06,498,29926
"322",2021-01-07,430,30356
"323",2021-01-08,529,30885
"324",2021-01-09,352,31237
"325",2021-01-10,307,31544
"326",2021-01-11,494,32038
"327",2021-01-12,453,32491
"328",2021-01-13,397,32888
"329",2021-01-14,349,33237
"330",2021-01-15,369,33606
"331",2021-01-16,243,33849
"332",2021-01-17,172,34021
"333",2021-01-18,253,34274
"334",2021-01-19,316,34590
"335",2021-01-20,297,34887
"336",2021-01-21,231,35118
"337",2021-01-22,247,35365
"338",2021-01-23,226,35591
"339",2021-01-24,177,35768
"340",2021-01-25,248,36016
"341",2021-01-26,241,36257
"342",2021-01-27,202,36459
"343",2021-01-28,156,36615
"344",2021-01-29,168,36783
"345",2021-01-30,129,36912
"346",2021-01-31,143,37055
"347",2021-02-01,193,37248
"348",2021-02-02,153,37401
"349",2021-02-03,169,37570
"350",2021-02-04,140,37710
"351",2021-02-05,121,37831
"352",2021-02-06,84,37915
"353",2021-02-07,72,37987
"354",2021-02-08,138,38125
"355",2021-02-09,114,38239
"356",2021-02-10,129,38368
"357",2021-02-11,90,38458
"358",2021-02-12,97,38555
"359",2021-02-13,74,38629
"360",2021-02-14,53,38682
"361",2021-02-15,83,38765
"362",2021-02-16,81,38846
"363",2021-02-17,60,38906
"364",2021-02-18,67,38973
"365",2021-02-19,63,39036
"366",2021-02-20,60,39096
"367",2021-02-21,43,39139
"368",2021-02-22,65,39204
"369",2021-02-23,55,39259
"370",2021-02-24,60,39319
"371",2021-02-25,39,39358
"372",2021-02-26,46,39404
"373",2021-02-27,43,39447
"374",2021-02-28,42,39489
"375",2021-03-01,55,39544
"376",2021-03-02,50,39594
"377",2021-03-03,53,39647
"378",2021-03-04,51,39698
"379",2021-03-05,43,39741
"380",2021-03-06,33,39774
"381",2021-03-07,23,39797
"382",2021-03-08,40,39837
"383",2021-03-09,48,39885
"384",2021-03-10,47,39932
"385",2021-03-11,26,39958
"386",2021-03-12,38,39996
"387",2021-03-13,36,40032
"388",2021-03-14,27,40059
"389",2021-03-15,39,40098
"390",2021-03-16,53,40151
"391",2021-03-17,34,40185
"392",2021-03-18,31,40216
"393",2021-03-19,40,40256
"394",2021-03-20,25,40281
"395",2021-03-21,34,40315
"396",2021-03-22,44,40359
"397",2021-03-23,50,40409
"398",2021-03-24,59,40468
"399",2021-03-25,49,40517
"400",2021-03-26,41,40558
"401",2021-03-27,34,40592
"402",2021-03-28,25,40617
"403",2021-03-29,45,40662
"404",2021-03-30,42,40704
"405",2021-03-31,46,40750
"406",2021-04-01,31,40781
"407",2021-04-02,41,40822
"408",2021-04-03,42,40864
"409",2021-04-04,25,40889
"410",2021-04-05,42,40931
"411",2021-04-06,42,40973
"412",2021-04-07,49,41022
"413",2021-04-08,45,41067
"414",2021-04-09,39,41106
"415",2021-04-10,38,41144
"416",2021-04-11,30,41174
"417",2021-04-12,54,41228
"418",2021-04-13,43,41271
"419",2021-04-14,45,41316
"420",2021-04-15,38,41354
"421",2021-04-16,38,41392
"422",2021-04-17,30,41422
"423",2021-04-18,23,41445
"424",2021-04-19,30,41475
"425",2021-04-20,33,41508
"426",2021-04-21,32,41540
"427",2021-04-22,30,41570
"428",2021-04-23,26,41596
"429",2021-04-24,25,41621
"430",2021-04-25,13,41634
"431",2021-04-26,36,41670
"432",2021-04-27,30,41700
"433",2021-04-28,35,41735
"434",2021-04-29,27,41762
"435",2021-04-30,28,41790
"436",2021-05-01,14,41804
"437",2021-05-02,29,41833
"438",2021-05-03,16,41849
"439",2021-05-04,24,41873
"440",2021-05-05,25,41898
"441",2021-05-06,28,41926
"442",2021-05-07,18,41944
"443",2021-05-08,14,41958
"444",2021-05-09,11,41969
"445",2021-05-10,29,41998
"446",2021-05-11,19,42017
"447",2021-05-12,18,42035
"448",2021-05-13,9,42044
"449",2021-05-14,18,42062
"450",2021-05-15,10,42072
"451",2021-05-16,16,42088
"452",2021-05-17,11,42099
"453",2021-05-18,26,42125
"454",2021-05-19,12,42137
"455",2021-05-20,7,42144
"456",2021-05-21,14,42158
"457",2021-05-22,13,42171
"458",2021-05-23,10,42181
"459",2021-05-24,17,42198
"460",2021-05-25,10,42208
"461",2021-05-26,10,42218
"462",2021-05-27,8,42226
"463",2021-05-28,9,42235
"464",2021-05-29,6,42241
"465",2021-05-30,8,42249
"466",2021-05-31,8,42257
"467",2021-06-01,16,42273
"468",2021-06-02,16,42289
"469",2021-06-03,10,42299
"470",2021-06-04,12,42311
"471",2021-06-05,11,42322
"472",2021-06-06,10,42332
"473",2021-06-07,17,42349
"474",2021-06-08,16,42365
"475",2021-06-09,12,42377
"476",2021-06-10,16,42393
"477",2021-06-11,7,42400
"478",2021-06-12,14,42414
"479",2021-06-13,6,42420
"480",2021-06-14,14,42434
"481",2021-06-15,14,42448
"482",2021-06-16,13,42461
"483",2021-06-17,17,42478
"484",2021-06-18,6,42484
"485",2021-06-19,12,42496
"486",2021-06-20,16,42512
"487",2021-06-21,27,42539
"488",2021-06-22,16,42555
"489",2021-06-23,13,42568
"490",2021-06-24,16,42584
"491",2021-06-25,26,42610
"492",2021-06-26,18,42628
"493",2021-06-27,20,42648
"494",2021-06-28,28,42676
"495",2021-06-29,35,42711
"496",2021-06-30,32,42743
"497",2021-07-01,37,42780
"498",2021-07-02,26,42806
"499",2021-07-03,35,42841
"500",2021-07-04,25,42866
"501",2021-07-05,34,42900
"502",2021-07-06,51,42951
"503",2021-07-07,75,43026
"504",2021-07-08,54,43080
"505",2021-07-09,49,43129
"506",2021-07-10,43,43172
"507",2021-07-11,51,43223
"508",2021-07-12,81,43304
"509",2021-07-13,94,43398
"510",2021-07-14,71,43469
"511",2021-07-15,99,43568
"512",2021-07-16,104,43672
"513",2021-07-17,53,43725
"514",2021-07-18,71,43796
"515",2021-07-19,113,43909
"516",2021-07-20,142,44051
"517",2021-07-21,118,44169
"518",2021-07-22,91,44260
"519",2021-07-23,112,44372
"520",2021-07-24,104,44476
"521",2021-07-25,115,44591
"522",2021-07-26,164,44755
"523",2021-07-27,150,44905
"524",2021-07-28,151,45056
"525",2021-07-29,149,45205
"526",2021-07-30,128,45333
"527",2021-07-31,127,45460
"528",2021-08-01,157,45617
"529",2021-08-02,183,45800
"530",2021-08-03,178,45978
"531",2021-08-04,193,46171
"532",2021-08-05,177,46348
"533",2021-08-06,175,46523
"534",2021-08-07,153,46676
"535",2021-08-08,128,46804
"536",2021-08-09,193,46997
"537",2021-08-10,177,47174
"538",2021-08-11,178,47352
"539",2021-08-12,170,47522
"540",2021-08-13,149,47671
"541",2021-08-14,117,47788
"542",2021-08-15,119,47907
"543",2021-08-16,189,48096
"544",2021-08-17,184,48280
"545",2021-08-18,157,48437
"546",2021-08-19,164,48601
"547",2021-08-20,134,48735
"548",2021-08-21,113,48848
"549",2021-08-22,95,48943
"550",2021-08-23,175,49118
"551",2021-08-24,140,49258
"552",2021-08-25,150,49408
"553",2021-08-26,123,49531
"554",2021-08-27,130,49661
"555",2021-08-28,77,49738
"556",2021-08-29,74,49812
"557",2021-08-30,114,49926
"558",2021-08-31,129,50055
"559",2021-09-01,112,50167
"560",2021-09-02,120,50287
"561",2021-09-03,100,50387
"562",2021-09-04,96,50483
"563",2021-09-05,50,50533
"564",2021-09-06,70,50603
"565",2021-09-07,132,50735
"566",2021-09-08,98,50833
"567",2021-09-09,106,50939
"568",2021-09-10,121,51060
"569",2021-09-11,70,51130
"570",2021-09-12,73,51203
"571",2021-09-13,110,51313
"572",2021-09-14,91,51404
"573",2021-09-15,101,51505
"574",2021-09-16,83,51588
"575",2021-09-17,79,51667
"576",2021-09-18,55,51722
"577",2021-09-19,52,51774
"578",2021-09-20,98,51872
"579",2021-09-21,86,51958
"580",2021-09-22,69,52027
"581",2021-09-23,71,52098
"582",2021-09-24,75,52173
"583",2021-09-25,60,52233
"584",2021-09-26,64,52297
"585",2021-09-27,69,52366
"586",2021-09-28,76,52442
"587",2021-09-29,45,52487
"588",2021-09-30,61,52548
"589",2021-10-01,49,52597
"590",2021-10-02,40,52637
"591",2021-10-03,41,52678
"592",2021-10-04,68,52746
"593",2021-10-05,60,52806
"594",2021-10-06,47,52853
"595",2021-10-07,49,52902
"596",2021-10-08,40,52942
"597",2021-10-09,29,52971
"598",2021-10-10,32,53003
"599",2021-10-11,42,53045
"600",2021-10-12,47,53092
"601",2021-10-13,52,53144
"602",2021-10-14,51,53195
"603",2021-10-15,49,53244
"604",2021-10-16,43,53287
"605",2021-10-17,52,53339
"606",2021-10-18,49,53388
"607",2021-10-19,66,53454
"608",2021-10-20,61,53515
"609",2021-10-21,70,53585
"610",2021-10-22,47,53632
"611",2021-10-23,51,53683
"612",2021-10-24,39,53722
"613",2021-10-25,74,53796
"614",2021-10-26,60,53856
"615",2021-10-27,72,53928
"616",2021-10-28,56,53984
"617",2021-10-29,45,54029
"618",2021-10-30,44,54073
"619",2021-10-31,39,54112
"620",2021-11-01,58,54170
"621",2021-11-02,65,54235
"622",2021-11-03,72,54307
"623",2021-11-04,65,54372
"624",2021-11-05,56,54428
"625",2021-11-06,44,54472
"626",2021-11-07,37,54509
"627",2021-11-08,60,54569
"628",2021-11-09,76,54645
"629",2021-11-10,47,54692
"630",2021-11-11,54,54746
"631",2021-11-12,47,54793
"632",2021-11-13,49,54842
"633",2021-11-14,38,54880
"634",2021-11-15,54,54934
"635",2021-11-16,52,54986
"636",2021-11-17,64,55050
"637",2021-11-18,69,55119
"638",2021-11-19,60,55179
"639",2021-11-20,47,55226
"640",2021-11-21,35,55261
"641",2021-11-22,54,55315
"642",2021-11-23,57,55372
"643",2021-11-24,52,55424
"644",2021-11-25,31,55455
"645",2021-11-26,49,55504
"646",2021-11-27,63,55567
"647",2021-11-28,58,55625
"648",2021-11-29,94,55719
"649",2021-11-30,100,55819
"650",2021-12-01,105,55924
"651",2021-12-02,80,56004
"652",2021-12-03,83,56087
"653",2021-12-04,62,56149
"654",2021-12-05,53,56202
"655",2021-12-06,94,56296
"656",2021-12-07,75,56371
"657",2021-12-08,91,56462
"658",2021-12-09,71,56533
"659",2021-12-10,88,56621
"660",2021-12-11,57,56678
"661",2021-12-12,78,56756
"662",2021-12-13,116,56872
"663",2021-12-14,160,57032
"664",2021-12-15,165,57197
"665",2021-12-16,143,57340
"666",2021-12-17,199,57539
"667",2021-12-18,186,57725
"668",2021-12-19,241,57966
"669",2021-12-20,469,58435
"670",2021-12-21,554,58989
"671",2021-12-22,625,59614
"672",2021-12-23,692,60306
"673",2021-12-24,574,60880
"674",2021-12-25,438,61318
"675",2021-12-26,1049,62367
"676",2021-12-27,1437,63804
"677",2021-12-28,1559,65363
"678",2021-12-29,1533,66896
"679",2021-12-30,1657,68553
"680",2021-12-31,1041,69594
"681",2022-01-01,902,70496
"682",2022-01-02,1483,71979
"683",2022-01-03,2621,74600
"684",2022-01-04,2756,77356
"685",2022-01-05,2367,79723
"686",2022-01-06,2251,81974
"687",2022-01-07,2516,84490
"688",2022-01-08,1521,86011
"689",2022-01-09,1426,87437
"690",2022-01-10,2622,90059
"691",2022-01-11,2728,92787
"692",2022-01-12,2351,95138
"693",2022-01-13,2080,97218
"694",2022-01-14,1809,99027
"695",2022-01-15,1259,100286
"696",2022-01-16,983,101269
"697",2022-01-17,1552,102821
"698",2022-01-18,1984,104805
"699",2022-01-19,1545,106350
"700",2022-01-20,1435,107785
"701",2022-01-21,1228,109013
"702",2022-01-22,679,109692
"703",2022-01-23,599,110291
"704",2022-01-24,1138,111429
"705",2022-01-25,1018,112447
"706",2022-01-26,858,113305
"707",2022-01-27,689,113994
"708",2022-01-28,604,114598
"709",2022-01-29,362,114960
"710",2022-01-30,342,115302
"711",2022-01-31,581,115883
"712",2022-02-01,518,116401
"713",2022-02-02,475,116876
"714",2022-02-03,377,117253
"715",2022-02-04,355,117608
"716",2022-02-05,235,117843
"717",2022-02-06,191,118034
"718",2022-02-07,350,118384
"719",2022-02-08,295,118679
"720",2022-02-09,217,118896
"721",2022-02-10,193,119089
"722",2022-02-11,185,119274
"723",2022-02-12,121,119395
"724",2022-02-13,92,119487
"725",2022-02-14,229,119716
"726",2022-02-15,169,119885
"727",2022-02-16,144,120029
"728",2022-02-17,122,120151
"729",2022-02-18,94,120245
"730",2022-02-19,65,120310
"731",2022-02-20,41,120351
"732",2022-02-21,75,120426
"733",2022-02-22,94,120520
"734",2022-02-23,97,120617
"735",2022-02-24,94,120711
"736",2022-02-25,92,120803
"737",2022-02-26,63,120866
"738",2022-02-27,55,120921
"739",2022-02-28,110,121031
"740",2022-03-01,101,121132
"741",2022-03-02,72,121204
"742",2022-03-03,88,121292
"743",2022-03-04,75,121367
"744",2022-03-05,58,121425
"745",2022-03-06,54,121479
"746",2022-03-07,86,121565
"747",2022-03-08,77,121642
"748",2022-03-09,81,121723
"749",2022-03-10,59,121782
"750",2022-03-11,60,121842
"751",2022-03-12,50,121892
"752",2022-03-13,35,121927
"753",2022-03-14,81,122008
"754",2022-03-15,73,122081
"755",2022-03-16,52,122133
"756",2022-03-17,63,122196
"757",2022-03-18,50,122246
"758",2022-03-19,35,122281
"759",2022-03-20,37,122318
"760",2022-03-21,61,122379
"761",2022-03-22,159,122538
"762",2022-03-23,79,122617
"763",2022-03-24,82,122699
"764",2022-03-25,52,122751
"765",2022-03-26,56,122807
"766",2022-03-27,60,122867
"767",2022-03-28,110,122977
"768",2022-03-29,115,123092
"769",2022-03-30,96,123188
"770",2022-03-31,104,123292
"771",2022-04-01,114,123406
"772",2022-04-02,63,123469
"773",2022-04-03,96,123565
"774",2022-04-04,146,123711
"775",2022-04-05,142,123853
"776",2022-04-06,122,123975
"777",2022-04-07,108,124083
"778",2022-04-08,122,124205
"779",2022-04-09,107,124312
"780",2022-04-10,93,124405
"781",2022-04-11,170,124575
"782",2022-04-12,189,124764
"783",2022-04-13,157,124921
"784",2022-04-14,155,125076
"785",2022-04-15,165,125241
"786",2022-04-16,137,125378
"787",2022-04-17,100,125478
"788",2022-04-18,245,125723
"789",2022-04-19,236,125959
"790",2022-04-20,237,126196
"791",2022-04-21,219,126415
"792",2022-04-22,205,126620
"793",2022-04-23,168,126788
"794",2022-04-24,162,126950
"795",2022-04-25,313,127263
"796",2022-04-26,269,127532
"797",2022-04-27,275,127807
"798",2022-04-28,240,128047
"799",2022-04-29,246,128293
"800",2022-04-30,201,128494
"801",2022-05-01,221,128715
"802",2022-05-02,372,129087
"803",2022-05-03,325,129412
"804",2022-05-04,348,129760
"805",2022-05-05,326,130086
"806",2022-05-06,346,130432
"807",2022-05-07,233,130665
"808",2022-05-08,286,130951
"809",2022-05-09,469,131420
"810",2022-05-10,434,131854
"811",2022-05-11,391,132245
"812",2022-05-12,405,132650
"813",2022-05-13,410,133060
"814",2022-05-14,294,133354
"815",2022-05-15,324,133678
"816",2022-05-16,537,134215
"817",2022-05-17,555,134770
"818",2022-05-18,502,135272
"819",2022-05-19,434,135706
"820",2022-05-20,482,136188
"821",2022-05-21,324,136512
"822",2022-05-22,316,136828
"823",2022-05-23,584,137412
"824",2022-05-24,588,138000
"825",2022-05-25,539,138539
"826",2022-05-26,472,139011
"827",2022-05-27,396,139407
"828",2022-05-28,257,139664
"829",2022-05-29,278,139942
"830",2022-05-30,257,140199
"831",2022-05-31,700,140899
"832",2022-06-01,560,141459
"833",2022-06-02,490,141949
"834",2022-06-03,388,142337
"835",2022-06-04,285,142622
"836",2022-06-05,320,142942
"837",2022-06-06,525,143467
"838",2022-06-07,490,143957
"839",2022-06-08,424,144381
"840",2022-06-09,398,144779
"841",2022-06-10,392,145171
"842",2022-06-11,259,145430
"843",2022-06-12,226,145656
"844",2022-06-13,476,146132
"845",2022-06-14,441,146573
"846",2022-06-15,390,146963
"847",2022-06-16,407,147370
"848",2022-06-17,370,147740
"849",2022-06-18,307,148047
"850",2022-06-19,269,148316
"851",2022-06-20,464,148780
"852",2022-06-21,514,149294
"853",2022-06-22,497,149791
"854",2022-06-23,414,150205
"855",2022-06-24,355,150560
"856",2022-06-25,340,150900
"857",2022-06-26,278,151178
"858",2022-06-27,516,151694
"859",2022-06-28,478,152172
"860",2022-06-29,464,152636
"861",2022-06-30,386,153022
"862",2022-07-01,421,153443
"863",2022-07-02,278,153721
"864",2022-07-03,265,153986
"865",2022-07-04,308,154294
"866",2022-07-05,531,154825
"867",2022-07-06,490,155315
"868",2022-07-07,412,155727
"869",2022-07-08,347,156074
"870",2022-07-09,295,156369
"871",2022-07-10,246,156615
"872",2022-07-11,488,157103
"873",2022-07-12,405,157508
"874",2022-07-13,403,157911
"875",2022-07-14,345,158256
"876",2022-07-15,306,158562
"877",2022-07-16,236,158798
"878",2022-07-17,245,159043
"879",2022-07-18,376,159419
"880",2022-07-19,378,159797
"881",2022-07-20,301,160098
"882",2022-07-21,300,160398
"883",2022-07-22,305,160703
"884",2022-07-23,236,160939
"885",2022-07-24,188,161127
"886",2022-07-25,341,161468
"887",2022-07-26,373,161841
"888",2022-07-27,291,162132
"889",2022-07-28,250,162382
"890",2022-07-29,260,162642
"891",2022-07-30,177,162819
"892",2022-07-31,179,162998
"893",2022-08-01,256,163254
"894",2022-08-02,293,163547
"895",2022-08-03,260,163807
"896",2022-08-04,193,164000
"897",2022-08-05,228,164228
"898",2022-08-06,175,164403
"899",2022-08-07,140,164543
"900",2022-08-08,263,164806
"901",2022-08-09,222,165028
"902",2022-08-10,198,165226
"903",2022-08-11,200,165426
"904",2022-08-12,165,165591
"905",2022-08-13,129,165720
"906",2022-08-14,111,165831
"907",2022-08-15,210,166041
"908",2022-08-16,207,166248
"909",2022-08-17,166,166414
"910",2022-08-18,105,166519
"911",2022-08-19,184,166703
"912",2022-08-20,118,166821
"913",2022-08-21,101,166922
"914",2022-08-22,169,167091
"915",2022-08-23,149,167240
"916",2022-08-24,131,167371
"917",2022-08-25,117,167488
"918",2022-08-26,131,167619
"919",2022-08-27,96,167715
"920",2022-08-28,97,167812
"921",2022-08-29,156,167968
"922",2022-08-30,109,168077
"923",2022-08-31,107,168184
"924",2022-09-01,109,168293
"925",2022-09-02,100,168393
"926",2022-09-03,83,168476
"927",2022-09-04,68,168544
"928",2022-09-05,64,168608
"929",2022-09-06,122,168730
"930",2022-09-07,109,168839
"931",2022-09-08,110,168949
"932",2022-09-09,89,169038
"933",2022-09-10,56,169094
"934",2022-09-11,75,169169
"935",2022-09-12,114,169283
"936",2022-09-13,97,169380
"937",2022-09-14,87,169467
"938",2022-09-15,82,169549
"939",2022-09-16,93,169642
"940",2022-09-17,70,169712
"941",2022-09-18,64,169776
"942",2022-09-19,111,169887
"943",2022-09-20,102,169989
"944",2022-09-21,87,170076
"945",2022-09-22,77,170153
"946",2022-09-23,71,170224
"947",2022-09-24,77,170301
"948",2022-09-25,76,170377
"949",2022-09-26,134,170511
"950",2022-09-27,94,170605
"951",2022-09-28,71,170676
"952",2022-09-29,81,170757
"953",2022-09-30,84,170841
"954",2022-10-01,66,170907
"955",2022-10-02,47,170954
"956",2022-10-03,121,171075
"957",2022-10-04,81,171156
"958",2022-10-05,91,171247
"959",2022-10-06,79,171326
"960",2022-10-07,71,171397
"961",2022-10-08,70,171467
"962",2022-10-09,49,171516
"963",2022-10-10,112,171628
"964",2022-10-11,86,171714
"965",2022-10-12,79,171793
"966",2022-10-13,76,171869
"967",2022-10-14,97,171966
"968",2022-10-15,49,172015
"969",2022-10-16,59,172074
"970",2022-10-17,102,172176
"971",2022-10-18,67,172243
"972",2022-10-19,78,172321
"973",2022-10-20,69,172390
"974",2022-10-21,71,172461
"975",2022-10-22,46,172507
"976",2022-10-23,57,172564
"977",2022-10-24,91,172655
"978",2022-10-25,62,172717
"979",2022-10-26,74,172791
"980",2022-10-27,89,172880
"981",2022-10-28,87,172967
"982",2022-10-29,56,173023
"983",2022-10-30,56,173079
"984",2022-10-31,93,173172
"985",2022-11-01,103,173275
"986",2022-11-02,80,173355
"987",2022-11-03,65,173420
"988",2022-11-04,99,173519
"989",2022-11-05,71,173590
"990",2022-11-06,59,173649
"991",2022-11-07,104,173753
"992",2022-11-08,95,173848
"993",2022-11-09,95,173943
"994",2022-11-10,107,174050
"995",2022-11-11,92,174142
"996",2022-11-12,70,174212
"997",2022-11-13,65,174277
"998",2022-11-14,132,174409
"999",2022-11-15,142,174551
"1000",2022-11-16,114,174665
"1001",2022-11-17,109,174774
"1002",2022-11-18,97,174871
"1003",2022-11-19,56,174927
"1004",2022-11-20,83,175010
"1005",2022-11-21,151,175161
"1006",2022-11-22,126,175287
"1007",2022-11-23,134,175421
"1008",2022-11-24,57,175478
"1009",2022-11-25,137,175615
"1010",2022-11-26,177,175792
"1011",2022-11-27,151,175943
"1012",2022-11-28,317,176260
"1013",2022-11-29,243,176503
"1014",2022-11-30,190,176693
"1015",2022-12-01,191,176884
"1016",2022-12-02,167,177051
"1017",2022-12-03,125,177176
"1018",2022-12-04,125,177301
"1019",2022-12-05,206,177507
"1020",2022-12-06,218,177725
"1021",2022-12-07,194,177919
"1022",2022-12-08,156,178075
"1023",2022-12-09,159,178234
"1024",2022-12-10,113,178347
"1025",2022-12-11,114,178461
"1026",2022-12-12,202,178663
"1027",2022-12-13,163,178826
"1028",2022-12-14,127,178953
"1029",2022-12-15,151,179104
"1030",2022-12-16,133,179237
"1031",2022-12-17,83,179320
"1032",2022-12-18,94,179414
"1033",2022-12-19,182,179596
"1034",2022-12-20,181,179777
"1035",2022-12-21,132,179909
"1036",2022-12-22,146,180055
"1037",2022-12-23,118,180173
"1038",2022-12-24,65,180238
"1039",2022-12-25,66,180304
"1040",2022-12-26,122,180426
"1041",2022-12-27,183,180609
"1042",2022-12-28,148,180757
"1043",2022-12-29,126,180883
"1044",2022-12-30,92,180975
"1045",2022-12-31,44,181019
"1046",2023-01-01,51,181070
"1047",2023-01-02,93,181163
"1048",2023-01-03,153,181316
"1049",2023-01-04,78,181394
"1050",2023-01-05,80,181474
"1051",2023-01-06,104,181578
"1052",2023-01-07,49,181627
"1053",2023-01-08,41,181668
"1054",2023-01-09,96,181764
"1055",2023-01-10,76,181840
"1056",2023-01-11,68,181908
"1057",2023-01-12,52,181960
"1058",2023-01-13,58,182018
"1059",2023-01-14,55,182073
"1060",2023-01-15,26,182099
"1061",2023-01-16,45,182144
"1062",2023-01-17,57,182201
"1063",2023-01-18,55,182256
"1064",2023-01-19,52,182308
"1065",2023-01-20,50,182358
"1066",2023-01-21,26,182384
"1067",2023-01-22,29,182413
"1068",2023-01-23,77,182490
"1069",2023-01-24,72,182562
"1070",2023-01-25,58,182620
"1071",2023-01-26,75,182695
"1072",2023-01-27,69,182764
"1073",2023-01-28,31,182795
"1074",2023-01-29,36,182831
"1075",2023-01-30,78,182909
"1076",2023-01-31,82,182991
"1077",2023-02-01,61,183052
"1078",2023-02-02,90,183142
"1079",2023-02-03,61,183203
"1080",2023-02-04,61,183264
"1081",2023-02-05,63,183327
"1082",2023-02-06,94,183421
"1083",2023-02-07,83,183504
"1084",2023-02-08,60,183564
"1085",2023-02-09,69,183633
"1086",2023-02-10,73,183706
"1087",2023-02-11,55,183761
"1088",2023-02-12,42,183803
"1089",2023-02-13,97,183900
"1090",2023-02-14,45,183945
"1091",2023-02-15,51,183996
"1092",2023-02-16,5,184001
